0.696276 0.432652 0.195780 0.192565
0.684255 0.422038 0.086177 0.199109
0.659984 0.403756 0.009958 0.205021
0.623276 0.380117 0.000001 0.203566
0.574293 0.351497 0.000001 0.195085
0.514016 0.319840 0.000001 0.181015
0.444432 0.288534 0.000001 0.162938
0.368413 0.260931 0.000001 0.142604
0.289562 0.239407 0.000001 0.121881
0.212116 0.225180 0.000001 0.102744
0.140793 0.218464 0.000001 0.087209
0.080371 0.218710 0.000001 0.077184
0.035071 0.225042 0.000001 0.074262
0.007895 0.236832 0.000001 0.079524
0.000001 0.254160 0.000001 0.093346
0.000001 0.277926 0.000001 0.115242
0.000001 0.308437 0.000001 0.144239
0.007821 0.344549 0.000001 0.179154
0.028589 0.384540 0.000001 0.218369
0.057642 0.426718 0.000001 0.259846
0.090292 0.469170 0.000001 0.301499
0.122550 0.509751 0.000001 0.341493
0.151496 0.546357 0.000001 0.378434
0.175349 0.577368 0.000001 0.411444
0.193329 0.601956 0.000001 0.440115
0.205435 0.620150 0.000001 0.464400
0.212187 0.632616 0.000001 0.484478
0.214364 0.640284 0.000001 0.500644
0.212811 0.644028 0.000001 0.513224
0.208326 0.644549 0.000001 0.522530
0.201634 0.642390 0.000001 0.528827
0.193379 0.637997 0.000001 0.532316
0.184124 0.631758 0.000001 0.533132
0.174341 0.624011 0.000001 0.531350
0.164405 0.615040 0.000001 0.527001
0.154604 0.605087 0.000001 0.520070
0.145155 0.594370 0.000001 0.510497
0.136215 0.583089 0.000001 0.498177
0.127902 0.571439 0.000001 0.482956
0.120303 0.559614 0.000001 0.464628
0.113498 0.547815 0.000001 0.442922
0.107566 0.536264 0.000001 0.417487
0.102606 0.525217 0.000001 0.387878
0.098744 0.514964 0.005122 0.353554
0.096139 0.505573 0.042290 0.314544
0.094977 0.496006 0.099710 0.273656
0.095462 0.485003 0.168381 0.233875
0.097801 0.471556 0.242351 0.197255
0.102194 0.455031 0.317960 0.164859
0.108820 0.435116 0.393068 0.137050
0.117826 0.411728 0.466464 0.113791
0.129316 0.384946 0.537419 0.094855
0.143331 0.354957 0.605358 0.079962
0.159838 0.322035 0.669627 0.068857
0.178705 0.286544 0.729327 0.061354
0.199698 0.248951 0.783203 0.057362
0.222465 0.209873 0.829583 0.056900
0.246535 0.170130 0.866371 0.060102
0.271320 0.130793 0.891081 0.067223
0.296122 0.093234 0.900924 0.078633
0.320150 0.059153 0.892946 0.094804
0.342561 0.030599 0.864193 0.116285
0.362514 0.009971 0.811904 0.143651
0.379266 0.000001 0.733686 0.177423
0.392275 0.000001 0.627626 0.217929
0.401223 0.000001 0.492275 0.265071
0.405730 0.000001 0.326451 0.317894
0.405360 0.000001 0.131803 0.373576
0.399642 0.000001 0.000001 0.424634
0.388093 0.000001 0.000001 0.461527
0.370272 0.000001 0.000001 0.486664
0.345858 0.000001 0.000001 0.501911
0.314756 0.000001 0.000001 0.508681
0.277236 0.000001 0.000001 0.508041
0.234125 0.000001 0.000001 0.500849
0.187004 0.000001 0.000001 0.487900
0.138322 0.000001 0.000001 0.470033
0.091338 0.000001 0.000001 0.448152
0.049894 0.000001 0.000001 0.423189
0.018152 0.000001 0.000001 0.396070
0.000276 0.000001 0.000001 0.367667
0.000001 0.000001 0.000001 0.338658
0.000001 0.000001 0.000001 0.309304
0.000001 0.000001 0.000001 0.280042
0.000001 0.000001 0.000001 0.251442
0.000001 0.000001 0.000001 0.224151
0.000001 0.000001 0.000001 0.198782
0.000001 0.000001 0.000001 0.175807
0.000001 0.000001 0.000001 0.155516
0.000001 0.000001 0.000001 0.138028
0.000001 0.000001 0.000001 0.123332
0.000001 0.000001 0.000001 0.111326
0.000001 0.000001 0.000001 0.101847
0.000001 0.000001 0.000001 0.094704
0.000001 0.000001 0.000001 0.089686
0.000001 0.000001 0.000001 0.086559
0.000001 0.000001 0.000001 0.085029
0.000001 0.000001 0.000001 0.084715
0.000001 0.000001 0.000001 0.085113
0.000001 0.000001 0.000001 0.085640
