0.059585 0.051383 0.044490 0.038723 0.033938 0.030107 0.027125 0.024853 0.023173 0.021977 0.021172 0.020673 0.020406 0.020305 0.020312 0.020376 0.020450 0.020495 0.020472 0.020352 0.020103 0.019702 0.019123 0.018347 0.017354 0.016126 0.014649 0.012907 0.010887 0.008576 0.005964 0.003039 0.000001 0.000001 0.000001 0.000001 0.000001 0.000001 0.000001 0.000001 0.000001 0.000001 0.000001 0.000001 0.000001 0.000001 0.000001 0.000001 0.000001 0.000001
0.062090 0.053616 0.046316 0.040257 0.035309 0.031377 0.028317 0.025992 0.024278 0.023064 0.022253 0.021758 0.021503 0.021422 0.021456 0.021551 0.021663 0.021749 0.021773 0.021703 0.021510 0.021168 0.020653 0.019945 0.019024 0.017872 0.016475 0.014817 0.012885 0.010667 0.008151 0.005326 0.002184 0.000001 0.000001 0.000001 0.000001 0.000001 0.000001 0.000001 0.000001 0.000001 0.000001 0.000001 0.000001 0.000001 0.000001 0.000001 0.000001 0.000001
0.068711 0.057576 0.049391 0.042915 0.037756 0.033686 0.030534 0.028150 0.026403 0.025177 0.024371 0.023897 0.023677 0.023643 0.023734 0.023897 0.024085 0.024258 0.024377 0.024411 0.024330 0.024108 0.023722 0.023150 0.022373 0.021374 0.020137 0.018648 0.016893 0.014859 0.012536 0.009913 0.006979 0.003827 0.001142 0.000001 0.000001 0.000001 0.000001 0.000001 0.000001 0.000001 0.000001 0.000001 0.000001 0.000001 0.000001 0.000001 0.000001 0.000001
0.068039 0.060219 0.052516 0.046020 0.040786 0.036660 0.033475 0.031078 0.029336 0.028132 0.027364 0.026943 0.026791 0.026839 0.027025 0.027297 0.027608 0.027915 0.028181 0.028374 0.028464 0.028425 0.028233 0.027867 0.027308 0.026539 0.025543 0.024307 0.022817 0.021061 0.019028 0.016706 0.014087 0.011168 0.008070 0.005051 0.002541 0.000311 0.000001 0.000001 0.000001 0.000001 0.000001 0.000001 0.000001 0.000001 0.000001 0.000001 0.000001 0.000001
0.077054 0.064564 0.055972 0.049354 0.044140 0.040053 0.036909 0.034557 0.032867 0.031727 0.031037 0.030709 0.030665 0.030836 0.031162 0.031590 0.032071 0.032564 0.033031 0.033440 0.033762 0.033969 0.034038 0.033949 0.033681 0.033219 0.032546 0.031648 0.030511 0.029125 0.027477 0.025557 0.023357 0.020867 0.018096 0.015101 0.012030 0.008974 0.006173 0.003818 0.001678 0.000001 0.000001 0.000001 0.000001 0.000001 0.000001 0.000001 0.000001 0.000001
0.072816 0.066067 0.058963 0.052789 0.047739 0.043740 0.040665 0.038385 0.036779 0.035738 0.035164 0.034969 0.035076 0.035416 0.035929 0.036560 0.037263 0.037995 0.038719 0.039403 0.040016 0.040533 0.040930 0.041186 0.041283 0.041203 0.040931 0.040454 0.039758 0.038831 0.037664 0.036245 0.034566 0.032619 0.030396 0.027904 0.025174 0.022260 0.019225 0.016197 0.013215 0.010272 0.007730 0.005538 0.003524 0.001611 0.000001 0.000001 0.000001 0.000001
0.082220 0.071263 0.063157 0.056704 0.051571 0.047569 0.044539 0.042339 0.040841 0.039934 0.039515 0.039496 0.039799 0.040354 0.041101 0.041986 0.042961 0.043985 0.045020 0.046034 0.046998 0.047885 0.048673 0.049342 0.049873 0.050248 0.050455 0.050478 0.050305 0.049926 0.049331 0.048509 0.047451 0.046151 0.044601 0.042796 0.040737 0.038438 0.035922 0.033229 0.030409 0.027488 0.024535 0.021649 0.018839 0.016084 0.013372 0.011024 0.009028 0.007225
0.084366 0.074995 0.066898 0.060336 0.055161 0.051198 0.048261 0.046191 0.044853 0.044128 0.043912 0.044116 0.044661 0.045478 0.046505 0.047690 0.048985 0.050349 0.051745 0.053141 0.054509 0.055824 0.057063 0.058205 0.059234 0.060133 0.060889 0.061487 0.061917 0.062168 0.062231 0.062096 0.061757 0.061205 0.060434 0.059438 0.058212 0.056757 0.055077 0.053184 0.051096 0.048836 0.046428 0.043916 0.041337 0.038715 0.036058 0.033416 0.030883 0.028466
0.088021 0.077447 0.069397 0.063080 0.058142 0.054401 0.051683 0.049835 0.048725 0.048239 0.048276 0.048748 0.049577 0.050695 0.052042 0.053567 0.055222 0.056968 0.058769 0.060593 0.062412 0.064203 0.065944 0.067616 0.069201 0.070685 0.072053 0.073296 0.074400 0.075358 0.076160 0.076798 0.077266 0.077557 0.077665 0.077586 0.077314 0.076847 0.076183 0.075324 0.074275 0.073046 0.071648 0.070098 0.068420 0.066634 0.064761 0.062817 0.060843 0.058872
0.086338 0.078018 0.070992 0.065291 0.060781 0.057368 0.054939 0.053364 0.052525 0.052314 0.052635 0.053404 0.054545 0.055993 0.057690 0.059584 0.061631 0.063791 0.066031 0.068319 0.070629 0.072938 0.075225 0.077472 0.079664 0.081785 0.083825 0.085772 0.087616 0.089349 0.090963 0.092452 0.093810 0.095032 0.096114 0.097050 0.097839 0.098477 0.098962 0.099294 0.099473 0.099503 0.099388 0.099137 0.098760 0.098272 0.097685 0.097015 0.096281 0.095504
0.088733 0.080250 0.073377 0.067895 0.063634 0.060452 0.058265 0.056944 0.056370 0.056436 0.057050 0.058127 0.059594 0.061388 0.063451 0.065734 0.068194 0.070792 0.073496 0.076276 0.079107 0.081967 0.084837 0.087699 0.090539 0.093344 0.096103 0.098807 0.101447 0.104017 0.106509 0.108919 0.111243 0.113476 0.115616 0.117660 0.119607 0.121455 0.123203 0.124852 0.126401 0.127854 0.129212 0.130481 0.131666 0.132776 0.133821 0.134810 0.135758 0.136677
0.092753 0.083587 0.076371 0.070847 0.066706 0.063704 0.061716 0.060624 0.060301 0.060639 0.061543 0.062931 0.064730 0.066877 0.069316 0.072001 0.074888 0.077940 0.081127 0.084420 0.087796 0.091233 0.094713 0.098222 0.101745 0.105271 0.108792 0.112298 0.115782 0.119240 0.122667 0.126060 0.129414 0.132730 0.136005 0.139239 0.142432 0.145585 0.148698 0.151774 0.154815 0.157824 0.160804 0.163760 0.166697 0.169622 0.172543 0.175467 0.178406 0.181368
0.094810 0.085456 0.078582 0.073411 0.069593 0.066893 0.065157 0.064316 0.064257 0.064874 0.066075 0.067778 0.069914 0.072421 0.075245 0.078339 0.081664 0.085183 0.088867 0.092689 0.096627 0.100661 0.104775 0.108954 0.113188 0.117466 0.121780 0.126125 0.130494 0.134885 0.139294 0.143720 0.148162 0.152620 0.157096 0.161590 0.166106 0.170647 0.175215 0.179815 0.184452 0.189130 0.193855 0.198634 0.203472 0.208378 0.213358 0.218420 0.223574 0.228828
0.092295 0.085787 0.080063 0.075545 0.072199 0.069896 0.068499 0.067942 0.068169 0.069080 0.070589 0.072618 0.075098 0.077972 0.081188 0.084701 0.088471 0.092466 0.096658 0.101020 0.105533 0.110178 0.114942 0.119811 0.124775 0.129828 0.134961 0.140172 0.145457 0.150813 0.156241 0.161742 0.167315 0.172965 0.178694 0.184507 0.190409 0.196404 0.202500 0.208704 0.215021 0.221460 0.228030 0.234737 0.241591 0.248599 0.255771 0.263113 0.270636 0.278345
0.095604 0.087703 0.081962 0.077724 0.074726 0.072785 0.071750 0.071503 0.072023 0.073237 0.075060 0.077420 0.080251 0.083497 0.087109 0.091044 0.095265 0.099741 0.104445 0.109354 0.114450 0.119716 0.125139 0.130708 0.136417 0.142258 0.148227 0.154322 0.160542 0.166887 0.173359 0.179961 0.186697 0.193571 0.200591 0.207763 0.215094 0.222592 0.230267 0.238128 0.246185 0.254447 0.262925 0.271628 0.280566 0.289747 0.299180 0.308872 0.318830 0.329057
0.096051 0.089385 0.083926 0.079939 0.077242 0.075634 0.074950 0.075050 0.075858 0.077368 0.079503 0.082190 0.085369 0.088984 0.092989 0.097344 0.102014 0.106970 0.112186 0.117642 0.123321 0.129208 0.135292 0.141565 0.148020 0.154654 0.161464 0.168449 0.175612 0.182954 0.190480 0.198195 0.206106 0.214221 0.222547 0.231095 0.239874 0.248896 0.258170 0.267710 0.277525 0.287627 0.298027 0.308733 0.319755 0.331099 0.342771 0.354775 0.367113 0.379781
0.099971 0.091129 0.085701 0.082054 0.079721 0.078473 0.078144 0.078601 0.079737 0.081523 0.083951 0.086950 0.090461 0.094432 0.098818 0.103582 0.108690 0.114115 0.119834 0.125828 0.132081 0.138581 0.145318 0.152286 0.159480 0.166898 0.174540 0.182407 0.190504 0.198835 0.207406 0.216225 0.225302 0.234646 0.244268 0.254179 0.264391 0.274916 0.285767 0.296954 0.308487 0.320378 0.332633 0.345259 0.358257 0.371632 0.385384 0.399507 0.413990 0.428822
0.093079 0.090825 0.087096 0.084136 0.082252 0.081382 0.081407 0.082208 0.083684 0.085760 0.088448 0.091730 0.095547 0.099849 0.104594 0.109745 0.115272 0.121147 0.127350 0.133863 0.140671 0.147763 0.155132 0.162772 0.170682 0.178859 0.187308 0.196030 0.205032 0.214321 0.223905 0.233793 0.243997 0.254527 0.265396 0.276614 0.288195 0.300149 0.312485 0.325211 0.338334 0.351860 0.365786 0.380109 0.394825 0.409931 0.425414 0.441247 0.457408 0.473889
0.105522 0.094783 0.089645 0.086685 0.085063 0.084495 0.084822 0.085928 0.087714 0.090098 0.093033 0.096559 0.100646 0.105247 0.110320 0.115829 0.121744 0.128041 0.134698 0.141698 0.149027 0.156677 0.164641 0.172915 0.181498 0.190392 0.199600 0.209128 0.218982 0.229171 0.239704 0.250591 0.261844 0.273473 0.285488 0.297898 0.310713 0.323938 0.337574 0.351622 0.366083 0.380949 0.396198 0.411819 0.427805 0.444149 0.460792 0.477700 0.494867 0.512298
0.094662 0.094579 0.091822 0.089503 0.088170 0.087832 0.088396 0.089753 0.091809 0.094478 0.097695 0.101437 0.105756 0.110618 0.115983 0.121814 0.128081 0.134758 0.141825 0.149266 0.157069 0.165224 0.173728 0.182577 0.191772 0.201315 0.211212 0.221468 0.232090 0.243085 0.254464 0.266235 0.278407 0.290985 0.303974 0.317379 0.331200 0.345427 0.360050 0.375065 0.390468 0.406207 0.422256 0.438615 0.455286 0.472228 0.489340 0.506657 0.524193 0.541956
0.110465 0.100582 0.095597 0.092795 0.091439 0.091227 0.091979 0.093558 0.095860 0.098796 0.102296 0.106307 0.110828 0.115914 0.121530 0.127638 0.134206 0.141209 0.148627 0.156445 0.164653 0.173242 0.182209 0.191551 0.201271 0.211372 0.221856 0.232729 0.243995 0.255661 0.267732 0.280215 0.293107 0.306403 0.320103 0.334209 0.348692 0.363524 0.378700 0.394222 0.410049 0.426103 0.442411 0.458986 0.475833 0.492950 0.510308 0.527889 0.545688 0.563704
0.105729 0.101490 0.097727 0.095350 0.094273 0.094312 0.095311 0.097142 0.099702 0.102907 0.106688 0.110989 0.115771 0.121042 0.126857 0.133179 0.139978 0.147232 0.154923 0.163035 0.171560 0.180490 0.189821 0.199553 0.209686 0.220221 0.231157 0.242495 0.254235 0.266381 0.278936 0.291890 0.305221 0.318922 0.332995 0.347429 0.362145 0.377155 0.392467 0.408086 0.424009 0.440210 0.456674 0.473396 0.490374 0.507607 0.525088 0.542805 0.560748 0.578911
0.107296 0.101870 0.098825 0.097113 0.096520 0.096933 0.098249 0.100369 0.103208 0.106689 0.110751 0.115338 0.120397 0.125887 0.131822 0.138272 0.145212 0.152624 0.160490 0.168796 0.177531 0.186689 0.196266 0.206259 0.216666 0.227480 0.238693 0.250301 0.262303 0.274697 0.287482 0.300606 0.314063 0.327856 0.341988 0.356455 0.371243 0.386332 0.401716 0.417391 0.433354 0.449598 0.466112 0.482887 0.499915 0.517192 0.534712 0.552469 0.570456 0.588664
0.103360 0.102042 0.099997 0.098746 0.098506 0.099235 0.100845 0.103244 0.106352 0.110099 0.114426 0.119272 0.124558 0.130234 0.136290 0.142766 0.149747 0.157212 0.165143 0.173527 0.182353 0.191613 0.201299 0.211407 0.221927 0.232837 0.244131 0.255805 0.267854 0.280272 0.293057 0.306198 0.319677 0.333486 0.347620 0.362075 0.376843 0.391916 0.407283 0.422938 0.438873 0.455083 0.471561 0.488299 0.505290 0.522527 0.540004 0.557715 0.575653 0.593813
0.113624 0.105624 0.102072 0.100579 0.100439 0.101367 0.103201 0.105831 0.109170 0.113147 0.117704 0.122729 0.128149 0.133948 0.140111 0.146634 0.153554 0.160960 0.168843 0.177188 0.185983 0.195214 0.204871 0.214944 0.225425 0.236302 0.247564 0.259202 0.271207 0.283573 0.296294 0.309361 0.322767 0.336501 0.350556 0.364924 0.379598 0.394572 0.409838 0.425388 0.441215 0.457311 0.473672 0.490289 0.507157 0.524268 0.541616 0.559195 0.576998 0.595020
0.105981 0.104773 0.102954 0.102029 0.102176 0.103315 0.105340 0.108152 0.111670 0.115829 0.120551 0.125693 0.131217 0.137107 0.143346 0.149924 0.156841 0.164127 0.171864 0.180072 0.188731 0.197830 0.207355 0.217297 0.227644 0.238386 0.249514 0.261016 0.272884 0.285108 0.297682 0.310596 0.323843 0.337416 0.351305 0.365503 0.380003 0.394797 0.409879 0.425240 0.440875 0.456775 0.472935 0.489347 0.506005 0.522903 0.540034 0.557391 0.574970 0.592763
0.111629 0.106494 0.104219 0.103427 0.103755 0.105052 0.107213 0.110151 0.113795 0.118081 0.122913 0.128143 0.133745 0.139700 0.145993 0.152610 0.159541 0.166788 0.174376 0.182366 0.190817 0.199703 0.209016 0.218743 0.228874 0.239398 0.250305 0.261584 0.273227 0.285224 0.297565 0.310244 0.323251 0.336578 0.350218 0.364162 0.378403 0.392934 0.407748 0.422836 0.438192 0.453809 0.469681 0.485800 0.502160 0.518755 0.535577 0.552621 0.569881 0.587349
0.108066 0.106688 0.105256 0.104682 0.105098 0.106460 0.108688 0.111699 0.115420 0.119791 0.124705 0.130008 0.135672 0.141679 0.148010 0.154652 0.161592 0.168823 0.176345 0.184175 0.192359 0.200969 0.210005 0.219447 0.229291 0.239523 0.250134 0.261113 0.272452 0.284140 0.296169 0.308530 0.321215 0.334214 0.347521 0.361128 0.375025 0.389207 0.403665 0.418393 0.433382 0.448626 0.464119 0.479852 0.495821 0.512016 0.528433 0.545065 0.561904 0.578945
0.113892 0.109046 0.106558 0.105641 0.105958 0.107315 0.109576 0.112637 0.116415 0.120845 0.125836 0.131212 0.136938 0.142991 0.149355 0.156013 0.162954 0.170168 0.177647 0.185391 0.193413 0.201745 0.210430 0.219530 0.229023 0.238894 0.249140 0.259747 0.270707 0.282010 0.293648 0.305612 0.317892 0.330481 0.343370 0.356552 0.370019 0.383763 0.397775 0.412049 0.426578 0.441353 0.456369 0.471618 0.487093 0.502787 0.518693 0.534804 0.551114 0.567615
0.112528 0.108489 0.106255 0.105489 0.105928 0.107388 0.109736 0.112871 0.116711 0.121194 0.126256 0.131715 0.137505 0.143606 0.149999 0.156670 0.163605 0.170794 0.178228 0.185902 0.193815 0.201975 0.210400 0.219129 0.228190 0.237636 0.247450 0.257611 0.268116 0.278958 0.290126 0.301610 0.313401 0.325493 0.337877 0.350545 0.363488 0.376698 0.390168 0.403889 0.417855 0.432059 0.446492 0.461148 0.476019 0.491097 0.506376 0.521847 0.537504 0.553341
0.108205 0.105816 0.104562 0.104340 0.105095 0.106750 0.109226 0.112444 0.116340 0.120857 0.125949 0.131494 0.137349 0.143495 0.149913 0.156589 0.163511 0.170666 0.178046 0.185644 0.193455 0.201478 0.209717 0.218184 0.226901 0.235898 0.245199 0.254823 0.264800 0.275103 0.285714 0.296626 0.307839 0.319343 0.331128 0.343184 0.355502 0.368074 0.380894 0.393954 0.407247 0.420765 0.434499 0.448441 0.462584 0.476919 0.491440 0.506137 0.521005 0.536037
0.105085 0.103952 0.103080 0.103057 0.103945 0.105690 0.108221 0.111468 0.115371 0.119876 0.124942 0.130516 0.136425 0.142604 0.149035 0.155705 0.162600 0.169708 0.177021 0.184529 0.192227 0.200110 0.208177 0.216430 0.224877 0.233529 0.242407 0.251526 0.260913 0.270580 0.280521 0.290767 0.301309 0.312128 0.323209 0.334542 0.346119 0.357936 0.369990 0.382270 0.394768 0.407474 0.420379 0.433473 0.446750 0.460200 0.473816 0.487592 0.501519 0.515594
0.108760 0.104124 0.102237 0.101875 0.102622 0.104291 0.106766 0.109959 0.113802 0.118237 0.123219 0.128709 0.134634 0.140825 0.147252 0.153898 0.160748 0.167791 0.175017 0.182416 0.189982 0.197709 0.205592 0.213630 0.221823 0.230176 0.238696 0.247393 0.256281 0.265376 0.274686 0.284221 0.293999 0.304018 0.314270 0.324745 0.335446 0.346389 0.357555 0.368928 0.380497 0.392253 0.404184 0.416284 0.428542 0.440953 0.453508 0.466204 0.479035 0.491997
0.103896 0.101788 0.100404 0.100052 0.100712 0.102287 0.104672 0.107775 0.111518 0.115841 0.120692 0.126033 0.131828 0.137998 0.144397 0.150994 0.157777 0.164731 0.171846 0.179113 0.186522 0.194067 0.201742 0.209545 0.217471 0.225521 0.233695 0.241999 0.250439 0.259022 0.267758 0.276654 0.285721 0.294966 0.304393 0.313998 0.323780 0.333747 0.343901 0.354232 0.364731 0.375389 0.386197 0.397147 0.408232 0.419449 0.430794 0.442264 0.453859 0.465576
0.100976 0.098917 0.097481 0.097113 0.097773 0.099338 0.101688 0.104726 0.108372 0.112563 0.117251 0.122397 0.127970 0.133939 0.140237 0.146771 0.153452 0.160284 0.167262 0.174365 0.181585 0.188918 0.196357 0.203894 0.211525 0.219246 0.227056 0.234957 0.242950 0.251036 0.259220 0.267507 0.275903 0.284415 0.293047 0.301802 0.310680 0.319682 0.328812 0.338068 0.347447 0.356943 0.366552 0.376272 0.386102 0.396043 0.406098 0.416271 0.426564 0.436978
0.100213 0.094816 0.092967 0.092773 0.093644 0.095340 0.097735 0.100739 0.104287 0.108326 0.112812 0.117711 0.122998 0.128650 0.134642 0.140929 0.147444 0.154141 0.160942 0.167834 0.174827 0.181916 0.189083 0.196316 0.203612 0.210969 0.218385 0.225855 0.233377 0.240946 0.248566 0.256238 0.263965 0.271751 0.279599 0.287511 0.295487 0.303526 0.311630 0.319800 0.328035 0.336338 0.344712 0.353166 0.361711 0.370357 0.379116 0.387994 0.396998 0.406135
0.084120 0.086143 0.086711 0.087453 0.088721 0.090570 0.092975 0.095896 0.099288 0.103112 0.107331 0.111916 0.116842 0.122091 0.127646 0.133488 0.139590 0.145913 0.152414 0.159045 0.165787 0.172603 0.179441 0.186316 0.193231 0.200187 0.207176 0.214178 0.221187 0.228203 0.235226 0.242257 0.249299 0.256348 0.263403 0.270461 0.277521 0.284584 0.291649 0.298719 0.305800 0.312905 0.320053 0.327273 0.334589 0.342018 0.349576 0.357272 0.365112 0.373107
0.084549 0.082450 0.082144 0.082628 0.083732 0.085407 0.087609 0.090291 0.093407 0.096914 0.100777 0.104963 0.109447 0.114210 0.119234 0.124508 0.130017 0.135744 0.141666 0.147755 0.153982 0.160325 0.166740 0.173202 0.179705 0.186245 0.192759 0.199229 0.205670 0.212086 0.218477 0.224846 0.231188 0.237484 0.243726 0.249912 0.256044 0.262121 0.268146 0.274128 0.280091 0.286068 0.292112 0.298265 0.304552 0.310990 0.317588 0.324351 0.331284 0.338415
0.080442 0.079353 0.078276 0.078000 0.078530 0.079751 0.081556 0.083859 0.086587 0.089686 0.093109 0.096820 0.100788 0.104989 0.109405 0.114023 0.118829 0.123815 0.128968 0.134274 0.139717 0.145281 0.150944 0.156682 0.162476 0.168315 0.174178 0.180025 0.185842 0.191625 0.197374 0.203089 0.208725 0.214233 0.219635 0.224940 0.230151 0.235270 0.240304 0.245299 0.250301 0.255386 0.260631 0.266057 0.271667 0.277465 0.283451 0.289624 0.295999 0.302625
0.081668 0.075886 0.073264 0.072263 0.072305 0.073115 0.074527 0.076428 0.078735 0.081383 0.084319 0.087502 0.090899 0.094482 0.098229 0.102123 0.106152 0.110305 0.114575 0.118952 0.123429 0.127997 0.132646 0.137362 0.142134 0.146948 0.151795 0.156655 0.161508 0.166342 0.171150 0.175927 0.180666 0.185322 0.189880 0.194338 0.198698 0.202965 0.207188 0.211478 0.215840 0.220443 0.225279 0.230327 0.235580 0.241033 0.246685 0.252533 0.258575 0.264823
0.068100 0.066394 0.065134 0.064547 0.064618 0.065269 0.066414 0.067975 0.069881 0.072076 0.074508 0.077136 0.079925 0.082847 0.085878 0.088999 0.092195 0.095456 0.098773 0.102140 0.105550 0.109001 0.112488 0.116005 0.119548 0.123109 0.126684 0.130266 0.133845 0.137411 0.140958 0.144481 0.147979 0.151437 0.154840 0.158174 0.161436 0.164640 0.168012 0.171741 0.175712 0.179894 0.184299 0.188925 0.193768 0.198822 0.204084 0.209548 0.215211 0.221072
0.056659 0.056754 0.056270 0.055988 0.056105 0.056637 0.057548 0.058786 0.060297 0.062029 0.063938 0.065984 0.068134 0.070359 0.072635 0.074943 0.077269 0.079601 0.081929 0.084248 0.086555 0.088847 0.091122 0.093381 0.095621 0.097842 0.100044 0.102226 0.104389 0.106531 0.108651 0.110748 0.112822 0.114871 0.116890 0.118871 0.120810 0.122807 0.125177 0.127927 0.131030 0.134441 0.138132 0.142084 0.146282 0.150712 0.155360 0.160218 0.165279 0.170539
0.053832 0.050282 0.048645 0.047893 0.047703 0.047940 0.048516 0.049365 0.050428 0.051653 0.052997 0.054419 0.055889 0.057379 0.058868 0.060337 0.061773 0.063165 0.064505 0.065789 0.067014 0.068180 0.069286 0.070334 0.071324 0.072259 0.073144 0.073986 0.074792 0.075568 0.076316 0.077038 0.077738 0.078415 0.079071 0.079705 0.080316 0.081048 0.082214 0.083816 0.085833 0.088232 0.090974 0.094019 0.097336 0.100897 0.104681 0.108675 0.112877 0.117283
0.045647 0.043465 0.041696 0.040543 0.039926 0.039729 0.039850 0.040209 0.040737 0.041381 0.042093 0.042837 0.043583 0.044306 0.044991 0.045621 0.046186 0.046675 0.047084 0.047411 0.047656 0.047819 0.047898 0.047896 0.047813 0.047656 0.047443 0.047189 0.046902 0.046587 0.046248 0.045885 0.045501 0.045097 0.044676 0.044238 0.043804 0.043467 0.043582 0.044180 0.045224 0.046661 0.048434 0.050496 0.052806 0.055332 0.058061 0.061001 0.064154 0.067515
0.041168 0.038039 0.035737 0.034119 0.033022 0.032313 0.031886 0.031659 0.031564 0.031545 0.031561 0.031580 0.031579 0.031544 0.031461 0.031317 0.031099 0.030804 0.030435 0.029992 0.029473 0.028873 0.028192 0.027425 0.026577 0.025686 0.024790 0.023892 0.022986 0.022068 0.021137 0.020190 0.019228 0.018252 0.017261 0.016260 0.015406 0.014724 0.014282 0.014321 0.014731 0.015419 0.016326 0.017414 0.018651 0.020025 0.021606 0.023427 0.025470 0.027712
0.037244 0.033322 0.030687 0.028681 0.027091 0.025811 0.024758 0.023864 0.023070 0.022333 0.021626 0.020932 0.020249 0.019566 0.018865 0.018126 0.017336 0.016520 0.015683 0.014813 0.013895 0.012920 0.011882 0.010774 0.009633 0.008643 0.007742 0.006876 0.006023 0.005171 0.004316 0.003454 0.002584 0.001706 0.000821 0.000001 0.000001 0.000001 0.000001 0.000001 0.000001 0.000001 0.000001 0.000001 0.000001 0.000131 0.000682 0.001501 0.002500 0.003634
0.031399 0.029407 0.026825 0.024360 0.022151 0.020190 0.018425 0.016799 0.015272 0.013840 0.012500 0.011275 0.010170 0.009143 0.008150 0.007153 0.006196 0.005374 0.004600 0.003831 0.003045 0.002229 0.001377 0.000485 0.000001 0.000001 0.000001 0.000001 0.000001 0.000001 0.000001 0.000001 0.000001 0.000001 0.000001 0.000001 0.000001 0.000001 0.000001 0.000001 0.000001 0.000001 0.000001 0.000001 0.000001 0.000001 0.000001 0.000001 0.000001 0.000001
0.033655 0.028680 0.024585 0.021074 0.017997 0.015240 0.012708 0.010346 0.008187 0.006312 0.004711 0.003524 0.002580 0.001751 0.000970 0.000198 0.000001 0.000001 0.000001 0.000001 0.000001 0.000001 0.000001 0.000001 0.000001 0.000001 0.000001 0.000001 0.000001 0.000001 0.000001 0.000001 0.000001 0.000001 0.000001 0.000001 0.000001 0.000001 0.000001 0.000001 0.000001 0.000001 0.000001 0.000001 0.000001 0.000001 0.000001 0.000001 0.000001 0.000001
0.035234 0.027902 0.022481 0.018036 0.014162 0.010658 0.007414 0.004510 0.002308 0.000759 0.000001 0.000001 0.000001 0.000001 0.000001 0.000001 0.000001 0.000001 0.000001 0.000001 0.000001 0.000001 0.000001 0.000001 0.000001 0.000001 0.000001 0.000001 0.000001 0.000001 0.000001 0.000001 0.000001 0.000001 0.000001 0.000001 0.000001 0.000001 0.000001 0.000001 0.000001 0.000001 0.000001 0.000001 0.000001 0.000001 0.000001 0.000001 0.000001 0.000001
0.028457 0.024377 0.019561 0.014853 0.010445 0.006330 0.002637 0.000041 0.000001 0.000001 0.000001 0.000001 0.000001 0.000001 0.000001 0.000001 0.000001 0.000001 0.000001 0.000001 0.000001 0.000001 0.000001 0.000001 0.000001 0.000001 0.000001 0.000001 0.000001 0.000001 0.000001 0.000001 0.000001 0.000001 0.000001 0.000001 0.000001 0.000001 0.000001 0.000001 0.000001 0.000001 0.000001 0.000001 0.000001 0.000001 0.000001 0.000001 0.000001 0.000001
0.031788 0.024087 0.017740 0.012158 0.007091 0.002439 0.000001 0.000001 0.000001 0.000001 0.000001 0.000001 0.000001 0.000001 0.000001 0.000001 0.000001 0.000001 0.000001 0.000001 0.000001 0.000001 0.000001 0.000001 0.000001 0.000001 0.000001 0.000001 0.000001 0.000001 0.000001 0.000001 0.000001 0.000001 0.000001 0.000001 0.000001 0.000001 0.000001 0.000001 0.000001 0.000001 0.000001 0.000001 0.000001 0.000001 0.000001 0.000001 0.000001 0.000001
0.030932 0.022699 0.015775 0.009673 0.004147 0.000001 0.000001 0.000001 0.000001 0.000001 0.000001 0.000001 0.000001 0.000001 0.000001 0.000001 0.000001 0.000001 0.000001 0.000001 0.000001 0.000001 0.000001 0.000001 0.000001 0.000001 0.000001 0.000001 0.000001 0.000001 0.000001 0.000001 0.000001 0.000001 0.000001 0.000001 0.000001 0.000001 0.000001 0.000001 0.000001 0.000001 0.000001 0.000001 0.000001 0.000001 0.000001 0.000001 0.000001 0.000001
0.025974 0.020045 0.013622 0.007522 0.001845 0.000001 0.000001 0.000001 0.000001 0.000001 0.000001 0.000001 0.000001 0.000001 0.000001 0.000001 0.000001 0.000001 0.000001 0.000001 0.000001 0.000001 0.000001 0.000001 0.000001 0.000001 0.000001 0.000001 0.000001 0.000001 0.000001 0.000001 0.000001 0.000001 0.000001 0.000001 0.000001 0.000001 0.000001 0.000001 0.000001 0.000001 0.000001 0.000001 0.000001 0.000001 0.000001 0.000001 0.000001 0.000001
0.030012 0.020246 0.012851 0.006460 0.000647 0.000001 0.000001 0.000001 0.000001 0.000001 0.000001 0.000001 0.000001 0.000001 0.000001 0.000001 0.000001 0.000001 0.000001 0.000001 0.000001 0.000001 0.000001 0.000001 0.000001 0.000001 0.000001 0.000001 0.000001 0.000001 0.000001 0.000001 0.000001 0.000001 0.000001 0.000001 0.000001 0.000001 0.000001 0.000001 0.000001 0.000001 0.000001 0.000001 0.000001 0.000001 0.000001 0.000001 0.000001 0.000001
0.025912 0.019323 0.012611 0.006353 0.000574 0.000001 0.000001 0.000001 0.000001 0.000001 0.000001 0.000001 0.000001 0.000001 0.000001 0.000001 0.000001 0.000001 0.000001 0.000001 0.000001 0.000001 0.000001 0.000001 0.000001 0.000001 0.000001 0.000001 0.000001 0.000001 0.000001 0.000001 0.000001 0.000001 0.000001 0.000001 0.000001 0.000001 0.000001 0.000001 0.000001 0.000001 0.000001 0.000001 0.000001 0.000001 0.000001 0.000001 0.000001 0.000001
0.027117 0.019559 0.012849 0.006817 0.001312 0.000001 0.000001 0.000001 0.000001 0.000001 0.000001 0.000001 0.000001 0.000001 0.000001 0.000001 0.000001 0.000001 0.000001 0.000001 0.000001 0.000001 0.000001 0.000001 0.000001 0.000001 0.000001 0.000001 0.000001 0.000001 0.000001 0.000001 0.000001 0.000001 0.000001 0.000001 0.000001 0.000001 0.000001 0.000001 0.000001 0.000001 0.000001 0.000001 0.000001 0.000001 0.000001 0.000001 0.000001 0.000001
0.025989 0.018657 0.012697 0.007453 0.002652 0.000001 0.000001 0.000001 0.000001 0.000001 0.000001 0.000001 0.000001 0.000001 0.000001 0.000001 0.000001 0.000001 0.000001 0.000001 0.000001 0.000001 0.000001 0.000001 0.000001 0.000001 0.000001 0.000001 0.000001 0.000001 0.000001 0.000001 0.000001 0.000001 0.000001 0.000001 0.000001 0.000001 0.000001 0.000001 0.000001 0.000001 0.000001 0.000001 0.000001 0.000001 0.000001 0.000001 0.000001 0.000001
0.020741 0.016948 0.012848 0.008828 0.004972 0.001396 0.000001 0.000001 0.000001 0.000001 0.000001 0.000001 0.000001 0.000001 0.000001 0.000001 0.000001 0.000001 0.000001 0.000001 0.000001 0.000001 0.000001 0.000001 0.000001 0.000001 0.000001 0.000001 0.000001 0.000001 0.000001 0.000001 0.000001 0.000001 0.000001 0.000001 0.000001 0.000001 0.000001 0.000001 0.000001 0.000001 0.000001 0.000001 0.000001 0.000001 0.000001 0.000001 0.000001 0.000001
0.023177 0.018974 0.015269 0.011916 0.008788 0.005804 0.003165 0.001333 0.000001 0.000001 0.000001 0.000001 0.000001 0.000001 0.000001 0.000001 0.000001 0.000001 0.000001 0.000001 0.000001 0.000001 0.000001 0.000001 0.000001 0.000001 0.000001 0.000001 0.000001 0.000001 0.000001 0.000001 0.000001 0.000001 0.000001 0.000001 0.000001 0.000001 0.000001 0.000001 0.000001 0.000001 0.000001 0.000001 0.000001 0.000001 0.000001 0.000001 0.000001 0.000001
0.025938 0.022132 0.019047 0.016335 0.013866 0.011549 0.009335 0.007320 0.005542 0.004128 0.003023 0.002055 0.001139 0.000229 0.000001 0.000001 0.000001 0.000001 0.000001 0.000001 0.000001 0.000001 0.000001 0.000001 0.000001 0.000001 0.000001 0.000001 0.000001 0.000001 0.000001 0.000001 0.000001 0.000001 0.000001 0.000001 0.000001 0.000001 0.000001 0.000001 0.000001 0.000001 0.000001 0.000001 0.000001 0.000001 0.000001 0.000001 0.000001 0.000001
0.027717 0.025351 0.023084 0.021132 0.019426 0.017868 0.016378 0.014919 0.013492 0.012111 0.010810 0.009562 0.008325 0.007062 0.005832 0.004749 0.003717 0.002687 0.001635 0.000551 0.000001 0.000001 0.000001 0.000001 0.000001 0.000001 0.000001 0.000001 0.000001 0.000001 0.000001 0.000001 0.000001 0.000001 0.000001 0.000001 0.000001 0.000001 0.000001 0.000001 0.000001 0.000001 0.000001 0.000001 0.000001 0.000001 0.000001 0.000001 0.000001 0.000001
0.029722 0.027389 0.026160 0.025330 0.024669 0.024075 0.023483 0.022846 0.022140 0.021354 0.020493 0.019559 0.018546 0.017441 0.016240 0.014979 0.013670 0.012305 0.010873 0.009370 0.007846 0.006527 0.005345 0.004246 0.003227 0.002269 0.001340 0.000423 0.000001 0.000001 0.000001 0.000001 0.000001 0.000001 0.000001 0.000001 0.000001 0.000001 0.000001 0.000001 0.000001 0.000001 0.000001 0.000001 0.000001 0.000001 0.000001 0.000001 0.000001 0.000001
0.024695 0.026853 0.027973 0.028741 0.029358 0.029870 0.030280 0.030573 0.030734 0.030752 0.030622 0.030343 0.029916 0.029339 0.028610 0.027735 0.026726 0.025592 0.024342 0.022988 0.021551 0.020099 0.018703 0.017353 0.016032 0.014735 0.013448 0.012163 0.010915 0.009870 0.008945 0.008086 0.007267 0.006475 0.005703 0.004947 0.004205 0.003476 0.002762 0.002062 0.001378 0.000711 0.000062 0.000001 0.000001 0.000001 0.000001 0.000001 0.000001 0.000001
0.026896 0.028537 0.030371 0.032165 0.033837 0.035363 0.036735 0.037947 0.038992 0.039865 0.040561 0.041079 0.041416 0.041575 0.041555 0.041358 0.040991 0.040468 0.039815 0.039057 0.038226 0.037321 0.036362 0.035366 0.034341 0.033288 0.032211 0.031107 0.029978 0.028867 0.027800 0.026777 0.025787 0.024826 0.023889 0.022974 0.022080 0.021209 0.020361 0.019540 0.018747 0.017984 0.017256 0.016646 0.016208 0.015879 0.015630 0.015447 0.015321 0.015247
0.028021 0.030433 0.033145 0.035812 0.038349 0.040729 0.042944 0.044989 0.046861 0.048557 0.050075 0.051413 0.052570 0.053547 0.054344 0.054964 0.055421 0.055743 0.055969 0.056094 0.056121 0.056056 0.055905 0.055677 0.055383 0.055029 0.054624 0.054170 0.053675 0.053147 0.052606 0.052066 0.051535 0.051019 0.050521 0.050045 0.049594 0.049173 0.048783 0.048430 0.048117 0.047849 0.047627 0.047465 0.047398 0.047435 0.047573 0.047803 0.048120 0.048520
0.028059 0.032551 0.036280 0.039721 0.042975 0.046064 0.048993 0.051764 0.054374 0.056824 0.059111 0.061236 0.063198 0.064999 0.066638 0.068127 0.069507 0.070796 0.071992 0.073099 0.074120 0.075056 0.075912 0.076692 0.077404 0.078054 0.078651 0.079200 0.079709 0.080185 0.080639 0.081082 0.081527 0.081983 0.082459 0.082961 0.083498 0.084074 0.084695 0.085366 0.086091 0.086875 0.087719 0.088629 0.089612 0.090681 0.091842 0.093096 0.094441 0.095878
0.031886 0.035873 0.039981 0.043945 0.047755 0.051421 0.054948 0.058339 0.061595 0.064715 0.067700 0.070551 0.073268 0.075855 0.078314 0.080686 0.082993 0.085236 0.087418 0.089539 0.091604 0.093615 0.095574 0.097487 0.099358 0.101194 0.103001 0.104786 0.106558 0.108323 0.110090 0.111869 0.113669 0.115500 0.117370 0.119288 0.121260 0.123291 0.125388 0.127553 0.129790 0.132102 0.134488 0.136951 0.139490 0.142109 0.144811 0.147596 0.150467 0.153422
0.034887 0.039774 0.044212 0.048516 0.052726 0.056839 0.060853 0.064764 0.068572 0.072278 0.075884 0.079391 0.082801 0.086119 0.089357 0.092563 0.095743 0.098901 0.102039 0.105161 0.108270 0.111370 0.114465 0.117560 0.120661 0.123775 0.126907 0.130067 0.133260 0.136496 0.139782 0.143125 0.146533 0.150013 0.153569 0.157208 0.160932 0.164745 0.168648 0.172643 0.176727 0.180899 0.185157 0.189497 0.193914 0.198407 0.202974 0.207613 0.212322 0.217102
0.040996 0.044583 0.048875 0.053340 0.057826 0.062282 0.066687 0.071031 0.075312 0.079530 0.083685 0.087781 0.091822 0.095812 0.099768 0.103737 0.107727 0.111743 0.115789 0.119871 0.123993 0.128162 0.132384 0.136665 0.141014 0.145438 0.149945 0.154542 0.159239 0.164041 0.168954 0.173984 0.179134 0.184405 0.189798 0.195313 0.200945 0.206694 0.212555 0.218524 0.224592 0.230751 0.236993 0.243311 0.249696 0.256145 0.262652 0.269212 0.275824 0.282483
0.043329 0.048433 0.053252 0.058036 0.062816 0.067586 0.072337 0.077064 0.081765 0.086439 0.091090 0.095722 0.100339 0.104949 0.109562 0.114226 0.118961 0.123773 0.128670 0.133659 0.138748 0.143945 0.149261 0.154703 0.160282 0.166008 0.171888 0.177931 0.184143 0.190526 0.197082 0.203811 0.210709 0.217770 0.224985 0.232346 0.239843 0.247469 0.255212 0.263058 0.270990 0.278993 0.287058 0.295174 0.303334 0.311532 0.319763 0.328023 0.336308 0.344607
0.046922 0.052031 0.057218 0.062363 0.067480 0.072584 0.077681 0.082775 0.087869 0.092968 0.098077 0.103203 0.108354 0.113539 0.118767 0.124064 0.129481 0.135028 0.140715 0.146554 0.152554 0.158729 0.165090 0.171649 0.178416 0.185401 0.192610 0.200047 0.207711 0.215596 0.223696 0.232000 0.240494 0.249160 0.257978 0.266934 0.276015 0.285209 0.294491 0.303833 0.313216 0.322628 0.332061 0.341508 0.350964 0.360427 0.369891 0.379354 0.388810 0.398223
0.048937 0.055228 0.060900 0.066404 0.071852 0.077280 0.082709 0.088149 0.093611 0.099105 0.104639 0.110224 0.115871 0.121590 0.127395 0.133303 0.139342 0.145559 0.151977 0.158604 0.165456 0.172549 0.179895 0.187506 0.195389 0.203547 0.211979 0.220676 0.229621 0.238796 0.248182 0.257760 0.267493 0.277352 0.287317 0.297376 0.307519 0.317723 0.327934 0.338132 0.348314 0.358476 0.368617 0.378736 0.388831 0.398902 0.408945 0.418959 0.428918 0.438766
0.055090 0.059668 0.065028 0.070577 0.076188 0.081835 0.087520 0.093250 0.099033 0.104878 0.110797 0.116801 0.122903 0.129118 0.135459 0.141945 0.148597 0.155446 0.162527 0.169873 0.177513 0.185454 0.193704 0.202266 0.211139 0.220306 0.229749 0.239436 0.249326 0.259392 0.269615 0.279947 0.290335 0.300765 0.311234 0.321738 0.332274 0.342767 0.353184 0.363546 0.373860 0.384127 0.394349 0.404528 0.414661 0.424750 0.434793 0.444790 0.454740 0.464625
0.058320 0.063935 0.069368 0.074900 0.080551 0.086310 0.092166 0.098116 0.104162 0.110309 0.116568 0.122948 0.129465 0.136134 0.142971 0.149996 0.157231 0.164700 0.172434 0.180462 0.188814 0.197501 0.206519 0.215857 0.225485 0.235356 0.245433 0.255642 0.265942 0.276324 0.286777 0.297191 0.307577 0.317953 0.328322 0.338683 0.349036 0.359368 0.369652 0.379879 0.390046 0.400161 0.410226 0.420244 0.430214 0.440137 0.450016 0.459851 0.469647 0.479402
0.063155 0.068173 0.073488 0.079009 0.084709 0.090565 0.096565 0.102700 0.108972 0.115383 0.121942 0.128662 0.135555 0.142639 0.149932 0.157456 0.165234 0.173290 0.181649 0.190327 0.199333 0.208652 0.218247 0.228070 0.238042 0.248134 0.258289 0.268416 0.278552 0.288709 0.298889 0.309074 0.319239 0.329375 0.339479 0.349548 0.359580 0.369573 0.379521 0.389416 0.399255 0.409042 0.418782 0.428480 0.438141 0.447770 0.457373 0.466957 0.476528 0.486090
0.066048 0.071354 0.076869 0.082568 0.088425 0.094435 0.100599 0.106920 0.113403 0.120056 0.126889 0.133916 0.141152 0.148615 0.156327 0.164311 0.172590 0.181185 0.190103 0.199330 0.208827 0.218515 0.228330 0.238177 0.247998 0.257837 0.267705 0.277577 0.287439 0.297286 0.307115 0.316922 0.326695 0.336424 0.346103 0.355729 0.365304 0.374829 0.384307 0.393742 0.403140 0.412508 0.421853 0.431181 0.440502 0.449832 0.459182 0.468563 0.477979 0.487433
0.068273 0.073992 0.079835 0.085742 0.091759 0.097918 0.104239 0.110734 0.117413 0.124288 0.131371 0.138678 0.146226 0.154036 0.162131 0.170535 0.179263 0.188315 0.197651 0.207181 0.216819 0.226420 0.236013 0.245616 0.255204 0.264772 0.274320 0.283844 0.293332 0.302774 0.312162 0.321493 0.330763 0.339969 0.349113 0.358201 0.367243 0.376247 0.385226 0.394200 0.403183 0.412186 0.421216 0.430284 0.439414 0.448629 0.457941 0.467355 0.476871 0.486486
0.071565 0.077436 0.083062 0.088858 0.094868 0.101087 0.107512 0.114143 0.120987 0.128055 0.135359 0.142916 0.150745 0.158868 0.167309 0.176081 0.185169 0.194496 0.203945 0.213358 0.222762 0.232155 0.241518 0.250848 0.260139 0.269381 0.278564 0.287681 0.296724 0.305684 0.314557 0.323346 0.332057 0.340701 0.349298 0.357870 0.366437 0.375017 0.383644 0.392347 0.401141 0.410033 0.419024 0.428146 0.437447 0.446932 0.456596 0.466433 0.476436 0.486597
0.077270 0.080991 0.086070 0.091704 0.097675 0.103916 0.110404 0.117134 0.124108 0.131336 0.138828 0.146602 0.154677 0.163077 0.171813 0.180856 0.190095 0.199335 0.208562 0.217774 0.226952 0.236092 0.245181 0.254207 0.263159 0.272026 0.280796 0.289458 0.298007 0.306444 0.314779 0.323035 0.331236 0.339418 0.347629 0.355901 0.364250 0.372721 0.381370 0.390206 0.399225 0.408419 0.417788 0.427434 0.437347 0.447497 0.457871 0.468459 0.479253 0.490248
0.076380 0.082524 0.088249 0.094052 0.100070 0.106342 0.112877 0.119679 0.126752 0.134106 0.141752 0.149707 0.157991 0.166620 0.175552 0.184623 0.193674 0.202717 0.211733 0.220711 0.229638 0.238500 0.247283 0.255972 0.264552 0.273007 0.281327 0.289509 0.297563 0.305513 0.313405 0.321293 0.329219 0.337266 0.345483 0.353878 0.362451 0.371316 0.380461 0.389853 0.399476 0.409322 0.419382 0.429666 0.440193 0.450965 0.461976 0.473220 0.484692 0.496387
0.079620 0.085034 0.090471 0.096141 0.102100 0.108357 0.114909 0.121754 0.128896 0.136342 0.144106 0.152203 0.160653 0.169422 0.178302 0.187173 0.196032 0.204863 0.213651 0.222381 0.231036 0.239601 0.248056 0.256383 0.264565 0.272590 0.280462 0.288205 0.295876 0.303537 0.311297 0.319209 0.327318 0.335745 0.344439 0.353376 0.362540 0.371941 0.381599 0.391514 0.401679 0.412088 0.422736 0.433619 0.444740 0.456103 0.467707 0.479552 0.491634 0.503951
0.084449 0.087799 0.092518 0.097919 0.103764 0.109969 0.116501 0.123352 0.130523 0.138022 0.145862 0.154060 0.162610 0.171299 0.179990 0.188670 0.197324 0.205936 0.214486 0.222958 0.231332 0.239585 0.247699 0.255651 0.263433 0.271058 0.278578 0.286087 0.293700 0.301513 0.309644 0.318037 0.326666 0.335549 0.344699 0.354110 0.363774 0.373688 0.383853 0.394272 0.404946 0.415872 0.427048 0.438470 0.450137 0.462049 0.474204 0.486603 0.499244 0.512126
0.083439 0.088617 0.093813 0.099271 0.105057 0.111183 0.117648 0.124454 0.131606 0.139112 0.146986 0.155242 0.163733 0.172241 0.180748 0.189236 0.197685 0.206076 0.214388 0.222600 0.230687 0.238626 0.246394 0.253984 0.261427 0.268815 0.276280 0.284014 0.292039 0.300311 0.308847 0.317654 0.326725 0.336054 0.345646 0.355502 0.365619 0.375996 0.386630 0.397521 0.408669 0.420074 0.431733 0.443646 0.455809 0.468221 0.480881 0.493788 0.506940 0.520336
0.085669 0.090373 0.095245 0.100442 0.106007 0.111953 0.118280 0.124988 0.132080 0.139559 0.147437 0.155682 0.164009 0.172350 0.180683 0.188986 0.197238 0.205416 0.213496 0.221452 0.229258 0.236888 0.244338 0.251656 0.258985 0.266549 0.274408 0.282523 0.290913 0.299574 0.308502 0.317699 0.327166 0.336900 0.346901 0.357168 0.367701 0.378499 0.389559 0.400881 0.412464 0.424307 0.436407 0.448765 0.461377 0.474244 0.487361 0.500729 0.514345 0.528207
0.088679 0.092157 0.096351 0.101091 0.106334 0.112052 0.118222 0.124826 0.131855 0.139305 0.147184 0.155338 0.163526 0.171722 0.179901 0.188039 0.196111 0.204091 0.211953 0.219667 0.227205 0.234559 0.241804 0.249146 0.256793 0.264704 0.272892 0.281355 0.290090 0.299100 0.308383 0.317939 0.327767 0.337867 0.348238 0.358879 0.369790 0.380968 0.392413 0.404124 0.416099 0.428337 0.440837 0.453596 0.466614 0.479888 0.493418 0.507200 0.521233 0.535515
0.089642 0.092556 0.096200 0.100586 0.105620 0.111216 0.117317 0.123885 0.130903 0.138363 0.146258 0.154319 0.162405 0.170488 0.178541 0.186539 0.194453 0.202257 0.209919 0.217408 0.224711 0.231912 0.239289 0.246956 0.254898 0.263117 0.271613 0.280386 0.289436 0.298762 0.308365 0.318244 0.328398 0.338827 0.349530 0.360506 0.371755 0.383275 0.395064 0.407123 0.419449 0.432040 0.444896 0.458015 0.471395 0.485034 0.498931 0.513083 0.527488 0.542145
0.088423 0.090495 0.094094 0.098604 0.103765 0.109465 0.115646 0.122283 0.129361 0.136881 0.144802 0.152813 0.160831 0.168831 0.176786 0.184667 0.192446 0.200092 0.207573 0.214865 0.222041 0.229422 0.237081 0.245019 0.253235 0.261729 0.270502 0.279553 0.288884 0.298493 0.308381 0.318548 0.328992 0.339714 0.350712 0.361986 0.373535 0.385358 0.397453 0.409820 0.422456 0.435361 0.448533 0.461970 0.475670 0.489632 0.503854 0.518334 0.533069 0.548058
0.080275 0.085520 0.090590 0.095817 0.101362 0.107291 0.113626 0.120378 0.127551 0.135154 0.143098 0.151078 0.159048 0.166983 0.174854 0.182633 0.190290 0.197793 0.205110 0.212277 0.219622 0.227245 0.235145 0.243324 0.251781 0.260518 0.269535 0.278833 0.288411 0.298270 0.308409 0.318828 0.329528 0.340507 0.351765 0.363300 0.375113 0.387201 0.399565 0.412202 0.425111 0.438291 0.451739 0.465455 0.479437 0.493683 0.508190 0.522957 0.537982 0.553262
0.078118 0.083507 0.088559 0.093808 0.099405 0.105398 0.111802 0.118620 0.125858 0.133525 0.141459 0.149398 0.157314 0.165180 0.172968 0.180648 0.188188 0.195553 0.202736 0.210007 0.217559 0.225387 0.233493 0.241878 0.250543 0.259489 0.268716 0.278226 0.288017 0.298091 0.308448 0.319086 0.330007 0.341208 0.352691 0.364453 0.376494 0.388814 0.401410 0.414282 0.427427 0.440846 0.454535 0.468494 0.482721 0.497213 0.511968 0.526986 0.542262 0.557796
0.082561 0.084448 0.088185 0.092886 0.098245 0.104137 0.110503 0.117319 0.124572 0.132260 0.140131 0.148002 0.155842 0.163624 0.171317 0.178889 0.186306 0.193535 0.200712 0.208153 0.215870 0.223865 0.232139 0.240695 0.249532 0.258651 0.268055 0.277742 0.287713 0.297969 0.308509 0.319334 0.330442 0.341834 0.353508 0.365464 0.377701 0.390218 0.403014 0.416087 0.429436 0.443059 0.456956 0.471124 0.485560 0.500265 0.515234 0.530467 0.545961 0.561714
0.079879 0.083539 0.087619 0.092321 0.097618 0.103453 0.109779 0.116568 0.123809 0.131470 0.139243 0.147015 0.154756 0.162434 0.170016 0.177468 0.184755 0.191871 0.199156 0.206718 0.214560 0.222683 0.231089 0.239778 0.248752 0.258012 0.267558 0.277390 0.287509 0.297915 0.308607 0.319586 0.330851 0.342402 0.354237 0.366356 0.378758 0.391441 0.404406 0.417649 0.431171 0.444969 0.459041 0.473386 0.488002 0.502887 0.518040 0.533457 0.549136 0.565076
0.079336 0.082985 0.087233 0.092051 0.097398 0.103241 0.109555 0.116325 0.123545 0.131140 0.138798 0.146455 0.154080 0.161639 0.169099 0.176422 0.183572 0.190666 0.198029 0.205675 0.213605 0.221822 0.230325 0.239116 0.248196 0.257564 0.267222 0.277169 0.287406 0.297933 0.308749 0.319853 0.331246 0.342927 0.354895 0.367149 0.379687 0.392510 0.405615 0.419001 0.432666 0.446610 0.460830 0.475324 0.490091 0.505129 0.520435 0.536007 0.551844 0.567942
0.079507 0.082932 0.087287 0.092196 0.097585 0.103433 0.109732 0.116478 0.123674 0.131174 0.138711 0.146248 0.153751 0.161187 0.168520 0.175714 0.182733 0.189855 0.197266 0.204966 0.212957 0.221239 0.229813 0.238678 0.247837 0.257288 0.267031 0.277068 0.287397 0.298019 0.308933 0.320138 0.331634 0.343420 0.355495 0.367858 0.380508 0.393444 0.406664 0.420167 0.433952 0.448016 0.462358 0.476976 0.491868 0.507032 0.522466 0.538168 0.554135 0.570366
0.078077 0.083232 0.087883 0.092798 0.098134 0.103924 0.110170 0.116873 0.124035 0.131423 0.138843 0.146265 0.153653 0.160973 0.168188 0.175260 0.182193 0.189339 0.196780 0.204516 0.212548 0.220876 0.229500 0.238420 0.247637 0.257150 0.266959 0.277064 0.287465 0.298160 0.309150 0.320434 0.332012 0.343881 0.356042 0.368492 0.381232 0.394259 0.407572 0.421170 0.435050 0.449212 0.463654 0.478373 0.493367 0.508635 0.524174 0.539982 0.556057 0.572396
0.083626 0.085506 0.089200 0.093720 0.098841 0.104498 0.110661 0.117315 0.124434 0.131718 0.139039 0.146362 0.153653 0.160875 0.167990 0.174958 0.181851 0.189015 0.196479 0.204242 0.212305 0.220668 0.229330 0.238292 0.247553 0.257113 0.266971 0.277129 0.287584 0.298336 0.309386 0.320731 0.332371 0.344306 0.356533 0.369053 0.381863 0.394962 0.408349 0.422021 0.435979 0.450219 0.464740 0.479539 0.494616 0.509967 0.525590 0.541484 0.557646 0.574073
0.082087 0.086171 0.089965 0.094297 0.099266 0.104836 0.110961 0.117608 0.124701 0.131914 0.139166 0.146421 0.153642 0.160792 0.167832 0.174722 0.181611 0.188797 0.196285 0.204074 0.212165 0.220557 0.229250 0.238245 0.247540 0.257137 0.267034 0.277232 0.287729 0.298525 0.309620 0.321012 0.332701 0.344685 0.356964 0.369536 0.382400 0.395555 0.408999 0.422730 0.436747 0.451048 0.465631 0.480494 0.495634 0.511051 0.526741 0.542702 0.558932 0.575429
0.085642 0.086666 0.089808 0.094053 0.099069 0.104716 0.110922 0.117648 0.124751 0.131937 0.139158 0.146378 0.153561 0.160669 0.167663 0.174502 0.181416 0.188630 0.196145 0.203961 0.212078 0.220497 0.229218 0.238241 0.247565 0.257191 0.267118 0.277346 0.287875 0.298705 0.309833 0.321260 0.332985 0.345007 0.357325 0.369936 0.382841 0.396038 0.409524 0.423299 0.437361 0.451708 0.466337 0.481248 0.496437 0.511903 0.527644 0.543656 0.559938 0.576488
0.079292 0.083611 0.088041 0.092926 0.098323 0.104225 0.110616 0.117483 0.124616 0.131810 0.139031 0.146245 0.153416 0.160506 0.167478 0.174295 0.181244 0.188490 0.196034 0.203877 0.212020 0.220463 0.229207 0.238253 0.247600 0.257248 0.267198 0.277450 0.288003 0.298856 0.310009 0.321461 0.333212 0.345261 0.357606 0.370246 0.383179 0.396405 0.409923 0.423729 0.437823 0.452202 0.466865 0.481810 0.497034 0.512535 0.528312 0.544361 0.560681 0.577269
0.077175 0.081788 0.086674 0.091931 0.097607 0.103720 0.110275 0.117258 0.124415 0.131629 0.138864 0.146086 0.153259 0.160347 0.167312 0.174128 0.181109 0.188383 0.195952 0.203817 0.211980 0.220442 0.229204 0.238266 0.247629 0.257294 0.267260 0.277527 0.288095 0.298964 0.310134 0.321603 0.333370 0.345436 0.357798 0.370456 0.383409 0.396654 0.410191 0.424017 0.438131 0.452531 0.467216 0.482183 0.497429 0.512954 0.528754 0.544827 0.561171 0.577783
0.077853 0.081709 0.086333 0.091549 0.097270 0.103453 0.110080 0.117108 0.124278 0.131504 0.138750 0.145980 0.153158 0.160249 0.167213 0.174033 0.181033 0.188323 0.195906 0.203784 0.211959 0.220431 0.229203 0.238274 0.247646 0.257319 0.267293 0.277568 0.288144 0.299021 0.310199 0.321676 0.333452 0.345526 0.357897 0.370564 0.383525 0.396779 0.410326 0.424162 0.438286 0.452696 0.467391 0.482369 0.497626 0.513162 0.528974 0.545058 0.561414 0.578039
