0.007182 0.005632 0.004067 0.001978 0.000001 0.000001 0.000001 0.000001 0.000001 0.000001 0.000001 0.000001 0.000001 0.000001 0.000001 0.000001 0.000001 0.000001 0.000001 0.000001 0.000001 0.000001 0.000001 0.000001 0.000001 0.000001 0.000001 0.000001 0.000001 0.000001 0.000001 0.000001 0.000001 0.000001 0.000001 0.000001 0.000001 0.000001 0.000001 0.000001 0.000001 0.000001 0.000001 0.000001 0.000001 0.000001 0.000001 0.000001 0.000001 0.000001
0.000000 0.002039 0.001977 0.000657 0.000001 0.000001 0.000001 0.000001 0.000001 0.000001 0.000001 0.000001 0.000001 0.000001 0.000001 0.000001 0.000001 0.000001 0.000001 0.000001 0.000001 0.000001 0.000001 0.000001 0.000001 0.000001 0.000001 0.000001 0.000001 0.000001 0.000001 0.000001 0.000001 0.000001 0.000001 0.000001 0.000001 0.000001 0.000001 0.000001 0.000001 0.000001 0.000001 0.000001 0.000001 0.000001 0.000001 0.000001 0.000001 0.000001
0.000000 0.000674 0.000520 0.000001 0.000001 0.000001 0.000001 0.000001 0.000001 0.000001 0.000001 0.000001 0.000001 0.000001 0.000001 0.000001 0.000001 0.000001 0.000001 0.000001 0.000001 0.000001 0.000001 0.000001 0.000001 0.000001 0.000001 0.000001 0.000001 0.000001 0.000001 0.000001 0.000001 0.000001 0.000001 0.000001 0.000001 0.000001 0.000001 0.000001 0.000001 0.000001 0.000001 0.000001 0.000001 0.000001 0.000001 0.000001 0.000001 0.000001
0.000000 0.000457 0.000063 0.000001 0.000001 0.000001 0.000001 0.000001 0.000001 0.000001 0.000001 0.000001 0.000001 0.000001 0.000001 0.000001 0.000001 0.000001 0.000001 0.000001 0.000001 0.000001 0.000001 0.000001 0.000001 0.000001 0.000001 0.000001 0.000001 0.000001 0.000001 0.000001 0.000001 0.000001 0.000001 0.000001 0.000001 0.000001 0.000001 0.000001 0.000001 0.000001 0.000001 0.000001 0.000001 0.000001 0.000001 0.000001 0.000001 0.000001
0.000000 0.000511 0.000099 0.000001 0.000001 0.000001 0.000001 0.000001 0.000001 0.000001 0.000001 0.000001 0.000001 0.000001 0.000001 0.000001 0.000001 0.000001 0.000001 0.000001 0.000001 0.000001 0.000001 0.000001 0.000001 0.000001 0.000001 0.000001 0.000001 0.000001 0.000001 0.000001 0.000001 0.000001 0.000001 0.000001 0.000001 0.000001 0.000001 0.000001 0.000001 0.000001 0.000001 0.000001 0.000001 0.000001 0.000001 0.000001 0.000001 0.000001
0.000000 0.000628 0.000304 0.000001 0.000001 0.000001 0.000001 0.000001 0.000001 0.000001 0.000001 0.000001 0.000001 0.000001 0.000001 0.000001 0.000001 0.000001 0.000001 0.000001 0.000001 0.000001 0.000001 0.000001 0.000001 0.000001 0.000001 0.000001 0.000001 0.000001 0.000001 0.000001 0.000001 0.000001 0.000001 0.000001 0.000001 0.000001 0.000001 0.000001 0.000001 0.000001 0.000001 0.000001 0.000001 0.000001 0.000001 0.000001 0.000001 0.000001
0.000000 0.000728 0.000565 0.000001 0.000001 0.000001 0.000001 0.000001 0.000001 0.000001 0.000001 0.000001 0.000001 0.000001 0.000001 0.000001 0.000001 0.000001 0.000001 0.000001 0.000001 0.000001 0.000001 0.000001 0.000001 0.000001 0.000001 0.000001 0.000001 0.000001 0.000001 0.000001 0.000001 0.000001 0.000001 0.000001 0.000001 0.000001 0.000001 0.000001 0.000001 0.000001 0.000001 0.000001 0.000001 0.000001 0.000001 0.000001 0.000001 0.000001
0.000000 0.000929 0.000907 0.000019 0.000001 0.000001 0.000001 0.000001 0.000001 0.000001 0.000001 0.000001 0.000001 0.000001 0.000001 0.000001 0.000001 0.000001 0.000001 0.000001 0.000001 0.000001 0.000001 0.000001 0.000001 0.000001 0.000001 0.000001 0.000001 0.000001 0.000001 0.000001 0.000001 0.000001 0.000001 0.000001 0.000001 0.000001 0.000001 0.000001 0.000001 0.000001 0.000001 0.000001 0.000001 0.000001 0.000001 0.000001 0.000001 0.000001
0.000000 0.001074 0.001234 0.000506 0.000001 0.000001 0.000001 0.000001 0.000001 0.000001 0.000001 0.000001 0.000001 0.000001 0.000001 0.000001 0.000001 0.000001 0.000001 0.000001 0.000001 0.000001 0.000001 0.000001 0.000001 0.000001 0.000001 0.000001 0.000001 0.000001 0.000001 0.000001 0.000001 0.000001 0.000001 0.000001 0.000001 0.000001 0.000001 0.000001 0.000001 0.000001 0.000001 0.000001 0.000001 0.000001 0.000001 0.000001 0.000001 0.000001
0.000000 0.001227 0.001575 0.001053 0.000001 0.000001 0.000001 0.000001 0.000001 0.000001 0.000001 0.000001 0.000001 0.000001 0.000001 0.000001 0.000001 0.000001 0.000001 0.000001 0.000001 0.000001 0.000001 0.000001 0.000001 0.000001 0.000001 0.000001 0.000001 0.000001 0.000001 0.000001 0.000001 0.000001 0.000001 0.000001 0.000001 0.000001 0.000001 0.000001 0.000001 0.000001 0.000001 0.000001 0.000001 0.000001 0.000001 0.000001 0.000001 0.000001
0.000000 0.001429 0.001968 0.001658 0.000524 0.000001 0.000001 0.000001 0.000001 0.000001 0.000001 0.000001 0.000001 0.000001 0.000001 0.000001 0.000001 0.000001 0.000001 0.000001 0.000001 0.000001 0.000001 0.000001 0.000001 0.000001 0.000001 0.000001 0.000001 0.000001 0.000001 0.000001 0.000001 0.000001 0.000001 0.000001 0.000001 0.000001 0.000001 0.000001 0.000001 0.000001 0.000001 0.000001 0.000001 0.000001 0.000001 0.000001 0.000001 0.000001
0.000000 0.001617 0.002373 0.002295 0.001397 0.000001 0.000001 0.000001 0.000001 0.000001 0.000001 0.000001 0.000001 0.000001 0.000001 0.000001 0.000001 0.000001 0.000001 0.000001 0.000001 0.000001 0.000001 0.000001 0.000001 0.000001 0.000001 0.000001 0.000001 0.000001 0.000001 0.000001 0.000001 0.000001 0.000001 0.000001 0.000001 0.000001 0.000001 0.000001 0.000001 0.000001 0.000001 0.000001 0.000001 0.000001 0.000001 0.000001 0.000001 0.000001
0.000000 0.001811 0.002782 0.002936 0.002292 0.000873 0.000001 0.000001 0.000001 0.000001 0.000001 0.000001 0.000001 0.000001 0.000001 0.000001 0.000001 0.000001 0.000001 0.000001 0.000001 0.000001 0.000001 0.000001 0.000001 0.000001 0.000001 0.000001 0.000001 0.000001 0.000001 0.000001 0.000001 0.000001 0.000001 0.000001 0.000001 0.000001 0.000001 0.000001 0.000001 0.000001 0.000001 0.000001 0.000001 0.000001 0.000001 0.000001 0.000001 0.000001
0.000000 0.002006 0.003176 0.003554 0.003163 0.002012 0.000235 0.000001 0.000001 0.000001 0.000001 0.000001 0.000001 0.000001 0.000001 0.000001 0.000001 0.000001 0.000001 0.000001 0.000001 0.000001 0.000001 0.000001 0.000001 0.000001 0.000001 0.000001 0.000001 0.000001 0.000001 0.000001 0.000001 0.000001 0.000001 0.000001 0.000001 0.000001 0.000001 0.000001 0.000001 0.000001 0.000001 0.000001 0.000001 0.000001 0.000001 0.000001 0.000001 0.000001
0.000000 0.002158 0.003522 0.004126 0.003992 0.003128 0.001544 0.000001 0.000001 0.000001 0.000001 0.000001 0.000001 0.000001 0.000001 0.000001 0.000001 0.000001 0.000001 0.000001 0.000001 0.000001 0.000001 0.000001 0.000001 0.000001 0.000001 0.000001 0.000001 0.000001 0.000001 0.000001 0.000001 0.000001 0.000001 0.000001 0.000001 0.000001 0.000001 0.000001 0.000001 0.000001 0.000001 0.000001 0.000001 0.000001 0.000001 0.000001 0.000001 0.000001
0.000000 0.002293 0.003844 0.004673 0.004794 0.004215 0.002937 0.001009 0.000001 0.000001 0.000001 0.000001 0.000001 0.000001 0.000001 0.000001 0.000001 0.000001 0.000001 0.000001 0.000001 0.000001 0.000001 0.000001 0.000001 0.000001 0.000001 0.000001 0.000001 0.000001 0.000001 0.000001 0.000001 0.000001 0.000001 0.000001 0.000001 0.000001 0.000001 0.000001 0.000001 0.000001 0.000001 0.000001 0.000001 0.000001 0.000001 0.000001 0.000001 0.000001
0.000000 0.002449 0.004188 0.005233 0.005595 0.005286 0.004307 0.002659 0.000512 0.000001 0.000001 0.000001 0.000001 0.000001 0.000001 0.000001 0.000001 0.000001 0.000001 0.000001 0.000001 0.000001 0.000001 0.000001 0.000001 0.000001 0.000001 0.000001 0.000001 0.000001 0.000001 0.000001 0.000001 0.000001 0.000001 0.000001 0.000001 0.000001 0.000001 0.000001 0.000001 0.000001 0.000001 0.000001 0.000001 0.000001 0.000001 0.000001 0.000001 0.000001
0.000000 0.002637 0.004560 0.005800 0.006383 0.006325 0.005629 0.004296 0.002331 0.000058 0.000001 0.000001 0.000001 0.000001 0.000001 0.000001 0.000001 0.000001 0.000001 0.000001 0.000001 0.000001 0.000001 0.000001 0.000001 0.000001 0.000001 0.000001 0.000001 0.000001 0.000001 0.000001 0.000001 0.000001 0.000001 0.000001 0.000001 0.000001 0.000001 0.000001 0.000001 0.000001 0.000001 0.000001 0.000001 0.000001 0.000001 0.000001 0.000001 0.000001
0.000000 0.002811 0.004892 0.006316 0.007112 0.007296 0.006876 0.005851 0.004213 0.001991 0.000001 0.000001 0.000001 0.000001 0.000001 0.000001 0.000001 0.000001 0.000001 0.000001 0.000001 0.000001 0.000001 0.000001 0.000001 0.000001 0.000001 0.000001 0.000001 0.000001 0.000001 0.000001 0.000001 0.000001 0.000001 0.000001 0.000001 0.000001 0.000001 0.000001 0.000001 0.000001 0.000001 0.000001 0.000001 0.000001 0.000001 0.000001 0.000001 0.000001
0.000000 0.002888 0.005132 0.006749 0.007762 0.008189 0.008038 0.007312 0.006007 0.004115 0.001700 0.000001 0.000001 0.000001 0.000001 0.000001 0.000001 0.000001 0.000001 0.000001 0.000001 0.000001 0.000001 0.000001 0.000001 0.000001 0.000001 0.000001 0.000001 0.000001 0.000001 0.000001 0.000001 0.000001 0.000001 0.000001 0.000001 0.000001 0.000001 0.000001 0.000001 0.000001 0.000001 0.000001 0.000001 0.000001 0.000001 0.000001 0.000001 0.000001
0.000000 0.002994 0.005370 0.007155 0.008366 0.009020 0.009125 0.008685 0.007697 0.006154 0.004051 0.001506 0.000001 0.000001 0.000001 0.000001 0.000001 0.000001 0.000001 0.000001 0.000001 0.000001 0.000001 0.000001 0.000001 0.000001 0.000001 0.000001 0.000001 0.000001 0.000001 0.000001 0.000001 0.000001 0.000001 0.000001 0.000001 0.000001 0.000001 0.000001 0.000001 0.000001 0.000001 0.000001 0.000001 0.000001 0.000001 0.000001 0.000001 0.000001
0.000000 0.003110 0.005619 0.007555 0.008942 0.009800 0.010140 0.009966 0.009277 0.008068 0.006328 0.004056 0.001421 0.000001 0.000001 0.000001 0.000001 0.000001 0.000001 0.000001 0.000001 0.000001 0.000001 0.000001 0.000001 0.000001 0.000001 0.000001 0.000001 0.000001 0.000001 0.000001 0.000001 0.000001 0.000001 0.000001 0.000001 0.000001 0.000001 0.000001 0.000001 0.000001 0.000001 0.000001 0.000001 0.000001 0.000001 0.000001 0.000001 0.000001
0.000000 0.003232 0.005852 0.007920 0.009468 0.010514 0.011071 0.011144 0.010735 0.009840 0.008451 0.006555 0.004158 0.001456 0.000001 0.000001 0.000001 0.000001 0.000001 0.000001 0.000001 0.000001 0.000001 0.000001 0.000001 0.000001 0.000001 0.000001 0.000001 0.000001 0.000001 0.000001 0.000001 0.000001 0.000001 0.000001 0.000001 0.000001 0.000001 0.000001 0.000001 0.000001 0.000001 0.000001 0.000001 0.000001 0.000001 0.000001 0.000001 0.000001
0.000000 0.003284 0.006017 0.008220 0.009923 0.011146 0.011906 0.012211 0.012065 0.011467 0.010409 0.008882 0.006873 0.004390 0.001635 0.000001 0.000001 0.000001 0.000001 0.000001 0.000001 0.000001 0.000001 0.000001 0.000001 0.000001 0.000001 0.000001 0.000001 0.000001 0.000001 0.000001 0.000001 0.000001 0.000001 0.000001 0.000001 0.000001 0.000001 0.000001 0.000001 0.000001 0.000001 0.000001 0.000001 0.000001 0.000001 0.000001 0.000001 0.000001
0.000000 0.003349 0.006167 0.008479 0.010316 0.011700 0.012650 0.013173 0.013275 0.012957 0.012214 0.011037 0.009414 0.007331 0.004798 0.002000 0.000001 0.000001 0.000001 0.000001 0.000001 0.000001 0.000001 0.000001 0.000001 0.000001 0.000001 0.000001 0.000001 0.000001 0.000001 0.000001 0.000001 0.000001 0.000001 0.000001 0.000001 0.000001 0.000001 0.000001 0.000001 0.000001 0.000001 0.000001 0.000001 0.000001 0.000001 0.000001 0.000001 0.000001
0.000000 0.003424 0.006300 0.008701 0.010659 0.012195 0.013321 0.014050 0.014386 0.014331 0.013884 0.013038 0.011781 0.010101 0.007984 0.005439 0.002610 0.000082 0.000001 0.000001 0.000001 0.000001 0.000001 0.000001 0.000001 0.000001 0.000001 0.000001 0.000001 0.000001 0.000001 0.000001 0.000001 0.000001 0.000001 0.000001 0.000001 0.000001 0.000001 0.000001 0.000001 0.000001 0.000001 0.000001 0.000001 0.000001 0.000001 0.000001 0.000001 0.000001
0.000000 0.003420 0.006378 0.008886 0.010970 0.012651 0.013945 0.014866 0.015420 0.015612 0.015442 0.014905 0.013993 0.012696 0.010998 0.008888 0.006370 0.003554 0.000922 0.000001 0.000001 0.000001 0.000001 0.000001 0.000001 0.000001 0.000001 0.000001 0.000001 0.000001 0.000001 0.000001 0.000001 0.000001 0.000001 0.000001 0.000001 0.000001 0.000001 0.000001 0.000001 0.000001 0.000001 0.000001 0.000001 0.000001 0.000001 0.000001 0.000001 0.000001
0.000000 0.003468 0.006495 0.009094 0.011287 0.013097 0.014544 0.015640 0.016395 0.016816 0.016903 0.016656 0.016069 0.015132 0.013835 0.012164 0.010104 0.007659 0.004906 0.002147 0.000001 0.000001 0.000001 0.000001 0.000001 0.000001 0.000001 0.000001 0.000001 0.000001 0.000001 0.000001 0.000001 0.000001 0.000001 0.000001 0.000001 0.000001 0.000001 0.000001 0.000001 0.000001 0.000001 0.000001 0.000001 0.000001 0.000001 0.000001 0.000001 0.000001
0.000000 0.003574 0.006659 0.009327 0.011612 0.013537 0.015121 0.016379 0.017320 0.017953 0.018282 0.018307 0.018025 0.017430 0.016513 0.015262 0.013665 0.011706 0.009386 0.006747 0.003945 0.001452 0.000001 0.000001 0.000001 0.000001 0.000001 0.000001 0.000001 0.000001 0.000001 0.000001 0.000001 0.000001 0.000001 0.000001 0.000001 0.000001 0.000001 0.000001 0.000001 0.000001 0.000001 0.000001 0.000001 0.000001 0.000001 0.000001 0.000001 0.000001
0.000000 0.003609 0.006771 0.009526 0.011910 0.013949 0.015665 0.017076 0.018194 0.019029 0.019586 0.019870 0.019878 0.019608 0.019053 0.018205 0.017054 0.015585 0.013785 0.011650 0.009200 0.006531 0.003826 0.001532 0.000001 0.000001 0.000001 0.000001 0.000001 0.000001 0.000001 0.000001 0.000001 0.000001 0.000001 0.000001 0.000001 0.000001 0.000001 0.000001 0.000001 0.000001 0.000001 0.000001 0.000001 0.000001 0.000001 0.000001 0.000001 0.000001
0.000000 0.003634 0.006856 0.009692 0.012172 0.014322 0.016168 0.017727 0.019015 0.020044 0.020821 0.021353 0.021640 0.021682 0.021476 0.021015 0.020291 0.019296 0.018016 0.016438 0.014556 0.012375 0.009938 0.007360 0.004773 0.002570 0.000662 0.000001 0.000001 0.000001 0.000001 0.000001 0.000001 0.000001 0.000001 0.000001 0.000001 0.000001 0.000001 0.000001 0.000001 0.000001 0.000001 0.000001 0.000001 0.000001 0.000001 0.000001 0.000001 0.000001
0.000000 0.003677 0.006948 0.009847 0.012407 0.014660 0.016627 0.018330 0.019784 0.021001 0.021992 0.022764 0.023321 0.023664 0.023793 0.023704 0.023392 0.022851 0.022073 0.021045 0.019757 0.018200 0.016371 0.014290 0.012001 0.009601 0.007197 0.004918 0.003042 0.001382 0.000001 0.000001 0.000001 0.000001 0.000001 0.000001 0.000001 0.000001 0.000001 0.000001 0.000001 0.000001 0.000001 0.000001 0.000001 0.000001 0.000001 0.000001 0.000001 0.000001
0.000000 0.003724 0.007026 0.009976 0.012611 0.014961 0.017048 0.018892 0.020507 0.021909 0.023107 0.024111 0.024927 0.025559 0.026009 0.026277 0.026360 0.026254 0.025954 0.025454 0.024744 0.023815 0.022657 0.021266 0.019645 0.017813 0.015813 0.013690 0.011551 0.009451 0.007389 0.005623 0.004149 0.002831 0.001608 0.000447 0.000001 0.000001 0.000001 0.000001 0.000001 0.000001 0.000001 0.000001 0.000001 0.000001 0.000001 0.000001 0.000001 0.000001
0.000000 0.003704 0.007049 0.010066 0.012787 0.015239 0.017446 0.019428 0.021201 0.022780 0.024177 0.025403 0.026466 0.027373 0.028128 0.028734 0.029190 0.029496 0.029651 0.029650 0.029488 0.029160 0.028657 0.027972 0.027099 0.026036 0.024790 0.023374 0.021818 0.020163 0.018437 0.016691 0.015010 0.013406 0.011870 0.010390 0.009025 0.007964 0.007097 0.006361 0.005726 0.005178 0.004709 0.004317 0.003999 0.003754 0.003579 0.003473 0.003434 0.003458
0.000000 0.003706 0.007091 0.010172 0.012976 0.015527 0.017848 0.019961 0.021883 0.023630 0.025214 0.026649 0.027944 0.029108 0.030147 0.031068 0.031873 0.032564 0.033142 0.033607 0.033958 0.034191 0.034304 0.034291 0.034148 0.033869 0.033451 0.032896 0.032208 0.031400 0.030491 0.029498 0.028458 0.027403 0.026355 0.025327 0.024331 0.023430 0.022661 0.022027 0.021523 0.021147 0.020898 0.020774 0.020773 0.020893 0.021129 0.021477 0.021932 0.022491
0.000000 0.003764 0.007193 0.010331 0.013207 0.015846 0.018272 0.020505 0.022563 0.024464 0.026222 0.027849 0.029358 0.030758 0.032059 0.033268 0.034392 0.035435 0.036401 0.037294 0.038113 0.038862 0.039540 0.040146 0.040679 0.041136 0.041516 0.041817 0.042039 0.042184 0.042260 0.042275 0.042243 0.042182 0.042114 0.042056 0.042025 0.042044 0.042147 0.042361 0.042705 0.043190 0.043823 0.044602 0.045525 0.046583 0.047771 0.049082 0.050510 0.052050
0.000000 0.003821 0.007313 0.010514 0.013461 0.016182 0.018703 0.021046 0.023230 0.025272 0.027188 0.028991 0.030694 0.032309 0.033846 0.035315 0.036724 0.038083 0.039396 0.040670 0.041910 0.043120 0.044304 0.045464 0.046604 0.047725 0.048829 0.049917 0.050991 0.052054 0.053108 0.054160 0.055217 0.056290 0.057393 0.058542 0.059752 0.061042 0.062435 0.063956 0.065622 0.067445 0.069421 0.071538 0.073784 0.076149 0.078623 0.081202 0.083880 0.086652
0.000000 0.003874 0.007420 0.010682 0.013699 0.016500 0.019112 0.021558 0.023858 0.026029 0.028089 0.030051 0.031929 0.033736 0.035484 0.037183 0.038844 0.040478 0.042094 0.043699 0.045303 0.046912 0.048534 0.050176 0.051842 0.053540 0.055275 0.057052 0.058877 0.060756 0.062694 0.064699 0.066779 0.068944 0.071206 0.073579 0.076078 0.078722 0.081531 0.084518 0.087683 0.091010 0.094465 0.098020 0.101659 0.105373 0.109159 0.113014 0.116937 0.120908
0.000000 0.003903 0.007492 0.010811 0.013895 0.016774 0.019473 0.022016 0.024423 0.026713 0.028902 0.031006 0.033039 0.035014 0.036945 0.038844 0.040723 0.042593 0.044465 0.046350 0.048259 0.050201 0.052188 0.054228 0.056332 0.058508 0.060767 0.063117 0.065569 0.068133 0.070817 0.073634 0.076596 0.079714 0.083003 0.086477 0.090156 0.094059 0.098202 0.102566 0.107106 0.111754 0.116451 0.121183 0.125949 0.130751 0.135592 0.140474 0.145388 0.150294
0.000000 0.003913 0.007540 0.010911 0.014056 0.017006 0.019785 0.022415 0.024917 0.027311 0.029613 0.031839 0.034004 0.036123 0.038209 0.040275 0.042335 0.044399 0.046482 0.048595 0.050750 0.052960 0.055236 0.057592 0.060040 0.062591 0.065260 0.068059 0.071001 0.074101 0.077372 0.080830 0.084491 0.088372 0.092490 0.096866 0.101520 0.106474 0.111715 0.117122 0.122623 0.128101 0.133571 0.139053 0.144556 0.150085 0.155644 0.161234 0.166859 0.172509
0.000000 0.003944 0.007596 0.011007 0.014204 0.017213 0.020057 0.022760 0.025341 0.027820 0.030215 0.032541 0.034814 0.037048 0.039259 0.041458 0.043660 0.045878 0.048125 0.050413 0.052756 0.055168 0.057662 0.060252 0.062953 0.065779 0.068745 0.071868 0.075163 0.078648 0.082340 0.086259 0.090424 0.094856 0.099577 0.104612 0.109985 0.115713 0.121629 0.127552 0.133521 0.139531 0.145565 0.151622 0.157705 0.163815 0.169955 0.176126 0.182330 0.188566
0.000000 0.003952 0.007653 0.011108 0.014349 0.017402 0.020296 0.023053 0.025694 0.028237 0.030702 0.033103 0.035458 0.037779 0.040082 0.042380 0.044686 0.047014 0.049378 0.051790 0.054265 0.056816 0.059458 0.062205 0.065073 0.068078 0.071236 0.074565 0.078084 0.081811 0.085767 0.089972 0.094450 0.099225 0.104323 0.109770 0.115595 0.121747 0.127972 0.134247 0.140569 0.146941 0.153358 0.159816 0.166312 0.172846 0.179416 0.186022 0.192663 0.199340
0.000000 0.004021 0.007742 0.011216 0.014479 0.017561 0.020487 0.023280 0.025962 0.028550 0.031063 0.033516 0.035925 0.038304 0.040668 0.043029 0.045402 0.047799 0.050235 0.052721 0.055272 0.057902 0.060625 0.063457 0.066413 0.069510 0.072764 0.076194 0.079819 0.083658 0.087735 0.092070 0.096689 0.101616 0.106881 0.112511 0.118538 0.124886 0.131310 0.137797 0.144343 0.150947 0.157606 0.164317 0.171078 0.177886 0.184738 0.191632 0.198567 0.205541
0.000000 0.004045 0.007783 0.011273 0.014554 0.017656 0.020605 0.023422 0.026129 0.028744 0.031285 0.033767 0.036206 0.038615 0.041009 0.043401 0.045803 0.048230 0.050693 0.053206 0.055782 0.058435 0.061180 0.064031 0.067003 0.070112 0.073376 0.076813 0.080441 0.084281 0.088353 0.092682 0.097291 0.102206 0.107455 0.113067 0.119075 0.125475 0.131995 0.138585 0.145241 0.151961 0.158742 0.165581 0.172476 0.179424 0.186421 0.193464 0.200552 0.207681
0.000000 0.004006 0.007755 0.011262 0.014559 0.017675 0.020636 0.023465 0.026183 0.028809 0.031359 0.033848 0.036293 0.038706 0.041102 0.043492 0.045890 0.048309 0.050760 0.053257 0.055811 0.058438 0.061149 0.063960 0.066884 0.069938 0.073137 0.076499 0.080042 0.083785 0.087748 0.091954 0.096425 0.101187 0.106267 0.111692 0.117495 0.123703 0.130228 0.136822 0.143489 0.150220 0.157013 0.163867 0.170777 0.177739 0.184751 0.191811 0.198914 0.206056
0.000000 0.003999 0.007728 0.011224 0.014516 0.017629 0.020587 0.023413 0.026125 0.028743 0.031283 0.033759 0.036187 0.038579 0.040950 0.043310 0.045673 0.048051 0.050455 0.052897 0.055389 0.057944 0.060575 0.063295 0.066117 0.069055 0.072125 0.075343 0.078724 0.082288 0.086052 0.090036 0.094263 0.098755 0.103536 0.108633 0.114073 0.119887 0.126086 0.132577 0.139167 0.145798 0.152501 0.159256 0.166058 0.172909 0.179808 0.186748 0.193724 0.200732
0.000000 0.003982 0.007694 0.011170 0.014441 0.017533 0.020471 0.023276 0.025965 0.028556 0.031066 0.033509 0.035898 0.038247 0.040569 0.042874 0.045174 0.047482 0.049807 0.052162 0.054556 0.057003 0.059512 0.062097 0.064769 0.067541 0.070426 0.073439 0.076595 0.079908 0.083396 0.087076 0.090966 0.095087 0.099461 0.104108 0.109054 0.114326 0.119947 0.125918 0.132176 0.138614 0.145124 0.151641 0.158201 0.164812 0.171459 0.178129 0.184816 0.191521
0.000000 0.003962 0.007644 0.011090 0.014331 0.017391 0.020295 0.023063 0.025712 0.028261 0.030723 0.033114 0.035446 0.037731 0.039982 0.042210 0.044425 0.046637 0.048858 0.051096 0.053362 0.055667 0.058019 0.060430 0.062911 0.065472 0.068124 0.070881 0.073753 0.076754 0.079898 0.083199 0.086673 0.090336 0.094204 0.098298 0.102636 0.107239 0.112129 0.117325 0.122828 0.128600 0.134584 0.140690 0.146880 0.153124 0.159338 0.165541 0.171746 0.177954
0.000000 0.003913 0.007570 0.010985 0.014188 0.017207 0.020066 0.022784 0.025381 0.027872 0.030272 0.032595 0.034854 0.037059 0.039221 0.041352 0.043461 0.045557 0.047649 0.049746 0.051856 0.053989 0.056153 0.058356 0.060608 0.062917 0.065293 0.067744 0.070280 0.072913 0.075651 0.078506 0.081490 0.084615 0.087893 0.091338 0.094965 0.098788 0.102824 0.107089 0.111598 0.116351 0.121333 0.126506 0.131825 0.137256 0.142743 0.148243 0.153743 0.159237
0.000000 0.003900 0.007504 0.010867 0.014020 0.016988 0.019791 0.022451 0.024984 0.027407 0.029733 0.031975 0.034146 0.036256 0.038315 0.040332 0.042316 0.044275 0.046217 0.048149 0.050078 0.052012 0.053958 0.055921 0.057909 0.059927 0.061984 0.064085 0.066237 0.068446 0.070721 0.073067 0.075492 0.078004 0.080611 0.083321 0.086141 0.089083 0.092156 0.095371 0.098739 0.102270 0.105966 0.109822 0.113820 0.117938 0.122149 0.126418 0.130716 0.135028
0.000000 0.003840 0.007408 0.010727 0.013828 0.016738 0.019480 0.022073 0.024535 0.026880 0.029122 0.031273 0.033344 0.035345 0.037284 0.039171 0.041012 0.042815 0.044586 0.046330 0.048053 0.049761 0.051458 0.053149 0.054838 0.056529 0.058226 0.059932 0.061651 0.063386 0.065140 0.066917 0.068718 0.070546 0.072405 0.074298 0.076227 0.078197 0.080212 0.082279 0.084404 0.086595 0.088862 0.091208 0.093637 0.096144 0.098723 0.101363 0.104050 0.106772
0.000000 0.003798 0.007309 0.010572 0.013615 0.016463 0.019138 0.021658 0.024039 0.026298 0.028445 0.030493 0.032451 0.034329 0.036134 0.037873 0.039553 0.041179 0.042757 0.044289 0.045781 0.047235 0.048654 0.050041 0.051396 0.052721 0.054018 0.055286 0.056524 0.057734 0.058913 0.060060 0.061174 0.062252 0.063294 0.064297 0.065260 0.066185 0.067072 0.067925 0.068750 0.069555 0.070350 0.071149 0.071962 0.072799 0.073671 0.074588 0.075557 0.076575
0.000000 0.003740 0.007200 0.010404 0.013383 0.016162 0.018761 0.021199 0.023491 0.025652 0.027692 0.029623 0.031453 0.033191 0.034844 0.036417 0.037916 0.039344 0.040706 0.042002 0.043236 0.044408 0.045519 0.046569 0.047555 0.048478 0.049333 0.050119 0.050832 0.051466 0.052018 0.052481 0.052850 0.053121 0.053288 0.053347 0.053297 0.053138 0.052874 0.052510 0.052057 0.051530 0.050947 0.050327 0.049684 0.049042 0.048434 0.047884 0.047403 0.046992
0.000000 0.003698 0.007085 0.010217 0.013121 0.015820 0.018332 0.020674 0.022862 0.024908 0.026825 0.028622 0.030307 0.031888 0.033370 0.034757 0.036054 0.037262 0.038384 0.039420 0.040369 0.041232 0.042004 0.042685 0.043269 0.043752 0.044129 0.044392 0.044535 0.044549 0.044428 0.044162 0.043744 0.043169 0.042433 0.041535 0.040479 0.039274 0.037932 0.036468 0.034909 0.033290 0.031636 0.029959 0.028273 0.026660 0.025163 0.023780 0.022498 0.021306
0.000000 0.003599 0.006923 0.009981 0.012799 0.015400 0.017805 0.020033 0.022097 0.024011 0.025786 0.027430 0.028952 0.030356 0.031647 0.032828 0.033902 0.034869 0.035729 0.036481 0.037121 0.037647 0.038054 0.038336 0.038486 0.038497 0.038359 0.038064 0.037602 0.036963 0.036137 0.035120 0.033906 0.032495 0.030896 0.029117 0.027182 0.025125 0.022968 0.020738 0.018530 0.016379 0.014273 0.012200 0.010247 0.008659 0.007291 0.006057 0.004917 0.003849
0.000000 0.003517 0.006735 0.009678 0.012373 0.014847 0.017120 0.019209 0.021128 0.022890 0.024504 0.025978 0.027318 0.028527 0.029610 0.030568 0.031400 0.032106 0.032684 0.033130 0.033439 0.033605 0.033622 0.033479 0.033169 0.032681 0.032003 0.031126 0.030040 0.028738 0.027218 0.025482 0.023538 0.021414 0.019138 0.016738 0.014310 0.011897 0.009489 0.007251 0.005374 0.003681 0.002088 0.000550 0.000001 0.000001 0.000001 0.000001 0.000001 0.000001
0.000000 0.003401 0.006457 0.009239 0.011777 0.014096 0.016212 0.018142 0.019898 0.021490 0.022926 0.024213 0.025356 0.026356 0.027215 0.027933 0.028508 0.028937 0.029216 0.029339 0.029299 0.029087 0.028693 0.028108 0.027320 0.026317 0.025091 0.023635 0.021949 0.020036 0.017919 0.015624 0.013195 0.010730 0.008248 0.005882 0.003878 0.002055 0.000315 0.000001 0.000001 0.000001 0.000001 0.000001 0.000001 0.000001 0.000001 0.000001 0.000001 0.000001
0.000000 0.003146 0.006015 0.008617 0.010978 0.013120 0.015060 0.016812 0.018387 0.019793 0.021038 0.022124 0.023056 0.023833 0.024456 0.024922 0.025227 0.025367 0.025334 0.025122 0.024720 0.024118 0.023304 0.022269 0.021002 0.019498 0.017758 0.015793 0.013628 0.011301 0.008908 0.006473 0.004245 0.002312 0.000506 0.000001 0.000001 0.000001 0.000001 0.000001 0.000001 0.000001 0.000001 0.000001 0.000001 0.000001 0.000001 0.000001 0.000001 0.000001
0.000000 0.002879 0.005499 0.007872 0.010019 0.011957 0.013698 0.015253 0.016631 0.017838 0.018876 0.019750 0.020460 0.021004 0.021380 0.021584 0.021611 0.021454 0.021103 0.020548 0.019779 0.018785 0.017557 0.016090 0.014386 0.012463 0.010346 0.008114 0.005820 0.003662 0.001789 0.000030 0.000001 0.000001 0.000001 0.000001 0.000001 0.000001 0.000001 0.000001 0.000001 0.000001 0.000001 0.000001 0.000001 0.000001 0.000001 0.000001 0.000001 0.000001
0.000000 0.002607 0.004941 0.007056 0.008966 0.010678 0.012202 0.013545 0.014710 0.015703 0.016524 0.017175 0.017653 0.017957 0.018080 0.018018 0.017763 0.017306 0.016635 0.015741 0.014613 0.013248 0.011649 0.009835 0.007848 0.005766 0.003682 0.001870 0.000189 0.000001 0.000001 0.000001 0.000001 0.000001 0.000001 0.000001 0.000001 0.000001 0.000001 0.000001 0.000001 0.000001 0.000001 0.000001 0.000001 0.000001 0.000001 0.000001 0.000001 0.000001
0.000000 0.002262 0.004344 0.006215 0.007885 0.009364 0.010660 0.011777 0.012720 0.013491 0.014088 0.014509 0.014753 0.014813 0.014684 0.014357 0.013823 0.013071 0.012090 0.010875 0.009430 0.007773 0.005962 0.004055 0.002282 0.000694 0.000001 0.000001 0.000001 0.000001 0.000001 0.000001 0.000001 0.000001 0.000001 0.000001 0.000001 0.000001 0.000001 0.000001 0.000001 0.000001 0.000001 0.000001 0.000001 0.000001 0.000001 0.000001 0.000001 0.000001
0.000000 0.002018 0.003817 0.005423 0.006842 0.008082 0.009146 0.010037 0.010757 0.011305 0.011679 0.011875 0.011888 0.011711 0.011336 0.010754 0.009952 0.008923 0.007665 0.006197 0.004579 0.002883 0.001366 0.000001 0.000001 0.000001 0.000001 0.000001 0.000001 0.000001 0.000001 0.000001 0.000001 0.000001 0.000001 0.000001 0.000001 0.000001 0.000001 0.000001 0.000001 0.000001 0.000001 0.000001 0.000001 0.000001 0.000001 0.000001 0.000001 0.000001
0.000000 0.001762 0.003311 0.004673 0.005858 0.006872 0.007717 0.008394 0.008903 0.009241 0.009404 0.009387 0.009184 0.008786 0.008183 0.007364 0.006321 0.005061 0.003637 0.002147 0.000815 0.000001 0.000001 0.000001 0.000001 0.000001 0.000001 0.000001 0.000001 0.000001 0.000001 0.000001 0.000001 0.000001 0.000001 0.000001 0.000001 0.000001 0.000001 0.000001 0.000001 0.000001 0.000001 0.000001 0.000001 0.000001 0.000001 0.000001 0.000001 0.000001
0.000000 0.001497 0.002822 0.003973 0.004955 0.005772 0.006425 0.006913 0.007234 0.007385 0.007361 0.007156 0.006761 0.006167 0.005363 0.004339 0.003115 0.001783 0.000578 0.000001 0.000001 0.000001 0.000001 0.000001 0.000001 0.000001 0.000001 0.000001 0.000001 0.000001 0.000001 0.000001 0.000001 0.000001 0.000001 0.000001 0.000001 0.000001 0.000001 0.000001 0.000001 0.000001 0.000001 0.000001 0.000001 0.000001 0.000001 0.000001 0.000001 0.000001
0.000000 0.001283 0.002404 0.003372 0.004184 0.004836 0.005328 0.005658 0.005823 0.005818 0.005637 0.005274 0.004720 0.003963 0.002994 0.001825 0.000658 0.000001 0.000001 0.000001 0.000001 0.000001 0.000001 0.000001 0.000001 0.000001 0.000001 0.000001 0.000001 0.000001 0.000001 0.000001 0.000001 0.000001 0.000001 0.000001 0.000001 0.000001 0.000001 0.000001 0.000001 0.000001 0.000001 0.000001 0.000001 0.000001 0.000001 0.000001 0.000001 0.000001
0.000000 0.001109 0.002090 0.002918 0.003593 0.004114 0.004478 0.004683 0.004726 0.004600 0.004299 0.003815 0.003139 0.002260 0.001171 0.000078 0.000001 0.000001 0.000001 0.000001 0.000001 0.000001 0.000001 0.000001 0.000001 0.000001 0.000001 0.000001 0.000001 0.000001 0.000001 0.000001 0.000001 0.000001 0.000001 0.000001 0.000001 0.000001 0.000001 0.000001 0.000001 0.000001 0.000001 0.000001 0.000001 0.000001 0.000001 0.000001 0.000001 0.000001
0.000000 0.001039 0.001907 0.002628 0.003201 0.003627 0.003901 0.004019 0.003977 0.003768 0.003386 0.002821 0.002065 0.001107 0.000001 0.000001 0.000001 0.000001 0.000001 0.000001 0.000001 0.000001 0.000001 0.000001 0.000001 0.000001 0.000001 0.000001 0.000001 0.000001 0.000001 0.000001 0.000001 0.000001 0.000001 0.000001 0.000001 0.000001 0.000001 0.000001 0.000001 0.000001 0.000001 0.000001 0.000001 0.000001 0.000001 0.000001 0.000001 0.000001
0.000000 0.000974 0.001794 0.002466 0.002992 0.003369 0.003595 0.003667 0.003579 0.003326 0.002902 0.002297 0.001504 0.000512 0.000001 0.000001 0.000001 0.000001 0.000001 0.000001 0.000001 0.000001 0.000001 0.000001 0.000001 0.000001 0.000001 0.000001 0.000001 0.000001 0.000001 0.000001 0.000001 0.000001 0.000001 0.000001 0.000001 0.000001 0.000001 0.000001 0.000001 0.000001 0.000001 0.000001 0.000001 0.000001 0.000001 0.000001 0.000001 0.000001
0.000000 0.000949 0.001763 0.002432 0.002951 0.003320 0.003537 0.003599 0.003503 0.003244 0.002816 0.002212 0.001424 0.000442 0.000001 0.000001 0.000001 0.000001 0.000001 0.000001 0.000001 0.000001 0.000001 0.000001 0.000001 0.000001 0.000001 0.000001 0.000001 0.000001 0.000001 0.000001 0.000001 0.000001 0.000001 0.000001 0.000001 0.000001 0.000001 0.000001 0.000001 0.000001 0.000001 0.000001 0.000001 0.000001 0.000001 0.000001 0.000001 0.000001
0.000000 0.000992 0.001833 0.002522 0.003060 0.003448 0.003684 0.003767 0.003695 0.003463 0.003069 0.002504 0.001763 0.000836 0.000001 0.000001 0.000001 0.000001 0.000001 0.000001 0.000001 0.000001 0.000001 0.000001 0.000001 0.000001 0.000001 0.000001 0.000001 0.000001 0.000001 0.000001 0.000001 0.000001 0.000001 0.000001 0.000001 0.000001 0.000001 0.000001 0.000001 0.000001 0.000001 0.000001 0.000001 0.000001 0.000001 0.000001 0.000001 0.000001
0.000000 0.001065 0.001952 0.002684 0.003263 0.003691 0.003971 0.004102 0.004083 0.003912 0.003585 0.003098 0.002444 0.001615 0.000617 0.000001 0.000001 0.000001 0.000001 0.000001 0.000001 0.000001 0.000001 0.000001 0.000001 0.000001 0.000001 0.000001 0.000001 0.000001 0.000001 0.000001 0.000001 0.000001 0.000001 0.000001 0.000001 0.000001 0.000001 0.000001 0.000001 0.000001 0.000001 0.000001 0.000001 0.000001 0.000001 0.000001 0.000001 0.000001
0.000000 0.001104 0.002066 0.002860 0.003498 0.003988 0.004335 0.004540 0.004604 0.004524 0.004299 0.003924 0.003395 0.002707 0.001852 0.000881 0.000027 0.000001 0.000001 0.000001 0.000001 0.000001 0.000001 0.000001 0.000001 0.000001 0.000001 0.000001 0.000001 0.000001 0.000001 0.000001 0.000001 0.000001 0.000001 0.000001 0.000001 0.000001 0.000001 0.000001 0.000001 0.000001 0.000001 0.000001 0.000001 0.000001 0.000001 0.000001 0.000001 0.000001
0.000000 0.001205 0.002189 0.003029 0.003735 0.004306 0.004744 0.005049 0.005221 0.005261 0.005167 0.004937 0.004569 0.004057 0.003399 0.002593 0.001685 0.000844 0.000127 0.000001 0.000001 0.000001 0.000001 0.000001 0.000001 0.000001 0.000001 0.000001 0.000001 0.000001 0.000001 0.000001 0.000001 0.000001 0.000001 0.000001 0.000001 0.000001 0.000001 0.000001 0.000001 0.000001 0.000001 0.000001 0.000001 0.000001 0.000001 0.000001 0.000001 0.000001
0.000000 0.001168 0.002241 0.003181 0.003986 0.004662 0.005210 0.005633 0.005935 0.006117 0.006178 0.006120 0.005941 0.005639 0.005213 0.004659 0.003982 0.003214 0.002414 0.001676 0.001080 0.000560 0.000086 0.000001 0.000001 0.000001 0.000001 0.000001 0.000001 0.000001 0.000001 0.000001 0.000001 0.000001 0.000001 0.000001 0.000001 0.000001 0.000001 0.000001 0.000116 0.000497 0.001066 0.001788 0.002645 0.003630 0.004736 0.005957 0.007289 0.008727
0.000000 0.001241 0.002392 0.003420 0.004322 0.005102 0.005766 0.006318 0.006763 0.007102 0.007338 0.007473 0.007508 0.007444 0.007280 0.007016 0.006653 0.006197 0.005666 0.005089 0.004518 0.003977 0.003470 0.003045 0.002754 0.002552 0.002419 0.002348 0.002339 0.002393 0.002516 0.002714 0.002994 0.003363 0.003828 0.004396 0.005071 0.005859 0.006761 0.007781 0.008927 0.010259 0.011805 0.013565 0.015536 0.017710 0.020081 0.022639 0.025378 0.028292
0.000000 0.001418 0.002651 0.003756 0.004749 0.005636 0.006424 0.007116 0.007716 0.008229 0.008657 0.009005 0.009276 0.009472 0.009596 0.009652 0.009642 0.009570 0.009443 0.009272 0.009077 0.008882 0.008704 0.008560 0.008485 0.008497 0.008603 0.008810 0.009125 0.009559 0.010124 0.010832 0.011697 0.012731 0.013945 0.015348 0.016948 0.018748 0.020750 0.022953 0.025353 0.027957 0.030779 0.033828 0.037107 0.040607 0.044319 0.048236 0.052352 0.056662
0.000000 0.001504 0.002862 0.004092 0.005213 0.006236 0.007170 0.008022 0.008797 0.009501 0.010140 0.010719 0.011244 0.011722 0.012157 0.012557 0.012927 0.013274 0.013605 0.013928 0.014252 0.014591 0.014959 0.015375 0.015859 0.016435 0.017125 0.017949 0.018925 0.020075 0.021415 0.022964 0.024739 0.026751 0.029011 0.031521 0.034284 0.037298 0.040559 0.044053 0.047771 0.051704 0.055852 0.060214 0.064776 0.069522 0.074445 0.079542 0.084812 0.090257
0.000000 0.001586 0.003064 0.004439 0.005715 0.006901 0.008006 0.009037 0.010005 0.010917 0.011782 0.012609 0.013406 0.014182 0.014947 0.015711 0.016483 0.017273 0.018089 0.018941 0.019838 0.020793 0.021821 0.022938 0.024164 0.025523 0.027039 0.028738 0.030647 0.032788 0.035183 0.037846 0.040788 0.044012 0.047514 0.051285 0.055316 0.059596 0.064101 0.068810 0.073709 0.078793 0.084061 0.089488 0.095037 0.100701 0.106487 0.112399 0.118444 0.124627
0.000000 0.001702 0.003331 0.004864 0.006304 0.007660 0.008942 0.010163 0.011333 0.012464 0.013567 0.014653 0.015735 0.016824 0.017934 0.019078 0.020267 0.021515 0.022832 0.024232 0.025729 0.027339 0.029078 0.030968 0.033031 0.035292 0.037777 0.040514 0.043528 0.046836 0.050448 0.054363 0.058572 0.063056 0.067784 0.072736 0.077900 0.083245 0.088723 0.094328 0.100062 0.105931 0.111936 0.117991 0.124103 0.130294 0.136577 0.142957 0.149443 0.156038
0.000000 0.001917 0.003705 0.005389 0.006985 0.008506 0.009967 0.011379 0.012757 0.014113 0.015462 0.016817 0.018193 0.019606 0.021072 0.022606 0.024222 0.025937 0.027766 0.029727 0.031839 0.034123 0.036602 0.039301 0.042247 0.045469 0.048993 0.052841 0.057021 0.061531 0.066348 0.071434 0.076765 0.082276 0.087929 0.093719 0.099647 0.105622 0.111652 0.117764 0.123969 0.130276 0.136692 0.143208 0.149807 0.156487 0.163251 0.170101 0.177042 0.184077
0.000000 0.002121 0.004080 0.005927 0.007689 0.009384 0.011028 0.012638 0.014229 0.015817 0.017418 0.019048 0.020727 0.022472 0.024300 0.026230 0.028280 0.030468 0.032816 0.035346 0.038083 0.041053 0.044285 0.047810 0.051658 0.055859 0.060426 0.065355 0.070614 0.076160 0.081910 0.087823 0.093862 0.099929 0.106063 0.112287 0.118614 0.125037 0.131539 0.138119 0.144783 0.151535 0.158378 0.165317 0.172346 0.179463 0.186666 0.193954 0.201328 0.208789
0.000000 0.002247 0.004383 0.006410 0.008354 0.010235 0.012074 0.013890 0.015702 0.017528 0.019387 0.021299 0.023285 0.025365 0.027559 0.029888 0.032373 0.035038 0.037908 0.041011 0.044376 0.048035 0.052024 0.056377 0.061120 0.066262 0.071772 0.077586 0.083613 0.089775 0.095974 0.102256 0.108641 0.115115 0.121667 0.128301 0.135022 0.141835 0.148737 0.155725 0.162797 0.169956 0.177201 0.184535 0.191958 0.199469 0.207067 0.214751 0.222520 0.230375
0.000000 0.002398 0.004673 0.006863 0.008983 0.011050 0.013086 0.015111 0.017147 0.019213 0.021333 0.023528 0.025823 0.028239 0.030797 0.033524 0.036443 0.039582 0.042972 0.046645 0.050635 0.054980 0.059719 0.064876 0.070446 0.076366 0.082534 0.088794 0.095125 0.101564 0.108096 0.114713 0.121421 0.128224 0.135117 0.142098 0.149167 0.156326 0.163575 0.170914 0.178341 0.185855 0.193457 0.201147 0.208924 0.216788 0.224740 0.232778 0.240902 0.249110
0.000000 0.002517 0.004959 0.007311 0.009598 0.011844 0.014070 0.016300 0.018556 0.020860 0.023238 0.025713 0.028312 0.031057 0.033975 0.037092 0.040439 0.044045 0.047946 0.052179 0.056783 0.061800 0.067254 0.073124 0.079304 0.085614 0.092005 0.098507 0.105103 0.111797 0.118591 0.125481 0.132467 0.139548 0.146724 0.153994 0.161357 0.168813 0.176360 0.184000 0.191730 0.199551 0.207462 0.215461 0.223549 0.231725 0.239988 0.248338 0.256774 0.265296
0.000000 0.002711 0.005278 0.007769 0.010211 0.012625 0.015035 0.017462 0.019931 0.022466 0.025093 0.027840 0.030732 0.033797 0.037062 0.040558 0.044318 0.048376 0.052773 0.057549 0.062747 0.068396 0.074453 0.080760 0.087146 0.093645 0.100246 0.106952 0.113761 0.120672 0.127686 0.134801 0.142016 0.149331 0.156745 0.164256 0.171865 0.179570 0.187370 0.195265 0.203254 0.211335 0.219509 0.227774 0.236129 0.244574 0.253107 0.261729 0.270437 0.279232
0.000000 0.002819 0.005546 0.008200 0.010807 0.013392 0.015981 0.018598 0.021271 0.024025 0.026890 0.029894 0.033065 0.036433 0.040028 0.043885 0.048038 0.052529 0.057398 0.062693 0.068445 0.074606 0.080957 0.087404 0.093962 0.100627 0.107400 0.114280 0.121267 0.128360 0.135559 0.142862 0.150269 0.157779 0.165392 0.173106 0.180920 0.188834 0.196846 0.204956 0.213163 0.221465 0.229861 0.238351 0.246934 0.255608 0.264373 0.273228 0.282170 0.291201
0.000000 0.002948 0.005825 0.008635 0.011400 0.014147 0.016905 0.019701 0.022563 0.025522 0.028608 0.031852 0.035284 0.038934 0.042839 0.047033 0.051556 0.056452 0.061767 0.067542 0.073738 0.080105 0.086580 0.093166 0.099863 0.106671 0.113589 0.120617 0.127755 0.135001 0.142356 0.149818 0.157386 0.165061 0.172841 0.180725 0.188712 0.196801 0.204992 0.213283 0.221672 0.230160 0.238745 0.247426 0.256201 0.265070 0.274031 0.283084 0.292227 0.301458
0.000000 0.003129 0.006140 0.009081 0.011984 0.014876 0.017786 0.020745 0.023781 0.026928 0.030216 0.033680 0.037350 0.041262 0.045450 0.049956 0.054822 0.060094 0.065819 0.071992 0.078357 0.084834 0.091424 0.098127 0.104944 0.111874 0.118916 0.126070 0.133336 0.140713 0.148200 0.155797 0.163503 0.171317 0.179238 0.187266 0.195399 0.203637 0.211978 0.220421 0.228966 0.237610 0.246354 0.255195 0.264133 0.273167 0.282295 0.291515 0.300828 0.310230
0.000000 0.003264 0.006411 0.009482 0.012513 0.015537 0.018586 0.021691 0.024884 0.028200 0.031672 0.035335 0.039222 0.043370 0.047818 0.052609 0.057787 0.063403 0.069486 0.075834 0.082293 0.088867 0.095557 0.102363 0.109283 0.116318 0.123468 0.130731 0.138107 0.145597 0.153198 0.160911 0.168734 0.176667 0.184709 0.192859 0.201117 0.209480 0.217949 0.226521 0.235197 0.243974 0.252852 0.261830 0.270905 0.280078 0.289346 0.298709 0.308165 0.317713
0.000000 0.003360 0.006616 0.009801 0.012949 0.016092 0.019264 0.022500 0.025833 0.029300 0.032937 0.036778 0.040860 0.045222 0.049904 0.054951 0.060413 0.066338 0.072639 0.079065 0.085609 0.092270 0.099048 0.105943 0.112955 0.120082 0.127325 0.134684 0.142156 0.149743 0.157443 0.165256 0.173180 0.181216 0.189362 0.197617 0.205980 0.214451 0.223029 0.231711 0.240498 0.249388 0.258380 0.267473 0.276665 0.285956 0.295343 0.304826 0.314404 0.324074
0.000000 0.003428 0.006772 0.010045 0.013284 0.016524 0.019801 0.023149 0.026605 0.030206 0.033988 0.037988 0.042244 0.046796 0.051687 0.056965 0.062680 0.068860 0.075244 0.081747 0.088368 0.095107 0.101964 0.108939 0.116031 0.123240 0.130566 0.138007 0.145564 0.153236 0.161022 0.168921 0.176933 0.185057 0.193292 0.201638 0.210092 0.218655 0.227326 0.236103 0.244984 0.253970 0.263059 0.272250 0.281541 0.290931 0.300419 0.310004 0.319685 0.329459
0.000000 0.003513 0.006896 0.010220 0.013522 0.016836 0.020198 0.023641 0.027203 0.030919 0.034829 0.038969 0.043377 0.048098 0.053174 0.058656 0.064596 0.070921 0.077375 0.083947 0.090638 0.097448 0.104376 0.111421 0.118585 0.125866 0.133263 0.140778 0.148408 0.156153 0.164014 0.171988 0.180076 0.188276 0.196588 0.205011 0.213544 0.222186 0.230936 0.239793 0.248755 0.257823 0.266994 0.276268 0.285642 0.295117 0.304691 0.314362 0.324129 0.333991
0.000000 0.003505 0.006934 0.010309 0.013668 0.017046 0.020479 0.024003 0.027654 0.031471 0.035490 0.039751 0.044293 0.049160 0.054398 0.060058 0.066191 0.072589 0.079105 0.085739 0.092492 0.099364 0.106354 0.113461 0.120687 0.128030 0.135490 0.143067 0.150761 0.158570 0.166494 0.174533 0.182685 0.190950 0.199328 0.207817 0.216416 0.225125 0.233943 0.242867 0.251899 0.261035 0.270276 0.279619 0.289065 0.298611 0.308256 0.317999 0.327839 0.337775
0.000000 0.003511 0.006956 0.010365 0.013768 0.017198 0.020690 0.024280 0.028007 0.031908 0.036021 0.040384 0.045040 0.050032 0.055409 0.061222 0.067489 0.073940 0.080509 0.087196 0.094002 0.100925 0.107967 0.115127 0.122405 0.129801 0.137314 0.144944 0.152690 0.160553 0.168530 0.176623 0.184830 0.193150 0.201582 0.210127 0.218782 0.227547 0.236420 0.245402 0.254491 0.263685 0.272984 0.282386 0.291890 0.301496 0.311201 0.321005 0.330905 0.340902
0.000000 0.003532 0.007001 0.010436 0.013871 0.017340 0.020878 0.024523 0.028312 0.032283 0.036473 0.040922 0.045672 0.050769 0.056260 0.062199 0.068552 0.075044 0.081654 0.088383 0.095229 0.102194 0.109278 0.116479 0.123799 0.131237 0.138792 0.146465 0.154254 0.162160 0.170182 0.178318 0.186569 0.194934 0.203412 0.212001 0.220702 0.229513 0.238433 0.247462 0.256597 0.265839 0.275186 0.284636 0.294189 0.303843 0.313598 0.323451 0.333401 0.343448
0.000000 0.003577 0.007072 0.010531 0.013993 0.017496 0.021074 0.024764 0.028604 0.032632 0.036885 0.041403 0.046229 0.051409 0.056992 0.063033 0.069432 0.075952 0.082590 0.089348 0.096224 0.103219 0.110332 0.117565 0.124916 0.132386 0.139973 0.147679 0.155502 0.163441 0.171497 0.179668 0.187954 0.196353 0.204867 0.213492 0.222230 0.231077 0.240035 0.249100 0.258274 0.267553 0.276938 0.286427 0.296019 0.305713 0.315506 0.325399 0.335390 0.345477
0.000000 0.003611 0.007135 0.010627 0.014125 0.017665 0.021281 0.025012 0.028896 0.032969 0.037271 0.041842 0.046725 0.051968 0.057621 0.063739 0.070156 0.076691 0.083346 0.090120 0.097014 0.104028 0.111162 0.118416 0.125789 0.133281 0.140891 0.148621 0.156467 0.164432 0.172512 0.180709 0.189021 0.197448 0.205988 0.214641 0.223406 0.232282 0.241267 0.250362 0.259564 0.268873 0.278288 0.287806 0.297428 0.307152 0.316977 0.326900 0.336922 0.347040
0.000000 0.003613 0.007186 0.010725 0.014264 0.017840 0.021491 0.025255 0.029171 0.033278 0.037615 0.042224 0.047148 0.052435 0.058138 0.064305 0.070725 0.077265 0.083927 0.090710 0.097613 0.104638 0.111784 0.119050 0.126436 0.133943 0.141568 0.149313 0.157176 0.165157 0.173256 0.181470 0.189801 0.198246 0.206806 0.215478 0.224263 0.233159 0.242165 0.251280 0.260503 0.269834 0.279270 0.288810 0.298454 0.308200 0.318046 0.327993 0.338037 0.348178
0.000000 0.003681 0.007279 0.010841 0.014403 0.018002 0.021674 0.025459 0.029396 0.033524 0.037883 0.042514 0.047464 0.052779 0.058513 0.064706 0.071124 0.077664 0.084327 0.091112 0.098019 0.105049 0.112200 0.119473 0.126867 0.134381 0.142016 0.149770 0.157643 0.165635 0.173743 0.181969 0.190311 0.198768 0.207340 0.216025 0.224822 0.233731 0.242751 0.251879 0.261116 0.270460 0.279910 0.289465 0.299123 0.308883 0.318744 0.328705 0.338764 0.348921
0.000000 0.003720 0.007347 0.010925 0.014497 0.018104 0.021784 0.025578 0.029525 0.033662 0.038031 0.042673 0.047634 0.052963 0.058711 0.064915 0.071330 0.077869 0.084531 0.091317 0.098225 0.105257 0.112410 0.119686 0.127083 0.134601 0.142239 0.149997 0.157875 0.165871 0.173985 0.182216 0.190564 0.199027 0.207604 0.216295 0.225099 0.234014 0.243040 0.252175 0.261419 0.270769 0.280226 0.289788 0.299453 0.309220 0.319089 0.329057 0.339123 0.349287
