0.092710 0.101055 0.106325 0.110981 0.115553 0.120091 0.124573 0.128976 0.133289 0.137504 0.141620 0.145639 0.149561 0.153389 0.157128 0.160781 0.164351 0.167841 0.171255 0.174595 0.177866 0.181069 0.184208 0.187284 0.190301 0.193260 0.196164 0.199014 0.201812 0.204561 0.207262 0.209916 0.212526 0.215091 0.217614 0.220096 0.222538 0.224941 0.227306 0.229635 0.231927 0.234184 0.236407 0.238596 0.240752 0.242876 0.244968 0.247029 0.249060 0.251060
0.095660 0.100885 0.105297 0.109965 0.114657 0.119295 0.123849 0.128305 0.132654 0.136898 0.141036 0.145072 0.149009 0.152851 0.156601 0.160264 0.163842 0.167341 0.170762 0.174109 0.177386 0.180594 0.183738 0.186819 0.189839 0.192802 0.195709 0.198562 0.201363 0.204113 0.206816 0.209471 0.212081 0.214647 0.217170 0.219651 0.222092 0.224494 0.226857 0.229184 0.231474 0.233728 0.235948 0.238133 0.240285 0.242405 0.244493 0.246549 0.248574 0.250569
0.101981 0.099065 0.103135 0.108038 0.112967 0.117780 0.122457 0.126999 0.131412 0.135704 0.139881 0.143948 0.147911 0.151776 0.155546 0.159227 0.162822 0.166334 0.169769 0.173128 0.176416 0.179634 0.182787 0.185875 0.188903 0.191872 0.194784 0.197642 0.200447 0.203201 0.205906 0.208562 0.211173 0.213739 0.216261 0.218741 0.221180 0.223579 0.225939 0.228261 0.230545 0.232794 0.235007 0.237185 0.239329 0.241440 0.243518 0.245564 0.247579 0.249562
0.091445 0.094666 0.100012 0.105446 0.110678 0.115685 0.120494 0.125130 0.129614 0.133961 0.138182 0.142286 0.146281 0.150174 0.153969 0.157671 0.161286 0.164817 0.168268 0.171642 0.174944 0.178175 0.181338 0.184437 0.187474 0.190451 0.193369 0.196233 0.199042 0.201799 0.204506 0.207164 0.209774 0.212339 0.214859 0.217336 0.219771 0.222164 0.224518 0.226832 0.229108 0.231347 0.233549 0.235716 0.237848 0.239945 0.242008 0.244038 0.246036 0.248001
0.076275 0.089446 0.096580 0.102556 0.108033 0.113183 0.118089 0.122797 0.127336 0.131729 0.135988 0.140126 0.144151 0.148070 0.151888 0.155613 0.159247 0.162796 0.166263 0.169653 0.172968 0.176211 0.179386 0.182494 0.185539 0.188523 0.191448 0.194315 0.197128 0.199887 0.202594 0.205251 0.207860 0.210421 0.212937 0.215407 0.217834 0.220219 0.222562 0.224865 0.227129 0.229353 0.231540 0.233690 0.235804 0.237881 0.239924 0.241932 0.243906 0.245847
0.074589 0.086139 0.093623 0.099742 0.105273 0.110454 0.115386 0.120119 0.124683 0.129099 0.133381 0.137539 0.141583 0.145520 0.149356 0.153096 0.156745 0.160308 0.163788 0.167189 0.170514 0.173767 0.176949 0.180064 0.183115 0.186103 0.189030 0.191899 0.194712 0.197469 0.200174 0.202827 0.205429 0.207983 0.210490 0.212950 0.215365 0.217736 0.220064 0.222351 0.224596 0.226801 0.228966 0.231093 0.233182 0.235234 0.237249 0.239228 0.241171 0.243080
0.077118 0.085279 0.091488 0.097225 0.102574 0.107657 0.112533 0.117235 0.121783 0.126191 0.130471 0.134631 0.138678 0.142619 0.146460 0.150205 0.153859 0.157427 0.160912 0.164317 0.167646 0.170901 0.174086 0.177202 0.180252 0.183239 0.186164 0.189029 0.191836 0.194586 0.197283 0.199926 0.202517 0.205058 0.207549 0.209993 0.212390 0.214742 0.217049 0.219312 0.221532 0.223711 0.225848 0.227945 0.230002 0.232020 0.234000 0.235942 0.237846 0.239714
0.091867 0.085137 0.089932 0.095013 0.100021 0.104907 0.109661 0.114283 0.118775 0.123143 0.127393 0.131530 0.135559 0.139486 0.143315 0.147051 0.150697 0.154258 0.157736 0.161135 0.164458 0.167707 0.170885 0.173993 0.177035 0.180012 0.182927 0.185780 0.188574 0.191310 0.193991 0.196616 0.199189 0.201709 0.204179 0.206599 0.208970 0.211294 0.213572 0.215804 0.217992 0.220135 0.222236 0.224295 0.226312 0.228288 0.230224 0.232120 0.233977 0.235795
0.067425 0.084321 0.088480 0.092973 0.097629 0.102290 0.106888 0.111395 0.115799 0.120097 0.124289 0.128378 0.132366 0.136258 0.140057 0.143766 0.147388 0.150927 0.154385 0.157765 0.161069 0.164299 0.167458 0.170548 0.173571 0.176528 0.179422 0.182254 0.185025 0.187738 0.190393 0.192992 0.195536 0.198027 0.200465 0.202852 0.205189 0.207477 0.209716 0.211908 0.214054 0.216154 0.218209 0.220220 0.222187 0.224112 0.225994 0.227835 0.229634 0.231393
0.088074 0.083194 0.086810 0.091001 0.095415 0.099884 0.104326 0.108702 0.112996 0.117198 0.121308 0.125325 0.129250 0.133086 0.136835 0.140498 0.144079 0.147579 0.151001 0.154346 0.157617 0.160815 0.163942 0.167001 0.169992 0.172917 0.175778 0.178577 0.181314 0.183991 0.186610 0.189171 0.191676 0.194127 0.196523 0.198867 0.201158 0.203399 0.205590 0.207732 0.209825 0.211871 0.213870 0.215823 0.217731 0.219594 0.221413 0.223187 0.224919 0.226608
0.078803 0.081059 0.084922 0.089137 0.093460 0.097797 0.102099 0.106340 0.110508 0.114597 0.118605 0.122529 0.126371 0.130132 0.133811 0.137411 0.140933 0.144377 0.147746 0.151041 0.154263 0.157414 0.160495 0.163507 0.166452 0.169332 0.172147 0.174899 0.177589 0.180218 0.182788 0.185299 0.187753 0.190151 0.192493 0.194782 0.197017 0.199199 0.201330 0.203410 0.205440 0.207421 0.209353 0.211237 0.213074 0.214865 0.216609 0.218307 0.219960 0.221569
0.069532 0.078452 0.083161 0.087592 0.091916 0.096163 0.100337 0.104441 0.108475 0.112438 0.116328 0.120145 0.123887 0.127556 0.131149 0.134669 0.138115 0.141487 0.144787 0.148016 0.151173 0.154261 0.157280 0.160231 0.163116 0.165935 0.168690 0.171381 0.174010 0.176578 0.179085 0.181533 0.183923 0.186255 0.188531 0.190752 0.192917 0.195029 0.197088 0.199094 0.201049 0.202953 0.204807 0.206611 0.208366 0.210072 0.211731 0.213342 0.214905 0.216422
0.072061 0.076903 0.082055 0.086649 0.090962 0.095111 0.099154 0.103117 0.107011 0.110839 0.114603 0.118301 0.121932 0.125496 0.128990 0.132416 0.135771 0.139057 0.142274 0.145421 0.148499 0.151508 0.154451 0.157326 0.160135 0.162879 0.165559 0.168175 0.170729 0.173221 0.175652 0.178023 0.180335 0.182589 0.184785 0.186925 0.189008 0.191037 0.193011 0.194932 0.196800 0.198615 0.200378 0.202090 0.203752 0.205363 0.206925 0.208437 0.209900 0.211315
0.070375 0.076993 0.082007 0.086533 0.090726 0.094730 0.098621 0.102435 0.106185 0.109877 0.113511 0.117086 0.120599 0.124050 0.127436 0.130756 0.134010 0.137197 0.140316 0.143368 0.146353 0.149271 0.152122 0.154908 0.157627 0.160282 0.162873 0.165400 0.167864 0.170267 0.172608 0.174889 0.177109 0.179271 0.181375 0.183421 0.185411 0.187344 0.189221 0.191044 0.192812 0.194527 0.196189 0.197797 0.199354 0.200859 0.202313 0.203717 0.205069 0.206372
0.076696 0.078523 0.083102 0.087283 0.091217 0.095019 0.098741 0.102402 0.106012 0.109572 0.113079 0.116531 0.119925 0.123258 0.126530 0.129739 0.132882 0.135960 0.138973 0.141919 0.144798 0.147612 0.150360 0.153042 0.155659 0.158212 0.160700 0.163125 0.165487 0.167787 0.170026 0.172203 0.174321 0.176378 0.178377 0.180318 0.182200 0.184026 0.185795 0.187509 0.189167 0.190770 0.192319 0.193814 0.195255 0.196644 0.197980 0.199265 0.200497 0.201678
0.074168 0.081134 0.085070 0.088705 0.092302 0.095880 0.099433 0.102954 0.106436 0.109874 0.113263 0.116597 0.119874 0.123092 0.126247 0.129339 0.132367 0.135330 0.138227 0.141058 0.143823 0.146522 0.149156 0.151725 0.154228 0.156667 0.159042 0.161353 0.163602 0.165788 0.167912 0.169975 0.171977 0.173919 0.175802 0.177625 0.179391 0.181098 0.182749 0.184342 0.185879 0.187361 0.188787 0.190159 0.191476 0.192739 0.193948 0.195104 0.196207 0.197258
0.077960 0.084558 0.087331 0.090421 0.093726 0.097121 0.100542 0.103951 0.107329 0.110663 0.113946 0.117172 0.120338 0.123442 0.126482 0.129457 0.132366 0.135209 0.137985 0.140695 0.143339 0.145916 0.148427 0.150873 0.153254 0.155570 0.157822 0.160010 0.162134 0.164196 0.166196 0.168135 0.170012 0.171829 0.173586 0.175283 0.176921 0.178501 0.180023 0.181488 0.182895 0.184246 0.185541 0.186781 0.187965 0.189094 0.190168 0.191188 0.192155 0.193067
0.093974 0.087378 0.089175 0.092015 0.095200 0.098516 0.101869 0.105211 0.108514 0.111767 0.114959 0.118088 0.121151 0.124146 0.127073 0.129931 0.132720 0.135441 0.138094 0.140678 0.143195 0.145645 0.148028 0.150344 0.152595 0.154781 0.156902 0.158959 0.160952 0.162883 0.164750 0.166556 0.168300 0.169983 0.171606 0.173169 0.174673 0.176117 0.177503 0.178831 0.180102 0.181315 0.182471 0.183571 0.184615 0.185603 0.186536 0.187414 0.188237 0.189006
0.085967 0.087773 0.090138 0.093214 0.096509 0.099873 0.103234 0.106553 0.109813 0.113003 0.116120 0.119162 0.122128 0.125019 0.127835 0.130578 0.133248 0.135847 0.138374 0.140831 0.143218 0.145537 0.147787 0.149971 0.152087 0.154137 0.156122 0.158042 0.159898 0.161691 0.163420 0.165087 0.166692 0.168236 0.169718 0.171140 0.172503 0.173806 0.175050 0.176235 0.177362 0.178432 0.179444 0.180399 0.181297 0.182139 0.182926 0.183656 0.184331 0.184951
0.082596 0.086316 0.090338 0.094000 0.097581 0.101089 0.104513 0.107843 0.111079 0.114221 0.117271 0.120231 0.123106 0.125897 0.128606 0.131235 0.133787 0.136264 0.138665 0.140994 0.143250 0.145436 0.147552 0.149599 0.151578 0.153490 0.155336 0.157116 0.158830 0.160481 0.162068 0.163592 0.165053 0.166453 0.167791 0.169068 0.170285 0.171442 0.172539 0.173577 0.174557 0.175479 0.176342 0.177149 0.177898 0.178590 0.179226 0.179805 0.180329 0.180796
0.073746 0.085145 0.090336 0.094580 0.098483 0.102161 0.105659 0.109007 0.112222 0.115317 0.118302 0.121184 0.123968 0.126660 0.129263 0.131781 0.134216 0.136571 0.138848 0.141049 0.143175 0.145227 0.147208 0.149119 0.150959 0.152731 0.154436 0.156074 0.157646 0.159152 0.160595 0.161973 0.163289 0.164541 0.165732 0.166862 0.167931 0.168939 0.169887 0.170776 0.171605 0.172377 0.173089 0.173744 0.174341 0.174881 0.175364 0.175791 0.176161 0.176474
0.075853 0.085666 0.090669 0.095239 0.099360 0.103146 0.106683 0.110024 0.113203 0.116242 0.119155 0.121954 0.124647 0.127239 0.129737 0.132144 0.134463 0.136698 0.138851 0.140925 0.142922 0.144842 0.146689 0.148463 0.150166 0.151799 0.153363 0.154858 0.156287 0.157650 0.158947 0.160180 0.161348 0.162454 0.163497 0.164478 0.165397 0.166256 0.167054 0.167792 0.168471 0.169091 0.169652 0.170154 0.170599 0.170986 0.171315 0.171588 0.171803 0.171963
0.098188 0.086864 0.091579 0.096202 0.100343 0.104116 0.107616 0.110904 0.114018 0.116981 0.119811 0.122520 0.125117 0.127608 0.129999 0.132294 0.134499 0.136615 0.138647 0.140596 0.142465 0.144256 0.145970 0.147610 0.149177 0.150672 0.152097 0.153452 0.154739 0.155959 0.157112 0.158200 0.159223 0.160182 0.161078 0.161911 0.162683 0.163392 0.164041 0.164629 0.165157 0.165626 0.166036 0.166387 0.166679 0.166914 0.167091 0.167210 0.167273 0.167278
0.072903 0.087781 0.093141 0.097544 0.101484 0.105105 0.108482 0.111664 0.114678 0.117544 0.120277 0.122886 0.125381 0.127767 0.130051 0.132236 0.134326 0.136326 0.138238 0.140065 0.141809 0.143473 0.145058 0.146567 0.148001 0.149361 0.150649 0.151867 0.153015 0.154095 0.155107 0.156053 0.156933 0.157748 0.158499 0.159187 0.159812 0.160375 0.160876 0.161317 0.161697 0.162017 0.162277 0.162478 0.162621 0.162705 0.162732 0.162700 0.162612 0.162466
0.074168 0.090508 0.095311 0.099165 0.102725 0.106086 0.109276 0.112308 0.115195 0.117945 0.120569 0.123072 0.125460 0.127739 0.129914 0.131989 0.133967 0.135852 0.137647 0.139355 0.140978 0.142518 0.143978 0.145360 0.146665 0.147894 0.149051 0.150135 0.151148 0.152092 0.152967 0.153774 0.154515 0.155190 0.155801 0.156347 0.156829 0.157249 0.157607 0.157903 0.158138 0.158313 0.158428 0.158483 0.158480 0.158417 0.158296 0.158118 0.157882 0.157589
0.104509 0.094929 0.097698 0.100800 0.103920 0.106988 0.109965 0.112830 0.115577 0.118203 0.120710 0.123102 0.125382 0.127554 0.129621 0.131586 0.133454 0.135228 0.136909 0.138501 0.140007 0.141429 0.142768 0.144027 0.145208 0.146313 0.147342 0.148298 0.149182 0.149995 0.150738 0.151412 0.152019 0.152559 0.153033 0.153443 0.153788 0.154070 0.154289 0.154446 0.154542 0.154576 0.154550 0.154464 0.154319 0.154115 0.153852 0.153531 0.153153 0.152717
0.099031 0.097921 0.099614 0.102128 0.104899 0.107723 0.110510 0.113219 0.115829 0.118332 0.120724 0.123006 0.125178 0.127243 0.129205 0.131064 0.132825 0.134491 0.136063 0.137545 0.138938 0.140246 0.141471 0.142613 0.143676 0.144661 0.145570 0.146404 0.147164 0.147852 0.148470 0.149017 0.149497 0.149908 0.150253 0.150532 0.150746 0.150896 0.150983 0.151007 0.150969 0.150869 0.150709 0.150488 0.150208 0.149868 0.149470 0.149013 0.148498 0.147925
0.086810 0.098767 0.100545 0.102917 0.105546 0.108229 0.110882 0.113464 0.115956 0.118346 0.120630 0.122807 0.124876 0.126839 0.128698 0.130456 0.132115 0.133677 0.135145 0.136522 0.137809 0.139010 0.140125 0.141158 0.142110 0.142982 0.143777 0.144496 0.145140 0.145711 0.146210 0.146638 0.146997 0.147287 0.147510 0.147666 0.147757 0.147782 0.147744 0.147643 0.147478 0.147252 0.146965 0.146617 0.146209 0.145741 0.145214 0.144628 0.143985 0.143283
0.107459 0.098190 0.100481 0.103153 0.105842 0.108491 0.111071 0.113565 0.115962 0.118256 0.120443 0.122523 0.124496 0.126363 0.128126 0.129787 0.131349 0.132814 0.134184 0.135462 0.136650 0.137750 0.138764 0.139694 0.140541 0.141309 0.141997 0.142609 0.143145 0.143607 0.143996 0.144313 0.144560 0.144737 0.144846 0.144888 0.144864 0.144774 0.144619 0.144400 0.144119 0.143775 0.143369 0.142902 0.142375 0.141787 0.141141 0.140435 0.139671 0.138850
0.091445 0.096113 0.099885 0.103026 0.105869 0.108547 0.111099 0.113535 0.115859 0.118072 0.120175 0.122167 0.124052 0.125830 0.127503 0.129075 0.130547 0.131922 0.133201 0.134387 0.135482 0.136489 0.137409 0.138244 0.138996 0.139667 0.140258 0.140771 0.141207 0.141569 0.141857 0.142072 0.142216 0.142290 0.142295 0.142232 0.142101 0.141905 0.141643 0.141318 0.140928 0.140476 0.139961 0.139385 0.138748 0.138051 0.137295 0.136479 0.135605 0.134673
0.082596 0.094609 0.099419 0.102811 0.105760 0.108468 0.111005 0.113399 0.115664 0.117808 0.119836 0.121750 0.123555 0.125252 0.126844 0.128333 0.129722 0.131014 0.132209 0.133312 0.134323 0.135244 0.136078 0.136827 0.137492 0.138075 0.138578 0.139002 0.139349 0.139620 0.139816 0.139939 0.139990 0.139971 0.139881 0.139723 0.139498 0.139206 0.138848 0.138425 0.137938 0.137388 0.136775 0.136101 0.135365 0.134570 0.133714 0.132799 0.131825 0.130794
0.079225 0.095697 0.099449 0.102702 0.105635 0.108331 0.110840 0.113190 0.115401 0.117483 0.119443 0.121287 0.123019 0.124642 0.126160 0.127575 0.128889 0.130105 0.131226 0.132253 0.133188 0.134033 0.134791 0.135462 0.136050 0.136555 0.136979 0.137324 0.137590 0.137781 0.137896 0.137938 0.137907 0.137804 0.137632 0.137390 0.137080 0.136703 0.136260 0.135752 0.135179 0.134543 0.133844 0.133082 0.132260 0.131377 0.130434 0.129431 0.128370 0.127251
0.122630 0.097629 0.099799 0.102742 0.105561 0.108192 0.110646 0.112943 0.115096 0.117117 0.119014 0.120793 0.122460 0.124017 0.125468 0.126817 0.128064 0.129214 0.130268 0.131228 0.132096 0.132875 0.133565 0.134169 0.134689 0.135126 0.135482 0.135758 0.135955 0.136076 0.136121 0.136092 0.135990 0.135817 0.135572 0.135258 0.134876 0.134426 0.133910 0.133328 0.132682 0.131972 0.131198 0.130363 0.129466 0.128508 0.127490 0.126413 0.125277 0.124083
0.081753 0.097425 0.100127 0.102871 0.105544 0.108076 0.110453 0.112681 0.114771 0.116731 0.118568 0.120287 0.121895 0.123393 0.124786 0.126076 0.127265 0.128357 0.129354 0.130256 0.131067 0.131788 0.132422 0.132969 0.133431 0.133810 0.134108 0.134326 0.134466 0.134529 0.134515 0.134427 0.134266 0.134033 0.133730 0.133356 0.132914 0.132404 0.131827 0.131184 0.130477 0.129706 0.128872 0.127975 0.127017 0.125998 0.124919 0.123780 0.122583 0.121328
0.088496 0.097151 0.100357 0.103015 0.105559 0.107980 0.110266 0.112418 0.114441 0.116340 0.118119 0.119784 0.121338 0.122785 0.124127 0.125367 0.126508 0.127552 0.128500 0.129355 0.130118 0.130793 0.131379 0.131879 0.132295 0.132628 0.132880 0.133051 0.133145 0.133160 0.133101 0.132966 0.132759 0.132479 0.132128 0.131707 0.131218 0.130661 0.130037 0.129347 0.128593 0.127774 0.126892 0.125948 0.124943 0.123877 0.122750 0.121565 0.120321 0.119018
0.100716 0.097912 0.100558 0.103132 0.105568 0.107883 0.110078 0.112153 0.114110 0.115951 0.117678 0.119295 0.120803 0.122206 0.123506 0.124706 0.125807 0.126811 0.127721 0.128539 0.129266 0.129904 0.130454 0.130919 0.131299 0.131597 0.131814 0.131951 0.132010 0.131992 0.131898 0.131729 0.131488 0.131174 0.130790 0.130335 0.129812 0.129222 0.128564 0.127841 0.127054 0.126202 0.125287 0.124310 0.123272 0.122173 0.121015 0.119797 0.118521 0.117187
0.096924 0.098313 0.100712 0.103195 0.105535 0.107757 0.109872 0.111878 0.113777 0.115568 0.117251 0.118827 0.120299 0.121667 0.122934 0.124103 0.125174 0.126150 0.127032 0.127823 0.128524 0.129136 0.129662 0.130103 0.130460 0.130735 0.130929 0.131044 0.131080 0.131041 0.130925 0.130736 0.130474 0.130140 0.129735 0.129261 0.128719 0.128108 0.127432 0.126690 0.125884 0.125013 0.124081 0.123086 0.122030 0.120914 0.119738 0.118503 0.117210 0.115860
0.098188 0.098009 0.100789 0.103179 0.105430 0.107579 0.109631 0.111586 0.113440 0.115192 0.116842 0.118388 0.119833 0.121177 0.122422 0.123570 0.124621 0.125579 0.126445 0.127220 0.127906 0.128505 0.129018 0.129446 0.129792 0.130056 0.130240 0.130345 0.130373 0.130325 0.130202 0.130005 0.129736 0.129395 0.128984 0.128504 0.127957 0.127342 0.126661 0.125915 0.125104 0.124231 0.123295 0.122298 0.121240 0.120121 0.118944 0.117709 0.116415 0.115064
0.080067 0.098120 0.100784 0.103047 0.105227 0.107329 0.109344 0.111269 0.113097 0.114826 0.116455 0.117984 0.119413 0.120744 0.121978 0.123116 0.124160 0.125111 0.125972 0.126743 0.127426 0.128023 0.128535 0.128963 0.129310 0.129576 0.129763 0.129871 0.129904 0.129860 0.129743 0.129553 0.129290 0.128957 0.128555 0.128084 0.127545 0.126940 0.126270 0.125535 0.124736 0.123875 0.122952 0.121967 0.120923 0.119819 0.118657 0.117436 0.116158 0.114824
0.111673 0.098877 0.100602 0.102758 0.104910 0.107001 0.109010 0.110928 0.112749 0.114471 0.116095 0.117619 0.119046 0.120376 0.121611 0.122751 0.123799 0.124756 0.125623 0.126402 0.127095 0.127702 0.128226 0.128668 0.129028 0.129309 0.129512 0.129638 0.129688 0.129663 0.129566 0.129396 0.129155 0.128844 0.128464 0.128017 0.127503 0.126923 0.126278 0.125569 0.124798 0.123964 0.123070 0.122115 0.121100 0.120026 0.118895 0.117706 0.116460 0.115158
0.096924 0.098188 0.100102 0.102298 0.104486 0.106607 0.108638 0.110570 0.112403 0.114135 0.115768 0.117302 0.118739 0.120081 0.121329 0.122484 0.123549 0.124524 0.125410 0.126211 0.126925 0.127557 0.128105 0.128573 0.128961 0.129270 0.129503 0.129659 0.129741 0.129749 0.129685 0.129550 0.129345 0.129070 0.128728 0.128320 0.127845 0.127305 0.126702 0.126035 0.125307 0.124517 0.123667 0.122757 0.121788 0.120761 0.119677 0.118536 0.117340 0.116087
0.086810 0.096582 0.099333 0.101705 0.103988 0.106171 0.108245 0.110211 0.112070 0.113826 0.115482 0.117040 0.118501 0.119868 0.121143 0.122326 0.123420 0.124427 0.125346 0.126180 0.126931 0.127599 0.128186 0.128693 0.129122 0.129473 0.129749 0.129950 0.130078 0.130133 0.130117 0.130031 0.129876 0.129654 0.129364 0.129009 0.128589 0.128105 0.127558 0.126950 0.126280 0.125549 0.124760 0.123911 0.123005 0.122041 0.121021 0.119945 0.118814 0.117628
0.090603 0.095708 0.098506 0.101072 0.103472 0.105730 0.107858 0.109867 0.111765 0.113558 0.115250 0.116844 0.118343 0.119750 0.121065 0.122290 0.123428 0.124479 0.125445 0.126327 0.127126 0.127845 0.128484 0.129044 0.129528 0.129935 0.130268 0.130528 0.130715 0.130832 0.130879 0.130856 0.130767 0.130610 0.130388 0.130102 0.129752 0.129339 0.128864 0.128329 0.127733 0.127078 0.126365 0.125594 0.124766 0.123882 0.122942 0.121947 0.120898 0.119795
0.102823 0.095092 0.097784 0.100499 0.102996 0.105319 0.107500 0.109558 0.111503 0.113344 0.115085 0.116730 0.118281 0.119741 0.121111 0.122392 0.123587 0.124697 0.125723 0.126667 0.127529 0.128312 0.129017 0.129645 0.130196 0.130674 0.131078 0.131410 0.131672 0.131864 0.131987 0.132043 0.132033 0.131958 0.131818 0.131615 0.131350 0.131023 0.130636 0.130189 0.129683 0.129119 0.128498 0.127820 0.127087 0.126298 0.125454 0.124557 0.123606 0.122603
0.085124 0.093983 0.097268 0.100057 0.102599 0.104964 0.107191 0.109300 0.111301 0.113201 0.115005 0.116715 0.118333 0.119860 0.121299 0.122652 0.123918 0.125101 0.126201 0.127221 0.128160 0.129021 0.129805 0.130513 0.131147 0.131708 0.132197 0.132616 0.132966 0.133247 0.133461 0.133610 0.133693 0.133713 0.133670 0.133565 0.133399 0.133173 0.132888 0.132545 0.132144 0.131686 0.131172 0.130603 0.129979 0.129301 0.128570 0.127786 0.126949 0.126061
0.082596 0.093735 0.097020 0.099753 0.102283 0.104669 0.106940 0.109106 0.111175 0.113149 0.115030 0.116820 0.118519 0.120130 0.121653 0.123090 0.124443 0.125712 0.126901 0.128009 0.129038 0.129990 0.130867 0.131669 0.132399 0.133057 0.133644 0.134163 0.134614 0.134998 0.135316 0.135571 0.135761 0.135890 0.135957 0.135965 0.135912 0.135801 0.135633 0.135407 0.135126 0.134789 0.134397 0.133951 0.133452 0.132900 0.132295 0.131639 0.130932 0.130174
0.101138 0.094481 0.096947 0.099525 0.102017 0.104425 0.106751 0.108991 0.111145 0.113209 0.115184 0.117069 0.118866 0.120574 0.122195 0.123731 0.125183 0.126553 0.127842 0.129052 0.130184 0.131241 0.132223 0.133132 0.133969 0.134736 0.135435 0.136066 0.136630 0.137130 0.137565 0.137938 0.138250 0.138500 0.138691 0.138823 0.138898 0.138915 0.138876 0.138782 0.138633 0.138431 0.138175 0.137866 0.137505 0.137093 0.136630 0.136116 0.135552 0.134938
0.091445 0.094533 0.096802 0.099270 0.101758 0.104222 0.106633 0.108974 0.111234 0.113409 0.115495 0.117492 0.119400 0.121219 0.122952 0.124599 0.126163 0.127645 0.129047 0.130371 0.131618 0.132790 0.133889 0.134916 0.135872 0.136760 0.137581 0.138336 0.139026 0.139653 0.140217 0.140721 0.141164 0.141548 0.141875 0.142144 0.142358 0.142516 0.142619 0.142669 0.142665 0.142610 0.142502 0.142343 0.142133 0.141874 0.141564 0.141205 0.140797 0.140341
0.089338 0.093866 0.096405 0.098907 0.101486 0.104071 0.106613 0.109088 0.111480 0.113785 0.115999 0.118121 0.120154 0.122097 0.123952 0.125722 0.127408 0.129013 0.130538 0.131985 0.133357 0.134654 0.135880 0.137035 0.138121 0.139140 0.140093 0.140982 0.141808 0.142572 0.143275 0.143920 0.144506 0.145035 0.145507 0.145925 0.146288 0.146597 0.146854 0.147058 0.147211 0.147314 0.147365 0.147368 0.147321 0.147225 0.147080 0.146888 0.146648 0.146361
0.086389 0.093180 0.095721 0.098440 0.101237 0.104021 0.106743 0.109382 0.111929 0.114380 0.116735 0.118995 0.121162 0.123237 0.125224 0.127125 0.128942 0.130677 0.132333 0.133912 0.135416 0.136847 0.138208 0.139499 0.140723 0.141881 0.142975 0.144006 0.144976 0.145886 0.146737 0.147531 0.148269 0.148951 0.149579 0.150153 0.150675 0.151145 0.151565 0.151933 0.152252 0.152522 0.152743 0.152916 0.153041 0.153118 0.153149 0.153133 0.153071 0.152962
0.100295 0.092124 0.094848 0.097990 0.101120 0.104162 0.107098 0.109924 0.112639 0.115246 0.117750 0.120153 0.122460 0.124673 0.126797 0.128833 0.130786 0.132657 0.134449 0.136165 0.137807 0.139378 0.140879 0.142312 0.143679 0.144982 0.146223 0.147403 0.148524 0.149587 0.150593 0.151543 0.152439 0.153282 0.154072 0.154811 0.155499 0.156137 0.156726 0.157266 0.157758 0.158203 0.158601 0.158952 0.159257 0.159516 0.159729 0.159897 0.160020 0.160099
0.079225 0.090184 0.094076 0.097796 0.101303 0.104620 0.107776 0.110789 0.113672 0.116436 0.119088 0.121635 0.124082 0.126434 0.128695 0.130869 0.132959 0.134967 0.136898 0.138753 0.140536 0.142249 0.143893 0.145471 0.146986 0.148438 0.149830 0.151163 0.152438 0.153658 0.154823 0.155934 0.156994 0.158001 0.158959 0.159867 0.160726 0.161537 0.162301 0.163018 0.163689 0.164314 0.164894 0.165429 0.165919 0.166365 0.166767 0.167124 0.167439 0.167709
0.086810 0.088880 0.093918 0.098152 0.101973 0.105524 0.108870 0.112051 0.115088 0.117998 0.120790 0.123474 0.126057 0.128544 0.130939 0.133247 0.135471 0.137616 0.139683 0.141677 0.143600 0.145455 0.147243 0.148967 0.150630 0.152232 0.153776 0.155263 0.156696 0.158074 0.159400 0.160675 0.161899 0.163075 0.164202 0.165281 0.166314 0.167301 0.168243 0.169140 0.169992 0.170801 0.171566 0.172287 0.172966 0.173601 0.174195 0.174746 0.175254 0.175721
0.076275 0.089473 0.094860 0.099297 0.103280 0.106975 0.110458 0.113770 0.116935 0.119970 0.122888 0.125696 0.128404 0.131016 0.133537 0.135973 0.138326 0.140601 0.142801 0.144930 0.146990 0.148983 0.150912 0.152780 0.154588 0.156339 0.158034 0.159674 0.161262 0.162798 0.164285 0.165722 0.167112 0.168455 0.169751 0.171003 0.172210 0.173373 0.174492 0.175569 0.176603 0.177595 0.178545 0.179453 0.180321 0.181147 0.181932 0.182676 0.183380 0.184043
0.094395 0.092333 0.097041 0.101316 0.105286 0.109026 0.112580 0.115978 0.119238 0.122374 0.125396 0.128312 0.131129 0.133853 0.136489 0.139041 0.141514 0.143911 0.146236 0.148492 0.150681 0.152808 0.154872 0.156878 0.158828 0.160722 0.162563 0.164352 0.166092 0.167783 0.169426 0.171023 0.172574 0.174081 0.175545 0.176965 0.178343 0.179679 0.180973 0.182227 0.183440 0.184613 0.185745 0.186838 0.187892 0.188906 0.189880 0.190815 0.191711 0.192568
0.082174 0.096432 0.100188 0.104116 0.107958 0.111665 0.115237 0.118680 0.122002 0.125210 0.128312 0.131315 0.134224 0.137043 0.139778 0.142433 0.145012 0.147520 0.149958 0.152330 0.154640 0.156890 0.159081 0.161217 0.163299 0.165330 0.167310 0.169241 0.171126 0.172964 0.174758 0.176508 0.178215 0.179880 0.181504 0.183087 0.184630 0.186133 0.187597 0.189021 0.190407 0.191755 0.193065 0.194336 0.195570 0.196766 0.197924 0.199044 0.200127 0.201171
0.115887 0.100685 0.103851 0.107501 0.111195 0.114837 0.118392 0.121848 0.125203 0.128457 0.131615 0.134681 0.137660 0.140555 0.143371 0.146112 0.148782 0.151384 0.153922 0.156398 0.158815 0.161176 0.163482 0.165737 0.167941 0.170097 0.172206 0.174270 0.176289 0.178266 0.180201 0.182095 0.183949 0.185763 0.187538 0.189274 0.190973 0.192634 0.194258 0.195844 0.197395 0.198908 0.200385 0.201826 0.203231 0.204600 0.205933 0.207229 0.208490 0.209714
0.083860 0.104110 0.107727 0.111278 0.114876 0.118460 0.121986 0.125434 0.128797 0.132072 0.135261 0.138366 0.141392 0.144342 0.147218 0.150026 0.152768 0.155448 0.158068 0.160632 0.163141 0.165598 0.168005 0.170364 0.172677 0.174945 0.177170 0.179354 0.181496 0.183599 0.185662 0.187688 0.189676 0.191626 0.193541 0.195419 0.197261 0.199068 0.200839 0.202576 0.204278 0.205945 0.207578 0.209176 0.210740 0.212270 0.213765 0.215226 0.216651 0.218043
0.114201 0.108045 0.111758 0.115328 0.118901 0.122450 0.125945 0.129371 0.132720 0.135992 0.139186 0.142307 0.145356 0.148336 0.151252 0.154105 0.156899 0.159637 0.162321 0.164954 0.167537 0.170074 0.172565 0.175013 0.177419 0.179784 0.182109 0.184397 0.186647 0.188861 0.191038 0.193180 0.195287 0.197360 0.199398 0.201403 0.203374 0.205311 0.207216 0.209087 0.210926 0.212731 0.214505 0.216245 0.217953 0.219628 0.221271 0.222880 0.224456 0.225999
0.100716 0.112356 0.115976 0.119610 0.123203 0.126733 0.130192 0.133578 0.136891 0.140134 0.143309 0.146419 0.149467 0.152455 0.155386 0.158262 0.161087 0.163862 0.166590 0.169273 0.171912 0.174509 0.177067 0.179585 0.182066 0.184510 0.186919 0.189294 0.191635 0.193942 0.196216 0.198458 0.200667 0.202843 0.204988 0.207102 0.209184 0.211235 0.213254 0.215243 0.217201 0.219127 0.221023 0.222888 0.224722 0.226525 0.228297 0.230038 0.231747 0.233424
0.121365 0.116838 0.120408 0.124132 0.127741 0.131236 0.134637 0.137958 0.141210 0.144398 0.147528 0.150602 0.153624 0.156596 0.159519 0.162397 0.165230 0.168022 0.170773 0.173485 0.176160 0.178799 0.181403 0.183974 0.186511 0.189016 0.191490 0.193933 0.196345 0.198727 0.201079 0.203401 0.205692 0.207954 0.210187 0.212390 0.214564 0.216708 0.218824 0.220910 0.222967 0.224996 0.226995 0.228965 0.230905 0.232816 0.234698 0.236550 0.238372 0.240163
0.113780 0.121070 0.125120 0.128904 0.132464 0.135871 0.139173 0.142397 0.145558 0.148665 0.151723 0.154738 0.157710 0.160643 0.163537 0.166394 0.169216 0.172004 0.174758 0.177481 0.180172 0.182833 0.185465 0.188067 0.190642 0.193188 0.195707 0.198200 0.200664 0.203101 0.205510 0.207892 0.210246 0.212573 0.214873 0.217146 0.219391 0.221609 0.223800 0.225964 0.228100 0.230209 0.232291 0.234345 0.236371 0.238370 0.240341 0.242283 0.244197 0.246081
0.120523 0.125865 0.130220 0.133888 0.137277 0.140519 0.143670 0.146758 0.149797 0.152797 0.155762 0.158695 0.161598 0.164471 0.167317 0.170135 0.172926 0.175691 0.178430 0.181144 0.183834 0.186499 0.189139 0.191756 0.194349 0.196918 0.199464 0.201986 0.204483 0.206955 0.209402 0.211824 0.214221 0.216593 0.218940 0.221262 0.223559 0.225830 0.228076 0.230297 0.232492 0.234661 0.236804 0.238922 0.241013 0.243078 0.245117 0.247129 0.249113 0.251069
0.123894 0.131864 0.135669 0.138932 0.142013 0.145013 0.147965 0.150884 0.153778 0.156651 0.159505 0.162339 0.165156 0.167955 0.170736 0.173499 0.176244 0.178971 0.181680 0.184370 0.187042 0.189694 0.192327 0.194941 0.197536 0.200110 0.202665 0.205198 0.207710 0.210199 0.212665 0.215109 0.217531 0.219930 0.222305 0.224658 0.226987 0.229293 0.231575 0.233833 0.236067 0.238277 0.240463 0.242624 0.244761 0.246873 0.248960 0.251021 0.253055 0.255063
0.141593 0.138533 0.141099 0.143742 0.146431 0.149146 0.151873 0.154607 0.157343 0.160078 0.162810 0.165537 0.168259 0.170974 0.173681 0.176380 0.179068 0.181747 0.184413 0.187067 0.189708 0.192335 0.194948 0.197545 0.200127 0.202692 0.205241 0.207770 0.210281 0.212772 0.215243 0.217694 0.220124 0.222533 0.224922 0.227289 0.229635 0.231958 0.234260 0.236539 0.238795 0.241029 0.243240 0.245428 0.247592 0.249734 0.251851 0.253944 0.256013 0.258057
0.136115 0.144429 0.145880 0.147936 0.150255 0.152698 0.155209 0.157763 0.160343 0.162942 0.165553 0.168173 0.170799 0.173429 0.176060 0.178690 0.181318 0.183942 0.186560 0.189171 0.191774 0.194368 0.196951 0.199522 0.202081 0.204626 0.207158 0.209674 0.212173 0.214656 0.217121 0.219568 0.221996 0.224405 0.226794 0.229164 0.231514 0.233843 0.236151 0.238438 0.240704 0.242948 0.245171 0.247372 0.249550 0.251706 0.253840 0.255951 0.258039 0.260103
0.159713 0.148489 0.149411 0.151159 0.153232 0.155472 0.157810 0.160210 0.162655 0.165134 0.167637 0.170161 0.172700 0.175251 0.177812 0.180378 0.182948 0.185519 0.188090 0.190657 0.193221 0.195778 0.198328 0.200869 0.203400 0.205920 0.208428 0.210923 0.213404 0.215870 0.218320 0.220753 0.223169 0.225567 0.227948 0.230309 0.232652 0.234975 0.237278 0.239562 0.241825 0.244067 0.246289 0.248490 0.250669 0.252827 0.254964 0.257079 0.259172 0.261242
0.140750 0.149934 0.151420 0.153201 0.155201 0.157337 0.159564 0.161857 0.164201 0.166586 0.169005 0.171451 0.173919 0.176406 0.178906 0.181418 0.183937 0.186461 0.188987 0.191514 0.194039 0.196560 0.199076 0.201585 0.204085 0.206576 0.209056 0.211525 0.213981 0.216422 0.218849 0.221261 0.223656 0.226035 0.228397 0.230740 0.233065 0.235372 0.237660 0.239928 0.242177 0.244406 0.246615 0.248804 0.250972 0.253120 0.255247 0.257353 0.259438 0.261501
0.151285 0.149898 0.152022 0.154043 0.156105 0.158226 0.160406 0.162640 0.164923 0.167249 0.169612 0.172004 0.174423 0.176862 0.179318 0.181786 0.184265 0.186750 0.189238 0.191729 0.194218 0.196705 0.199187 0.201663 0.204131 0.206590 0.209039 0.211477 0.213902 0.216314 0.218711 0.221094 0.223461 0.225811 0.228145 0.230461 0.232760 0.235040 0.237302 0.239545 0.241769 0.243974 0.246159 0.248324 0.250470 0.252595 0.254701 0.256785 0.258850 0.260894
0.141172 0.149049 0.151521 0.153799 0.155970 0.158126 0.160307 0.162529 0.164792 0.167094 0.169430 0.171797 0.174188 0.176599 0.179027 0.181467 0.183916 0.186371 0.188830 0.191289 0.193747 0.196201 0.198651 0.201093 0.203528 0.205953 0.208367 0.210769 0.213159 0.215535 0.217897 0.220243 0.222574 0.224889 0.227186 0.229467 0.231729 0.233974 0.236200 0.238407 0.240596 0.242766 0.244916 0.247047 0.249159 0.251251 0.253323 0.255375 0.257408 0.259420
0.154235 0.147525 0.150198 0.152607 0.154854 0.157059 0.159275 0.161521 0.163800 0.166112 0.168453 0.170819 0.173206 0.175609 0.178024 0.180449 0.182880 0.185314 0.187749 0.190182 0.192612 0.195036 0.197454 0.199862 0.202261 0.204649 0.207025 0.209388 0.211737 0.214071 0.216391 0.218694 0.220981 0.223252 0.225505 0.227740 0.229958 0.232157 0.234337 0.236500 0.238643 0.240767 0.242872 0.244958 0.247025 0.249072 0.251100 0.253109 0.255098 0.257067
0.132743 0.145345 0.148197 0.150549 0.152812 0.155068 0.157342 0.159642 0.161969 0.164320 0.166691 0.169080 0.171482 0.173893 0.176310 0.178731 0.181152 0.183572 0.185988 0.188399 0.190802 0.193196 0.195581 0.197953 0.200314 0.202661 0.204994 0.207312 0.209614 0.211900 0.214170 0.216423 0.218658 0.220876 0.223075 0.225257 0.227420 0.229564 0.231689 0.233796 0.235884 0.237952 0.240002 0.242032 0.244043 0.246035 0.248008 0.249962 0.251896 0.253812
0.141593 0.143338 0.145459 0.147624 0.149884 0.152203 0.154559 0.156941 0.159340 0.161753 0.164175 0.166603 0.169034 0.171464 0.173892 0.176316 0.178733 0.181142 0.183541 0.185929 0.188304 0.190666 0.193014 0.195347 0.197664 0.199964 0.202248 0.204514 0.206762 0.208993 0.211205 0.213398 0.215573 0.217729 0.219866 0.221984 0.224082 0.226161 0.228221 0.230262 0.232284 0.234286 0.236269 0.238233 0.240178 0.242104 0.244011 0.245900 0.247769 0.249620
0.143700 0.140464 0.141723 0.143793 0.146113 0.148536 0.151003 0.153488 0.155978 0.158466 0.160950 0.163426 0.165892 0.168346 0.170788 0.173215 0.175627 0.178023 0.180402 0.182763 0.185106 0.187431 0.189736 0.192022 0.194288 0.196534 0.198759 0.200965 0.203150 0.205316 0.207460 0.209585 0.211689 0.213773 0.215837 0.217880 0.219904 0.221908 0.223892 0.225857 0.227802 0.229727 0.231633 0.233520 0.235389 0.237238 0.239069 0.240881 0.242675 0.244450
0.138643 0.135196 0.136806 0.139084 0.141585 0.144168 0.146772 0.149373 0.151960 0.154528 0.157073 0.159596 0.162094 0.164569 0.167019 0.169444 0.171844 0.174220 0.176571 0.178897 0.181198 0.183475 0.185728 0.187956 0.190161 0.192341 0.194499 0.196633 0.198744 0.200833 0.202899 0.204944 0.206966 0.208967 0.210947 0.212905 0.214843 0.216760 0.218658 0.220535 0.222392 0.224230 0.226048 0.227848 0.229628 0.231390 0.233134 0.234860 0.236568 0.238258
0.118416 0.128043 0.130910 0.133671 0.136459 0.139239 0.141992 0.144708 0.147384 0.150020 0.152616 0.155173 0.157691 0.160172 0.162617 0.165026 0.167401 0.169742 0.172051 0.174327 0.176573 0.178789 0.180975 0.183132 0.185262 0.187364 0.189440 0.191489 0.193514 0.195513 0.197488 0.199440 0.201368 0.203274 0.205157 0.207018 0.208859 0.210678 0.212476 0.214255 0.216013 0.217752 0.219472 0.221173 0.222855 0.224519 0.226166 0.227795 0.229406 0.231001
0.118416 0.120887 0.124586 0.127869 0.130956 0.133924 0.136805 0.139613 0.142353 0.145033 0.147654 0.150221 0.152735 0.155200 0.157617 0.159989 0.162317 0.164604 0.166850 0.169059 0.171230 0.173366 0.175468 0.177538 0.179576 0.181583 0.183561 0.185510 0.187433 0.189328 0.191198 0.193043 0.194863 0.196660 0.198434 0.200186 0.201916 0.203625 0.205313 0.206981 0.208629 0.210258 0.211868 0.213460 0.215033 0.216589 0.218128 0.219650 0.221156 0.222647
0.111252 0.114354 0.118423 0.122030 0.125312 0.128401 0.131356 0.134207 0.136969 0.139652 0.142261 0.144802 0.147279 0.149696 0.152055 0.154360 0.156614 0.158820 0.160979 0.163095 0.165169 0.167204 0.169201 0.171162 0.173088 0.174982 0.176844 0.178677 0.180480 0.182256 0.184005 0.185728 0.187426 0.189100 0.190752 0.192380 0.193987 0.195573 0.197139 0.198685 0.200211 0.201718 0.203208 0.204679 0.206133 0.207571 0.208993 0.210399 0.211790 0.213167
0.103666 0.108612 0.112804 0.116422 0.119719 0.122814 0.125762 0.128590 0.131316 0.133949 0.136498 0.138968 0.141365 0.143694 0.145957 0.148161 0.150307 0.152400 0.154442 0.156437 0.158387 0.160295 0.162162 0.163992 0.165786 0.167545 0.169273 0.170969 0.172635 0.174274 0.175886 0.177471 0.179032 0.180570 0.182084 0.183576 0.185047 0.186498 0.187928 0.189340 0.190733 0.192108 0.193466 0.194807 0.196132 0.197442 0.198737 0.200018 0.201286 0.202542
0.097767 0.104098 0.107832 0.111151 0.114283 0.117262 0.120108 0.122835 0.125456 0.127978 0.130409 0.132756 0.135023 0.137217 0.139342 0.141403 0.143404 0.145348 0.147240 0.149083 0.150880 0.152633 0.154345 0.156020 0.157657 0.159261 0.160832 0.162373 0.163884 0.165368 0.166826 0.168258 0.169666 0.171052 0.172415 0.173758 0.175080 0.176382 0.177666 0.178932 0.180181 0.181413 0.182629 0.183830 0.185017 0.186190 0.187351 0.188499 0.189637 0.190765
0.094817 0.100709 0.103331 0.106188 0.109034 0.111794 0.114448 0.116994 0.119437 0.121780 0.124031 0.126196 0.128280 0.130289 0.132229 0.134104 0.135919 0.137678 0.139384 0.141042 0.142655 0.144225 0.145756 0.147249 0.148708 0.150133 0.151528 0.152893 0.154231 0.155542 0.156829 0.158092 0.159333 0.160552 0.161751 0.162931 0.164091 0.165234 0.166360 0.167470 0.168564 0.169643 0.170708 0.171760 0.172800 0.173830 0.174849 0.175859 0.176861 0.177855
0.108723 0.097132 0.098999 0.101449 0.103965 0.106434 0.108818 0.111107 0.113298 0.115394 0.117401 0.119324 0.121169 0.122943 0.124650 0.126295 0.127883 0.129418 0.130904 0.132345 0.133743 0.135102 0.136425 0.137713 0.138969 0.140195 0.141393 0.142564 0.143710 0.144833 0.145933 0.147012 0.148071 0.149111 0.150133 0.151137 0.152125 0.153097 0.154055 0.154998 0.155928 0.156845 0.157752 0.158648 0.159535 0.160414 0.161287 0.162154 0.163016 0.163874
0.079646 0.092501 0.094707 0.096892 0.099073 0.101200 0.103249 0.105208 0.107078 0.108860 0.110560 0.112183 0.113736 0.115224 0.116652 0.118025 0.119348 0.120623 0.121856 0.123049 0.124205 0.125326 0.126416 0.127477 0.128509 0.129516 0.130499 0.131458 0.132397 0.133315 0.134214 0.135096 0.135960 0.136809 0.137642 0.138461 0.139266 0.140058 0.140838 0.141606 0.142364 0.143113 0.143854 0.144589 0.145319 0.146044 0.146767 0.147489 0.148210 0.148930
0.088496 0.088324 0.090617 0.092563 0.094387 0.096123 0.097773 0.099338 0.100820 0.102227 0.103562 0.104833 0.106044 0.107201 0.108309 0.109372 0.110394 0.111379 0.112328 0.113246 0.114135 0.114996 0.115832 0.116645 0.117436 0.118206 0.118958 0.119691 0.120408 0.121109 0.121796 0.122468 0.123127 0.123774 0.124410 0.125034 0.125647 0.126251 0.126846 0.127433 0.128013 0.128589 0.129161 0.129731 0.130302 0.130873 0.131447 0.132024 0.132604 0.133189
0.083860 0.085071 0.086995 0.088573 0.089971 0.091252 0.092440 0.093548 0.094586 0.095562 0.096483 0.097355 0.098183 0.098973 0.099726 0.100449 0.101142 0.101809 0.102453 0.103074 0.103675 0.104258 0.104823 0.105373 0.105907 0.106428 0.106936 0.107432 0.107916 0.108390 0.108854 0.109309 0.109755 0.110192 0.110622 0.111045 0.111461 0.111870 0.112275 0.112676 0.113076 0.113476 0.113879 0.114286 0.114699 0.115118 0.115546 0.115982 0.116427 0.116881
0.080489 0.082750 0.084018 0.085043 0.085913 0.086663 0.087325 0.087920 0.088464 0.088966 0.089434 0.089874 0.090289 0.090682 0.091058 0.091417 0.091762 0.092094 0.092415 0.092725 0.093026 0.093317 0.093601 0.093876 0.094145 0.094407 0.094663 0.094913 0.095158 0.095397 0.095633 0.095863 0.096090 0.096314 0.096533 0.096750 0.096964 0.097176 0.097389 0.097604 0.097823 0.098050 0.098287 0.098535 0.098796 0.099071 0.099360 0.099663 0.099981 0.100312
0.075011 0.081468 0.081717 0.082060 0.082297 0.082439 0.082516 0.082555 0.082569 0.082569 0.082560 0.082547 0.082532 0.082516 0.082500 0.082486 0.082472 0.082461 0.082451 0.082443 0.082436 0.082430 0.082426 0.082423 0.082421 0.082420 0.082420 0.082421 0.082422 0.082425 0.082428 0.082433 0.082439 0.082445 0.082453 0.082462 0.082473 0.082488 0.082509 0.082541 0.082586 0.082647 0.082726 0.082826 0.082946 0.083087 0.083249 0.083431 0.083633 0.083854
0.097767 0.080575 0.080046 0.079650 0.079168 0.078639 0.078093 0.077550 0.077020 0.076508 0.076018 0.075549 0.075102 0.074676 0.074270 0.073882 0.073512 0.073158 0.072819 0.072493 0.072180 0.071879 0.071588 0.071307 0.071035 0.070771 0.070516 0.070268 0.070028 0.069794 0.069567 0.069346 0.069131 0.068922 0.068719 0.068521 0.068331 0.068153 0.067990 0.067847 0.067729 0.067637 0.067575 0.067542 0.067538 0.067562 0.067613 0.067690 0.067792 0.067916
0.065740 0.079610 0.078965 0.077756 0.076502 0.075278 0.074102 0.072982 0.071918 0.070908 0.069950 0.069042 0.068179 0.067358 0.066575 0.065828 0.065113 0.064428 0.063769 0.063136 0.062525 0.061935 0.061365 0.060813 0.060277 0.059757 0.059252 0.058761 0.058283 0.057818 0.057364 0.056922 0.056491 0.056070 0.055660 0.055261 0.054876 0.054514 0.054181 0.053881 0.053619 0.053397 0.053214 0.053071 0.052965 0.052894 0.052855 0.052846 0.052866 0.052912
0.079646 0.080291 0.078360 0.076231 0.074209 0.072318 0.070549 0.068891 0.067333 0.065864 0.064477 0.063163 0.061916 0.060729 0.059597 0.058514 0.057476 0.056480 0.055521 0.054596 0.053704 0.052840 0.052004 0.051192 0.050405 0.049639 0.048894 0.048169 0.047463 0.046774 0.046102 0.045446 0.044806 0.044181 0.043571 0.042979 0.042414 0.041887 0.041406 0.040976 0.040600 0.040278 0.040006 0.039782 0.039601 0.039460 0.039355 0.039283 0.039241 0.039228
0.096081 0.081641 0.077858 0.074848 0.072152 0.069687 0.067409 0.065290 0.063306 0.061441 0.059680 0.058013 0.056427 0.054917 0.053472 0.052088 0.050759 0.049480 0.048246 0.047054 0.045901 0.044783 0.043699 0.042646 0.041622 0.040626 0.039655 0.038709 0.037787 0.036887 0.036008 0.035150 0.034311 0.033492 0.032692 0.031922 0.031201 0.030542 0.029950 0.029430 0.028981 0.028598 0.028274 0.028003 0.027779 0.027597 0.027452 0.027341 0.027261 0.027208
0.084282 0.081357 0.076967 0.073374 0.070196 0.067307 0.064646 0.062172 0.059856 0.057676 0.055615 0.053657 0.051791 0.050006 0.048296 0.046652 0.045069 0.043540 0.042063 0.040632 0.039244 0.037897 0.036588 0.035314 0.034073 0.032865 0.031686 0.030536 0.029413 0.028317 0.027245 0.026198 0.025175 0.024174 0.023201 0.022282 0.021447 0.020704 0.020054 0.019499 0.019029 0.018632 0.018299 0.018018 0.017785 0.017592 0.017434 0.017309 0.017212 0.017140
0.080489 0.079595 0.075442 0.071666 0.068253 0.065126 0.062233 0.059531 0.056990 0.054588 0.052305 0.050128 0.048044 0.046043 0.044117 0.042258 0.040462 0.038722 0.037035 0.035397 0.033804 0.032255 0.030746 0.029275 0.027840 0.026440 0.025074 0.023739 0.022434 0.021159 0.019912 0.018692 0.017499 0.016333 0.015213 0.014199 0.013318 0.012561 0.011925 0.011403 0.010973 0.010614 0.010314 0.010062 0.009852 0.009677 0.009532 0.009415 0.009321 0.009249
0.085546 0.077189 0.073384 0.069730 0.066318 0.063143 0.060170 0.057369 0.054713 0.052182 0.049761 0.047436 0.045197 0.043035 0.040944 0.038916 0.036949 0.035036 0.033175 0.031363 0.029597 0.027874 0.026192 0.024550 0.022946 0.021378 0.019845 0.018347 0.016880 0.015446 0.014042 0.012669 0.011324 0.010011 0.008800 0.007790 0.006962 0.006278 0.005751 0.005340 0.005010 0.004738 0.004511 0.004322 0.004164 0.004031 0.003922 0.003832 0.003759 0.003702
0.076275 0.074412 0.071078 0.067703 0.064475 0.061410 0.058495 0.055709 0.053036 0.050461 0.047975 0.045567 0.043231 0.040961 0.038752 0.036599 0.034500 0.032452 0.030452 0.028498 0.026589 0.024721 0.022895 0.021108 0.019360 0.017648 0.015973 0.014333 0.012728 0.011155 0.009615 0.008107 0.006630 0.005207 0.004030 0.003179 0.002525 0.002026 0.001717 0.001490 0.001310 0.001163 0.001041 0.000940 0.000855 0.000784 0.000725 0.000676 0.000637 0.000605
0.068689 0.071928 0.068804 0.065785 0.062858 0.060018 0.057260 0.054577 0.051961 0.049409 0.046917 0.044479 0.042094 0.039760 0.037473 0.035234 0.033040 0.030890 0.028783 0.026718 0.024694 0.022711 0.020767 0.018862 0.016995 0.015165 0.013371 0.011613 0.009891 0.008202 0.006548 0.004926 0.003337 0.001896 0.001022 0.000523 0.000160 0.000001 0.000001 0.000001 0.000001 0.000001 0.000001 0.000001 0.000001 0.000001 0.000001 0.000001 0.000001 0.000001
0.085546 0.069678 0.066764 0.064170 0.061605 0.059047 0.056500 0.053968 0.051457 0.048969 0.046509 0.044078 0.041679 0.039313 0.036982 0.034686 0.032427 0.030204 0.028019 0.025871 0.023761 0.021688 0.019653 0.017655 0.015694 0.013770 0.011882 0.010030 0.008214 0.006432 0.004685 0.002972 0.001293 0.000103 0.000001 0.000001 0.000001 0.000001 0.000001 0.000001 0.000001 0.000001 0.000001 0.000001 0.000001 0.000001 0.000001 0.000001 0.000001 0.000001
0.059840 0.067097 0.065124 0.063001 0.060796 0.058520 0.056188 0.053816 0.051420 0.049012 0.046601 0.044196 0.041803 0.039427 0.037073 0.034744 0.032443 0.030172 0.027933 0.025726 0.023554 0.021417 0.019315 0.017249 0.015219 0.013225 0.011267 0.009345 0.007458 0.005607 0.003791 0.002009 0.000262 0.000001 0.000001 0.000001 0.000001 0.000001 0.000001 0.000001 0.000001 0.000001 0.000001 0.000001 0.000001 0.000001 0.000001 0.000001 0.000001 0.000001
0.068268 0.065401 0.064046 0.062323 0.060413 0.058361 0.056203 0.053963 0.051664 0.049325 0.046960 0.044583 0.042202 0.039827 0.037464 0.035118 0.032793 0.030492 0.028220 0.025976 0.023765 0.021586 0.019441 0.017330 0.015255 0.013215 0.011210 0.009241 0.007307 0.005409 0.003546 0.001718 0.000001 0.000001 0.000001 0.000001 0.000001 0.000001 0.000001 0.000001 0.000001 0.000001 0.000001 0.000001 0.000001 0.000001 0.000001 0.000001 0.000001 0.000001
0.066161 0.064810 0.063582 0.062081 0.060336 0.058410 0.056348 0.054182 0.051938 0.049638 0.047301 0.044941 0.042570 0.040197 0.037831 0.035478 0.033142 0.030828 0.028539 0.026278 0.024047 0.021848 0.019682 0.017549 0.015451 0.013388 0.011360 0.009368 0.007411 0.005489 0.003603 0.001752 0.000001 0.000001 0.000001 0.000001 0.000001 0.000001 0.000001 0.000001 0.000001 0.000001 0.000001 0.000001 0.000001 0.000001 0.000001 0.000001 0.000001 0.000001
