0.059585 0.056483 0.054106 0.052335 0.051127 0.050446 0.050252 0.050504 0.051164 0.052197 0.053569 0.055251 0.057218 0.059445 0.061913 0.064604 0.067502 0.070595 0.073871 0.077320 0.080932 0.084702 0.088621 0.092686 0.096890 0.101230 0.105702 0.110302 0.115029 0.119880 0.124852 0.129943 0.135152 0.140478 0.145918 0.151472 0.157138 0.162915 0.168801 0.174797 0.180901 0.187112 0.193429 0.199851 0.206378 0.213007 0.219740 0.226574 0.233509 0.240544
0.062090 0.058969 0.056204 0.054111 0.052672 0.051825 0.051510 0.051673 0.052266 0.053246 0.054577 0.056227 0.058167 0.060373 0.062824 0.065501 0.068388 0.071472 0.074740 0.078183 0.081792 0.085558 0.089476 0.093540 0.097744 0.102084 0.106557 0.111160 0.115889 0.120742 0.125718 0.130812 0.136025 0.141355 0.146800 0.152358 0.158029 0.163811 0.169703 0.175704 0.181814 0.188031 0.194354 0.200783 0.207316 0.213953 0.220692 0.227534 0.234477 0.241519
0.068711 0.063066 0.059499 0.056999 0.055287 0.054238 0.053769 0.053812 0.054309 0.055213 0.056483 0.058083 0.059982 0.062155 0.064579 0.067234 0.070104 0.073174 0.076433 0.079869 0.083472 0.087236 0.091153 0.095217 0.099423 0.103767 0.108244 0.112852 0.117588 0.122448 0.127431 0.132534 0.137756 0.143095 0.148549 0.154118 0.159800 0.165593 0.171497 0.177510 0.183633 0.189862 0.196199 0.202641 0.209189 0.215840 0.222595 0.229452 0.236410 0.243470
0.068039 0.065734 0.062707 0.060198 0.058381 0.057222 0.056651 0.056604 0.057023 0.057861 0.059073 0.060625 0.062485 0.064626 0.067024 0.069660 0.072515 0.075575 0.078827 0.082260 0.085863 0.089629 0.093550 0.097621 0.101835 0.106189 0.110677 0.115297 0.120046 0.124920 0.129917 0.135036 0.140274 0.145630 0.151102 0.156689 0.162389 0.168201 0.174125 0.180159 0.186301 0.192552 0.198911 0.205375 0.211945 0.218620 0.225399 0.232280 0.239264 0.246350
0.077054 0.070094 0.066165 0.063504 0.061658 0.060471 0.059861 0.059768 0.060142 0.060936 0.062111 0.063631 0.065465 0.067586 0.069971 0.072598 0.075449 0.078510 0.081766 0.085206 0.088819 0.092598 0.096534 0.100622 0.104854 0.109228 0.113738 0.118380 0.123152 0.128050 0.133073 0.138217 0.143482 0.148865 0.154364 0.159979 0.165707 0.171549 0.177502 0.183566 0.189739 0.196022 0.202412 0.208909 0.215512 0.222220 0.229034 0.235950 0.242971 0.250093
0.072816 0.071574 0.069063 0.066773 0.065018 0.063838 0.063208 0.063089 0.063436 0.064208 0.065366 0.066875 0.068703 0.070825 0.073214 0.075851 0.078716 0.081794 0.085070 0.088534 0.092173 0.095980 0.099946 0.104065 0.108330 0.112738 0.117282 0.121960 0.126769 0.131705 0.136765 0.141948 0.147252 0.152674 0.158213 0.163868 0.169638 0.175521 0.181516 0.187622 0.193838 0.200163 0.206597 0.213139 0.219787 0.226542 0.233401 0.240366 0.247434 0.254606
0.082220 0.076650 0.073030 0.070378 0.068465 0.067200 0.066522 0.066375 0.066708 0.067478 0.068641 0.070163 0.072010 0.074154 0.076571 0.079239 0.082139 0.085254 0.088571 0.092076 0.095760 0.099612 0.103626 0.107793 0.112108 0.116565 0.121161 0.125890 0.130751 0.135739 0.140853 0.146089 0.151446 0.156922 0.162516 0.168226 0.174050 0.179989 0.186039 0.192201 0.198474 0.204857 0.211349 0.217949 0.224656 0.231470 0.238391 0.245416 0.252547 0.259782
0.084366 0.080192 0.076493 0.073650 0.071615 0.070291 0.069592 0.069448 0.069800 0.070596 0.071793 0.073354 0.075245 0.077437 0.079905 0.082626 0.085581 0.088755 0.092131 0.095698 0.099444 0.103360 0.107439 0.111671 0.116053 0.120577 0.125241 0.130039 0.134967 0.140024 0.145207 0.150512 0.155939 0.161485 0.167149 0.172929 0.178824 0.184833 0.190954 0.197188 0.203533 0.209989 0.216553 0.223227 0.230009 0.236899 0.243895 0.250998 0.258207 0.265521
0.088021 0.082619 0.078847 0.076101 0.074164 0.072924 0.072297 0.072219 0.072634 0.073493 0.074754 0.076380 0.078338 0.080598 0.083136 0.085930 0.088959 0.092208 0.095661 0.099306 0.103132 0.107129 0.111288 0.115603 0.120067 0.124674 0.129421 0.134303 0.139316 0.144458 0.149725 0.155116 0.160628 0.166260 0.172010 0.177876 0.183858 0.189954 0.196164 0.202485 0.208919 0.215463 0.222118 0.228882 0.235755 0.242737 0.249827 0.257024 0.264329 0.271740
0.086338 0.083168 0.080283 0.077975 0.076292 0.075218 0.074715 0.074738 0.075244 0.076187 0.077531 0.079238 0.081278 0.083621 0.086243 0.089122 0.092238 0.095575 0.099118 0.102854 0.106772 0.110863 0.115117 0.119527 0.124087 0.128792 0.133637 0.138617 0.143730 0.148971 0.154338 0.159830 0.165443 0.171176 0.177028 0.182997 0.189081 0.195281 0.201594 0.208021 0.214560 0.221211 0.227972 0.234845 0.241827 0.248919 0.256120 0.263430 0.270849 0.278376
0.088733 0.085189 0.082294 0.080040 0.078429 0.077435 0.077014 0.077121 0.077710 0.078738 0.080166 0.081959 0.084086 0.086517 0.089230 0.092201 0.095412 0.098845 0.102487 0.106323 0.110342 0.114536 0.118895 0.123411 0.128079 0.132893 0.137848 0.142939 0.148163 0.153517 0.158998 0.164604 0.170332 0.176182 0.182150 0.188237 0.194440 0.200759 0.207193 0.213741 0.220403 0.227177 0.234064 0.241062 0.248172 0.255393 0.262724 0.270166 0.277719 0.285381
0.092753 0.088233 0.084786 0.082299 0.080617 0.079630 0.079253 0.079421 0.080081 0.081186 0.082695 0.084572 0.086785 0.089307 0.092112 0.095178 0.098487 0.102020 0.105765 0.109706 0.113834 0.118137 0.122608 0.127239 0.132022 0.136954 0.142028 0.147240 0.152587 0.158065 0.163671 0.169404 0.175260 0.181239 0.187338 0.193557 0.199894 0.206348 0.212918 0.219603 0.226404 0.233318 0.240347 0.247489 0.254745 0.262113 0.269595 0.277189 0.284895 0.292714
0.094810 0.089896 0.086533 0.084158 0.082571 0.081666 0.081367 0.081612 0.082350 0.083534 0.085124 0.087086 0.089386 0.091998 0.094896 0.098059 0.101467 0.105103 0.108953 0.113003 0.117242 0.121660 0.126247 0.130998 0.135904 0.140959 0.146160 0.151501 0.156979 0.162590 0.168332 0.174202 0.180197 0.186317 0.192559 0.198922 0.205406 0.212008 0.218729 0.225567 0.232522 0.239593 0.246781 0.254084 0.261503 0.269038 0.276688 0.284453 0.292334 0.300331
0.092295 0.089986 0.087556 0.085606 0.084257 0.083508 0.083328 0.083675 0.084505 0.085777 0.087455 0.089505 0.091895 0.094599 0.097591 0.100851 0.104360 0.108100 0.112057 0.116217 0.120570 0.125104 0.129812 0.134685 0.139717 0.144902 0.150235 0.155711 0.161326 0.167078 0.172963 0.178978 0.185122 0.191392 0.197787 0.204306 0.210948 0.217711 0.224594 0.231598 0.238722 0.245965 0.253327 0.260807 0.268407 0.276125 0.283962 0.291918 0.299993 0.308187
0.095604 0.091690 0.089026 0.087127 0.085887 0.085254 0.085184 0.085633 0.086562 0.087929 0.089700 0.091842 0.094324 0.097122 0.100210 0.103568 0.107177 0.111021 0.115085 0.119356 0.123823 0.128475 0.133304 0.138302 0.143463 0.148780 0.154248 0.159863 0.165621 0.171517 0.177551 0.183718 0.190016 0.196445 0.203001 0.209684 0.216493 0.223427 0.230485 0.237666 0.244970 0.252397 0.259947 0.267619 0.275413 0.283331 0.291371 0.299534 0.307821 0.316231
0.096051 0.093188 0.090572 0.088683 0.087502 0.086957 0.086985 0.087536 0.088563 0.090027 0.091892 0.094126 0.096701 0.099591 0.102773 0.106228 0.109936 0.113882 0.118051 0.122431 0.127010 0.131779 0.136729 0.141852 0.147141 0.152591 0.158196 0.163951 0.169852 0.175897 0.182082 0.188404 0.194862 0.201453 0.208175 0.215029 0.222011 0.229123 0.236362 0.243729 0.251223 0.258844 0.266591 0.274466 0.282468 0.290597 0.298854 0.307238 0.315751 0.324393
0.099971 0.094680 0.091867 0.090096 0.089056 0.088639 0.088783 0.089439 0.090564 0.092121 0.094074 0.096395 0.099056 0.102033 0.105303 0.108848 0.112650 0.116692 0.120962 0.125447 0.130135 0.135018 0.140085 0.145330 0.150745 0.156325 0.162064 0.167958 0.174003 0.180195 0.186531 0.193008 0.199625 0.206379 0.213270 0.220295 0.227455 0.234747 0.242171 0.249728 0.257417 0.265237 0.273189 0.281273 0.289489 0.297838 0.306319 0.314934 0.323682 0.332565
0.093079 0.094091 0.092765 0.091475 0.090670 0.090408 0.090669 0.091422 0.092631 0.094265 0.096292 0.098685 0.101419 0.104470 0.107818 0.111443 0.115329 0.119460 0.123823 0.128406 0.133196 0.138185 0.143364 0.148724 0.154260 0.159964 0.165832 0.171860 0.178042 0.184375 0.190858 0.197486 0.204258 0.211173 0.218227 0.225422 0.232755 0.240226 0.247834 0.255580 0.263462 0.271482 0.279638 0.287931 0.296362 0.304931 0.313637 0.322482 0.331465 0.340588
0.105522 0.097869 0.094906 0.093390 0.092617 0.092421 0.092744 0.093551 0.094810 0.096492 0.098569 0.101014 0.103803 0.106913 0.110324 0.114018 0.117977 0.122186 0.126632 0.131302 0.136185 0.141270 0.146550 0.152016 0.157661 0.163479 0.169465 0.175615 0.181924 0.188389 0.195007 0.201776 0.208694 0.215758 0.222968 0.230322 0.237820 0.245460 0.253244 0.261169 0.269237 0.277446 0.285797 0.294291 0.302926 0.311703 0.320623 0.329686 0.338891 0.348239
0.094662 0.097495 0.096712 0.095608 0.094887 0.094683 0.094998 0.095808 0.097079 0.098782 0.100886 0.103365 0.106193 0.109348 0.112810 0.116559 0.120580 0.124855 0.129371 0.134115 0.139076 0.144244 0.149609 0.155165 0.160903 0.166819 0.172906 0.179162 0.185581 0.192160 0.198897 0.205789 0.212834 0.220031 0.227378 0.234874 0.242518 0.250311 0.258250 0.266337 0.274569 0.282948 0.291472 0.300141 0.308955 0.317915 0.327019 0.336268 0.345662 0.355199
0.110465 0.103297 0.100064 0.098258 0.097293 0.096990 0.097265 0.098060 0.099334 0.101048 0.103172 0.105676 0.108535 0.111727 0.115231 0.119027 0.123097 0.127424 0.131994 0.136795 0.141815 0.147043 0.152473 0.158095 0.163904 0.169893 0.176058 0.182395 0.188898 0.195567 0.202397 0.209386 0.216533 0.223835 0.231292 0.238902 0.246664 0.254578 0.262642 0.270856 0.279219 0.287728 0.296385 0.305187 0.314135 0.323228 0.332465 0.341845 0.351366 0.361027
0.105729 0.103936 0.101711 0.100131 0.099248 0.098994 0.099306 0.100133 0.101435 0.103178 0.105330 0.107864 0.110756 0.113982 0.117521 0.121352 0.125455 0.129814 0.134415 0.139247 0.144299 0.149561 0.155026 0.160685 0.166534 0.172565 0.178776 0.185160 0.191716 0.198439 0.205328 0.212378 0.219590 0.226960 0.234487 0.242170 0.250007 0.257997 0.266138 0.274428 0.282864 0.291446 0.300172 0.309040 0.318051 0.327202 0.336492 0.345918 0.355473 0.365155
0.107296 0.104072 0.102367 0.101263 0.100675 0.100600 0.101028 0.101937 0.103300 0.105092 0.107285 0.109857 0.112783 0.116038 0.119599 0.123442 0.127552 0.131913 0.136514 0.141344 0.146393 0.151653 0.157116 0.162775 0.168625 0.174660 0.180876 0.187269 0.193835 0.200570 0.207472 0.214538 0.221765 0.229152 0.236696 0.244396 0.252249 0.260251 0.268400 0.276692 0.285124 0.293696 0.302404 0.311248 0.320225 0.329335 0.338571 0.347924 0.357389 0.366965
0.103360 0.104098 0.103204 0.102366 0.101938 0.101988 0.102516 0.103504 0.104931 0.106773 0.109008 0.111614 0.114563 0.117825 0.121373 0.125192 0.129268 0.133592 0.138153 0.142942 0.147948 0.153164 0.158584 0.164200 0.170008 0.176001 0.182177 0.188529 0.195054 0.201749 0.208609 0.215632 0.222815 0.230155 0.237649 0.245296 0.253088 0.261020 0.269088 0.277290 0.285622 0.294084 0.302673 0.311386 0.320221 0.329177 0.338235 0.347390 0.356643 0.365995
0.113624 0.107534 0.104968 0.103718 0.103216 0.103287 0.103859 0.104892 0.106358 0.108231 0.110491 0.113109 0.116042 0.119258 0.122742 0.126489 0.130490 0.134735 0.139215 0.143918 0.148838 0.153967 0.159299 0.164827 0.170545 0.176448 0.182531 0.188789 0.195217 0.201812 0.208568 0.215482 0.222551 0.229771 0.237139 0.244650 0.252292 0.260064 0.267961 0.275983 0.284126 0.292387 0.300763 0.309253 0.317853 0.326561 0.335373 0.344282 0.353284 0.362376
0.105981 0.106512 0.105526 0.104697 0.104331 0.104458 0.105059 0.106107 0.107579 0.109454 0.111710 0.114284 0.117133 0.120255 0.123639 0.127278 0.131164 0.135289 0.139646 0.144224 0.149017 0.154018 0.159218 0.164612 0.170194 0.175956 0.181894 0.188002 0.194275 0.200708 0.207297 0.214038 0.220925 0.227955 0.235124 0.242429 0.249865 0.257425 0.265106 0.272905 0.280817 0.288840 0.296971 0.305206 0.313543 0.321979 0.330511 0.339135 0.347848 0.356646
0.111629 0.108044 0.106477 0.105648 0.105326 0.105468 0.106060 0.107087 0.108533 0.110379 0.112584 0.115068 0.117820 0.120833 0.124099 0.127610 0.131360 0.135342 0.139547 0.143969 0.148600 0.153434 0.158463 0.163681 0.169083 0.174661 0.180410 0.186325 0.192399 0.198629 0.205009 0.211535 0.218201 0.225004 0.231940 0.239005 0.246194 0.253503 0.260928 0.268465 0.276111 0.283860 0.291712 0.299661 0.307704 0.315840 0.324065 0.332375 0.340768 0.349240
0.108066 0.108170 0.107269 0.106502 0.106131 0.106210 0.106742 0.107714 0.109106 0.110900 0.113024 0.115413 0.118061 0.120960 0.124101 0.127478 0.131083 0.134910 0.138952 0.143203 0.147655 0.152302 0.157138 0.162157 0.167352 0.172719 0.178251 0.183943 0.189789 0.195785 0.201926 0.208207 0.214622 0.221169 0.227842 0.234638 0.241553 0.248581 0.255721 0.262967 0.270315 0.277763 0.285306 0.292941 0.300665 0.308475 0.316367 0.324339 0.332388 0.340510
0.113892 0.110316 0.108273 0.107071 0.106499 0.106468 0.106926 0.107836 0.109172 0.110908 0.112955 0.115256 0.117805 0.120592 0.123611 0.126853 0.130313 0.133984 0.137860 0.141933 0.146199 0.150652 0.155284 0.160092 0.165069 0.170209 0.175508 0.180960 0.186561 0.192304 0.198186 0.204202 0.210347 0.216616 0.223007 0.229514 0.236133 0.242860 0.249693 0.256626 0.263656 0.270780 0.277994 0.285294 0.292677 0.300141 0.307681 0.315294 0.322979 0.330731
0.112528 0.109686 0.107769 0.106606 0.106054 0.106026 0.106472 0.107356 0.108652 0.110339 0.112325 0.114552 0.117010 0.119693 0.122593 0.125706 0.129023 0.132540 0.136250 0.140147 0.144227 0.148482 0.152909 0.157502 0.162255 0.167164 0.172223 0.177427 0.182773 0.188254 0.193867 0.199607 0.205469 0.211450 0.217545 0.223750 0.230062 0.236475 0.242987 0.249594 0.256292 0.263078 0.269948 0.276898 0.283926 0.291029 0.298202 0.305443 0.312749 0.320118
0.108205 0.106919 0.105900 0.105190 0.104858 0.104930 0.105408 0.106284 0.107545 0.109179 0.111115 0.113272 0.115645 0.118228 0.121015 0.124001 0.127179 0.130545 0.134092 0.137816 0.141711 0.145773 0.149995 0.154374 0.158903 0.163580 0.168398 0.173353 0.178442 0.183658 0.188998 0.194458 0.200034 0.205720 0.211515 0.217412 0.223409 0.229502 0.235687 0.241960 0.248319 0.254759 0.261277 0.267869 0.274534 0.281266 0.288064 0.294924 0.301844 0.308820
0.105085 0.104961 0.104233 0.103631 0.103341 0.103414 0.103865 0.104691 0.105884 0.107436 0.109307 0.111391 0.113678 0.116161 0.118835 0.121695 0.124737 0.127954 0.131342 0.134895 0.138610 0.142480 0.146501 0.150669 0.154978 0.159425 0.164005 0.168713 0.173546 0.178499 0.183568 0.188748 0.194037 0.199429 0.204922 0.210511 0.216193 0.221963 0.227819 0.233757 0.239773 0.245864 0.252027 0.258259 0.264556 0.270916 0.277335 0.283810 0.290339 0.296919
0.108760 0.105029 0.103169 0.102126 0.101609 0.101530 0.101856 0.102568 0.103648 0.105084 0.106856 0.108859 0.111053 0.113433 0.115994 0.118730 0.121636 0.124707 0.127939 0.131325 0.134862 0.138545 0.142368 0.146329 0.150422 0.154644 0.158989 0.163454 0.168035 0.172728 0.177529 0.182433 0.187438 0.192539 0.197733 0.203015 0.208383 0.213833 0.219361 0.224964 0.230639 0.236382 0.242191 0.248062 0.253993 0.259979 0.266020 0.272110 0.278249 0.284433
0.103896 0.102527 0.101059 0.099933 0.099251 0.099015 0.099202 0.099784 0.100739 0.102044 0.103683 0.105599 0.107700 0.109978 0.112425 0.115038 0.117810 0.120736 0.123813 0.127034 0.130396 0.133894 0.137524 0.141281 0.145162 0.149161 0.153276 0.157502 0.161836 0.166272 0.170809 0.175441 0.180165 0.184978 0.189876 0.194855 0.199912 0.205044 0.210247 0.215518 0.220854 0.226252 0.231709 0.237222 0.242788 0.248405 0.254069 0.259778 0.265530 0.271321
0.100976 0.099502 0.097851 0.096615 0.095865 0.095572 0.095693 0.096195 0.097050 0.098236 0.099736 0.101531 0.103545 0.105720 0.108055 0.110544 0.113181 0.115964 0.118886 0.121943 0.125131 0.128445 0.131882 0.135437 0.139106 0.142886 0.146772 0.150762 0.154850 0.159033 0.163308 0.167670 0.172116 0.176642 0.181246 0.185924 0.190672 0.195487 0.200367 0.205309 0.210308 0.215363 0.220471 0.225629 0.230835 0.236085 0.241377 0.246709 0.252078 0.257481
0.100213 0.095241 0.093075 0.091937 0.091344 0.091152 0.091307 0.091784 0.092566 0.093641 0.094999 0.096630 0.098510 0.100587 0.102804 0.105163 0.107664 0.110300 0.113065 0.115954 0.118963 0.122091 0.125331 0.128682 0.132138 0.135697 0.139354 0.143105 0.146947 0.150875 0.154886 0.158975 0.163141 0.167380 0.171688 0.176062 0.180500 0.184999 0.189555 0.194167 0.198830 0.203543 0.208304 0.213109 0.217956 0.222843 0.227768 0.232727 0.237719 0.242740
0.084120 0.086474 0.086626 0.086360 0.086132 0.086083 0.086262 0.086689 0.087371 0.088308 0.089496 0.090929 0.092601 0.094490 0.096562 0.098787 0.101149 0.103625 0.106219 0.108929 0.111751 0.114682 0.117719 0.120858 0.124095 0.127426 0.130847 0.134353 0.137939 0.141602 0.145340 0.149149 0.153026 0.156969 0.160974 0.165039 0.169160 0.173336 0.177565 0.181842 0.186167 0.190536 0.194949 0.199401 0.203892 0.208419 0.212979 0.217570 0.222188 0.226831
0.084549 0.082662 0.081909 0.081371 0.080981 0.080779 0.080799 0.081056 0.081552 0.082287 0.083256 0.084453 0.085870 0.087499 0.089323 0.091321 0.093472 0.095755 0.098157 0.100669 0.103288 0.106009 0.108828 0.111741 0.114745 0.117835 0.121001 0.124239 0.127550 0.130930 0.134376 0.137886 0.141458 0.145089 0.148776 0.152517 0.156310 0.160153 0.164044 0.167980 0.171960 0.175981 0.180042 0.184140 0.188275 0.192444 0.196641 0.200863 0.205108 0.209374
0.080442 0.079577 0.078020 0.076714 0.075772 0.075170 0.074874 0.074857 0.075098 0.075580 0.076291 0.077219 0.078355 0.079687 0.081207 0.082901 0.084755 0.086751 0.088876 0.091115 0.093461 0.095906 0.098444 0.101071 0.103782 0.106575 0.109442 0.112378 0.115380 0.118444 0.121569 0.124753 0.127993 0.131287 0.134634 0.138032 0.141478 0.144972 0.148511 0.152094 0.155719 0.159385 0.163091 0.166834 0.170614 0.174422 0.178248 0.182093 0.185958 0.189842
0.081668 0.076113 0.073037 0.071052 0.069695 0.068780 0.068215 0.067946 0.067940 0.068171 0.068621 0.069275 0.070119 0.071145 0.072340 0.073696 0.075203 0.076848 0.078620 0.080508 0.082501 0.084592 0.086773 0.089038 0.091383 0.093805 0.096298 0.098858 0.101481 0.104163 0.106903 0.109698 0.112545 0.115443 0.118391 0.121387 0.124429 0.127516 0.130647 0.133820 0.137034 0.140289 0.143583 0.146915 0.150284 0.153688 0.157118 0.160571 0.164045 0.167539
0.068100 0.066625 0.064978 0.063510 0.062309 0.061384 0.060722 0.060305 0.060115 0.060134 0.060346 0.060740 0.061302 0.062022 0.062891 0.063900 0.065041 0.066305 0.067685 0.069171 0.070757 0.072434 0.074197 0.076040 0.077958 0.079948 0.082005 0.084127 0.086309 0.088549 0.090843 0.093190 0.095587 0.098033 0.100525 0.103063 0.105645 0.108269 0.110936 0.113642 0.116389 0.119174 0.121998 0.124858 0.127755 0.130687 0.133652 0.136646 0.139666 0.142710
0.056659 0.057031 0.056276 0.055257 0.054266 0.053407 0.052717 0.052205 0.051871 0.051705 0.051700 0.051846 0.052133 0.052552 0.053096 0.053756 0.054526 0.055400 0.056373 0.057439 0.058594 0.059831 0.061148 0.062539 0.064001 0.065530 0.067122 0.068776 0.070488 0.072255 0.074074 0.075944 0.077862 0.079826 0.081835 0.083886 0.085980 0.088113 0.090286 0.092497 0.094745 0.097030 0.099350 0.101706 0.104095 0.106518 0.108974 0.111461 0.113977 0.116519
0.053832 0.050721 0.048947 0.047613 0.046497 0.045548 0.044755 0.044111 0.043612 0.043250 0.043018 0.042909 0.042914 0.043027 0.043240 0.043548 0.043947 0.044433 0.045002 0.045653 0.046382 0.047187 0.048065 0.049013 0.050028 0.051106 0.052245 0.053442 0.054694 0.055999 0.057355 0.058758 0.060206 0.061699 0.063233 0.064808 0.066422 0.068072 0.069760 0.071482 0.073238 0.075028 0.076850 0.078704 0.080589 0.082504 0.084450 0.086424 0.088426 0.090456
0.045647 0.044080 0.042351 0.040801 0.039462 0.038310 0.037318 0.036469 0.035749 0.035146 0.034652 0.034259 0.033960 0.033748 0.033620 0.033572 0.033603 0.033713 0.033900 0.034165 0.034505 0.034919 0.035403 0.035955 0.036572 0.037249 0.037985 0.038776 0.039619 0.040512 0.041451 0.042436 0.043462 0.044529 0.045634 0.046776 0.047953 0.049164 0.050407 0.051681 0.052986 0.054320 0.055682 0.057072 0.058489 0.059933 0.061403 0.062898 0.064417 0.065961
0.041168 0.038817 0.036741 0.034937 0.033354 0.031953 0.030703 0.029584 0.028581 0.027683 0.026880 0.026165 0.025531 0.024975 0.024498 0.024102 0.023790 0.023565 0.023425 0.023369 0.023394 0.023495 0.023667 0.023906 0.024208 0.024568 0.024983 0.025449 0.025962 0.026521 0.027121 0.027762 0.028439 0.029152 0.029898 0.030675 0.031483 0.032320 0.033184 0.034074 0.034990 0.035930 0.036895 0.037882 0.038891 0.039923 0.040975 0.042049 0.043143 0.044256
0.037244 0.034245 0.032029 0.030075 0.028272 0.026597 0.025040 0.023597 0.022258 0.021015 0.019861 0.018790 0.017802 0.016904 0.016104 0.015414 0.014838 0.014375 0.014018 0.013756 0.013580 0.013483 0.013456 0.013493 0.013587 0.013734 0.013928 0.014166 0.014445 0.014760 0.015111 0.015493 0.015906 0.016346 0.016813 0.017305 0.017821 0.018359 0.018919 0.019499 0.020099 0.020718 0.021354 0.022009 0.022681 0.023369 0.024074 0.024794 0.025530 0.026281
0.031399 0.030473 0.028558 0.026422 0.024298 0.022259 0.020326 0.018502 0.016783 0.015160 0.013630 0.012198 0.010887 0.009719 0.008712 0.007888 0.007230 0.006711 0.006307 0.005998 0.005771 0.005612 0.005512 0.005463 0.005460 0.005496 0.005568 0.005672 0.005804 0.005963 0.006147 0.006352 0.006579 0.006824 0.007087 0.007368 0.007664 0.007975 0.008301 0.008640 0.008993 0.009358 0.009736 0.010125 0.010526 0.010938 0.011360 0.011794 0.012238 0.012692
0.033655 0.030060 0.026882 0.023982 0.021291 0.018773 0.016404 0.014167 0.012048 0.010039 0.008152 0.006441 0.004984 0.003772 0.002886 0.002269 0.001818 0.001479 0.001223 0.001029 0.000885 0.000781 0.000711 0.000670 0.000653 0.000656 0.000678 0.000716 0.000769 0.000835 0.000913 0.001001 0.001100 0.001208 0.001325 0.001450 0.001582 0.001722 0.001869 0.002022 0.002182 0.002349 0.002521 0.002699 0.002883 0.003072 0.003267 0.003466 0.003672 0.003882
0.035234 0.029578 0.025448 0.021938 0.018757 0.015800 0.013021 0.010394 0.007900 0.005553 0.003462 0.001864 0.000759 0.000001 0.000001 0.000001 0.000001 0.000001 0.000001 0.000001 0.000001 0.000001 0.000001 0.000001 0.000001 0.000001 0.000001 0.000001 0.000001 0.000001 0.000001 0.000001 0.000001 0.000001 0.000001 0.000001 0.000001 0.000001 0.000001 0.000001 0.000001 0.000001 0.000001 0.000001 0.000001 0.000001 0.000001 0.000001 0.000001 0.000001
0.028457 0.026556 0.023294 0.019793 0.016367 0.013095 0.009986 0.007032 0.004233 0.001789 0.000080 0.000001 0.000001 0.000001 0.000001 0.000001 0.000001 0.000001 0.000001 0.000001 0.000001 0.000001 0.000001 0.000001 0.000001 0.000001 0.000001 0.000001 0.000001 0.000001 0.000001 0.000001 0.000001 0.000001 0.000001 0.000001 0.000001 0.000001 0.000001 0.000001 0.000001 0.000001 0.000001 0.000001 0.000001 0.000001 0.000001 0.000001 0.000001 0.000001
0.031788 0.026436 0.022000 0.017969 0.014195 0.010631 0.007252 0.004041 0.001156 0.000001 0.000001 0.000001 0.000001 0.000001 0.000001 0.000001 0.000001 0.000001 0.000001 0.000001 0.000001 0.000001 0.000001 0.000001 0.000001 0.000001 0.000001 0.000001 0.000001 0.000001 0.000001 0.000001 0.000001 0.000001 0.000001 0.000001 0.000001 0.000001 0.000001 0.000001 0.000001 0.000001 0.000001 0.000001 0.000001 0.000001 0.000001 0.000001 0.000001 0.000001
0.030932 0.025269 0.020520 0.016219 0.012214 0.008442 0.004869 0.001491 0.000001 0.000001 0.000001 0.000001 0.000001 0.000001 0.000001 0.000001 0.000001 0.000001 0.000001 0.000001 0.000001 0.000001 0.000001 0.000001 0.000001 0.000001 0.000001 0.000001 0.000001 0.000001 0.000001 0.000001 0.000001 0.000001 0.000001 0.000001 0.000001 0.000001 0.000001 0.000001 0.000001 0.000001 0.000001 0.000001 0.000001 0.000001 0.000001 0.000001 0.000001 0.000001
0.025974 0.022955 0.018818 0.014594 0.010519 0.006638 0.002948 0.000001 0.000001 0.000001 0.000001 0.000001 0.000001 0.000001 0.000001 0.000001 0.000001 0.000001 0.000001 0.000001 0.000001 0.000001 0.000001 0.000001 0.000001 0.000001 0.000001 0.000001 0.000001 0.000001 0.000001 0.000001 0.000001 0.000001 0.000001 0.000001 0.000001 0.000001 0.000001 0.000001 0.000001 0.000001 0.000001 0.000001 0.000001 0.000001 0.000001 0.000001 0.000001 0.000001
0.030012 0.023173 0.018066 0.013544 0.009336 0.005369 0.001614 0.000001 0.000001 0.000001 0.000001 0.000001 0.000001 0.000001 0.000001 0.000001 0.000001 0.000001 0.000001 0.000001 0.000001 0.000001 0.000001 0.000001 0.000001 0.000001 0.000001 0.000001 0.000001 0.000001 0.000001 0.000001 0.000001 0.000001 0.000001 0.000001 0.000001 0.000001 0.000001 0.000001 0.000001 0.000001 0.000001 0.000001 0.000001 0.000001 0.000001 0.000001 0.000001 0.000001
0.025912 0.021925 0.017329 0.012850 0.008624 0.004654 0.000916 0.000001 0.000001 0.000001 0.000001 0.000001 0.000001 0.000001 0.000001 0.000001 0.000001 0.000001 0.000001 0.000001 0.000001 0.000001 0.000001 0.000001 0.000001 0.000001 0.000001 0.000001 0.000001 0.000001 0.000001 0.000001 0.000001 0.000001 0.000001 0.000001 0.000001 0.000001 0.000001 0.000001 0.000001 0.000001 0.000001 0.000001 0.000001 0.000001 0.000001 0.000001 0.000001 0.000001
0.027117 0.021670 0.016808 0.012369 0.008268 0.004448 0.000864 0.000001 0.000001 0.000001 0.000001 0.000001 0.000001 0.000001 0.000001 0.000001 0.000001 0.000001 0.000001 0.000001 0.000001 0.000001 0.000001 0.000001 0.000001 0.000001 0.000001 0.000001 0.000001 0.000001 0.000001 0.000001 0.000001 0.000001 0.000001 0.000001 0.000001 0.000001 0.000001 0.000001 0.000001 0.000001 0.000001 0.000001 0.000001 0.000001 0.000001 0.000001 0.000001 0.000001
0.025989 0.020444 0.015970 0.011982 0.008291 0.004824 0.001544 0.000001 0.000001 0.000001 0.000001 0.000001 0.000001 0.000001 0.000001 0.000001 0.000001 0.000001 0.000001 0.000001 0.000001 0.000001 0.000001 0.000001 0.000001 0.000001 0.000001 0.000001 0.000001 0.000001 0.000001 0.000001 0.000001 0.000001 0.000001 0.000001 0.000001 0.000001 0.000001 0.000001 0.000001 0.000001 0.000001 0.000001 0.000001 0.000001 0.000001 0.000001 0.000001 0.000001
0.020741 0.018450 0.015399 0.012215 0.009082 0.006054 0.003142 0.000483 0.000001 0.000001 0.000001 0.000001 0.000001 0.000001 0.000001 0.000001 0.000001 0.000001 0.000001 0.000001 0.000001 0.000001 0.000001 0.000001 0.000001 0.000001 0.000001 0.000001 0.000001 0.000001 0.000001 0.000001 0.000001 0.000001 0.000001 0.000001 0.000001 0.000001 0.000001 0.000001 0.000001 0.000001 0.000001 0.000001 0.000001 0.000001 0.000001 0.000001 0.000001 0.000001
0.023177 0.019829 0.016775 0.013861 0.011055 0.008355 0.005760 0.003272 0.001199 0.000001 0.000001 0.000001 0.000001 0.000001 0.000001 0.000001 0.000001 0.000001 0.000001 0.000001 0.000001 0.000001 0.000001 0.000001 0.000001 0.000001 0.000001 0.000001 0.000001 0.000001 0.000001 0.000001 0.000001 0.000001 0.000001 0.000001 0.000001 0.000001 0.000001 0.000001 0.000001 0.000001 0.000001 0.000001 0.000001 0.000001 0.000001 0.000001 0.000001 0.000001
0.025938 0.022452 0.019407 0.016604 0.013989 0.011531 0.009204 0.006991 0.004909 0.003086 0.001758 0.000810 0.000086 0.000001 0.000001 0.000001 0.000001 0.000001 0.000001 0.000001 0.000001 0.000001 0.000001 0.000001 0.000001 0.000001 0.000001 0.000001 0.000001 0.000001 0.000001 0.000001 0.000001 0.000001 0.000001 0.000001 0.000001 0.000001 0.000001 0.000001 0.000001 0.000001 0.000001 0.000001 0.000088 0.000270 0.000510 0.000793 0.001110 0.001457
0.027717 0.024935 0.022106 0.019528 0.017189 0.015039 0.013036 0.011150 0.009360 0.007678 0.006161 0.004862 0.003760 0.002890 0.002260 0.001771 0.001373 0.001039 0.000753 0.000509 0.000305 0.000140 0.000016 0.000001 0.000001 0.000001 0.000001 0.000001 0.000000 0.000021 0.000081 0.000169 0.000281 0.000415 0.000570 0.000745 0.000941 0.001155 0.001390 0.001644 0.001917 0.002209 0.002521 0.002852 0.003212 0.003627 0.004100 0.004627 0.005205 0.005829
0.029722 0.026196 0.023804 0.021813 0.020027 0.018379 0.016836 0.015377 0.013985 0.012651 0.011381 0.010196 0.009113 0.008138 0.007293 0.006569 0.005944 0.005401 0.004929 0.004529 0.004200 0.003932 0.003720 0.003570 0.003484 0.003443 0.003438 0.003464 0.003518 0.003599 0.003716 0.003871 0.004063 0.004293 0.004559 0.004861 0.005199 0.005572 0.005981 0.006424 0.006903 0.007417 0.007966 0.008550 0.009170 0.009833 0.010545 0.011311 0.012131 0.013005
0.024695 0.025077 0.024409 0.023457 0.022444 0.021435 0.020450 0.019492 0.018560 0.017651 0.016763 0.015900 0.015071 0.014283 0.013547 0.012870 0.012254 0.011702 0.011225 0.010820 0.010481 0.010205 0.009989 0.009830 0.009731 0.009689 0.009700 0.009759 0.009863 0.010010 0.010201 0.010436 0.010717 0.011045 0.011419 0.011839 0.012306 0.012821 0.013382 0.013990 0.014645 0.015348 0.016098 0.016895 0.017740 0.018634 0.019579 0.020578 0.021635 0.022749
0.026896 0.026148 0.025695 0.025286 0.024865 0.024428 0.023978 0.023519 0.023054 0.022584 0.022110 0.021631 0.021153 0.020678 0.020213 0.019762 0.019337 0.018959 0.018632 0.018358 0.018137 0.017968 0.017852 0.017788 0.017777 0.017819 0.017915 0.018064 0.018264 0.018514 0.018815 0.019166 0.019568 0.020021 0.020528 0.021087 0.021700 0.022367 0.023089 0.023865 0.024697 0.025585 0.026529 0.027530 0.028587 0.029700 0.030872 0.032103 0.033394 0.034748
0.028021 0.027586 0.027516 0.027538 0.027572 0.027592 0.027592 0.027570 0.027529 0.027468 0.027391 0.027297 0.027187 0.027064 0.026930 0.026789 0.026662 0.026560 0.026488 0.026450 0.026449 0.026487 0.026567 0.026689 0.026856 0.027070 0.027332 0.027643 0.028005 0.028418 0.028882 0.029399 0.029969 0.030593 0.031272 0.032007 0.032800 0.033651 0.034560 0.035530 0.036559 0.037650 0.038802 0.040017 0.041294 0.042634 0.044038 0.045505 0.047038 0.048637
0.028059 0.029207 0.029806 0.030263 0.030671 0.031049 0.031404 0.031739 0.032054 0.032350 0.032628 0.032888 0.033129 0.033353 0.033560 0.033756 0.033961 0.034181 0.034418 0.034678 0.034963 0.035276 0.035622 0.036001 0.036418 0.036874 0.037372 0.037914 0.038503 0.039139 0.039825 0.040563 0.041353 0.042198 0.043097 0.044054 0.045069 0.046144 0.047279 0.048476 0.049735 0.051058 0.052446 0.053900 0.055419 0.057005 0.058658 0.060380 0.062170 0.064029
0.031886 0.032252 0.032910 0.033571 0.034211 0.034835 0.035451 0.036059 0.036661 0.037254 0.037837 0.038410 0.038971 0.039518 0.040051 0.040578 0.041116 0.041666 0.042232 0.042815 0.043418 0.044045 0.044698 0.045380 0.046094 0.046843 0.047629 0.048455 0.049323 0.050235 0.051195 0.052203 0.053263 0.054375 0.055542 0.056764 0.058045 0.059385 0.060785 0.062248 0.063774 0.065365 0.067022 0.068745 0.070536 0.072396 0.074325 0.076324 0.078393 0.080534
0.034887 0.035977 0.036701 0.037402 0.038133 0.038897 0.039687 0.040499 0.041326 0.042164 0.043009 0.043856 0.044702 0.045546 0.046383 0.047222 0.048077 0.048950 0.049840 0.050750 0.051681 0.052636 0.053616 0.054624 0.055663 0.056734 0.057840 0.058984 0.060168 0.061395 0.062667 0.063985 0.065353 0.066772 0.068245 0.069772 0.071357 0.073000 0.074703 0.076468 0.078296 0.080189 0.082148 0.084173 0.086267 0.088430 0.090662 0.092966 0.095341 0.097789
0.040996 0.040566 0.040880 0.041478 0.042228 0.043077 0.043997 0.044970 0.045986 0.047035 0.048108 0.049200 0.050306 0.051421 0.052542 0.053671 0.054825 0.056003 0.057207 0.058436 0.059691 0.060973 0.062284 0.063625 0.064999 0.066406 0.067849 0.069331 0.070853 0.072417 0.074026 0.075681 0.077385 0.079140 0.080947 0.082809 0.084728 0.086704 0.088740 0.090838 0.092998 0.095223 0.097513 0.099870 0.102295 0.104789 0.107353 0.109988 0.112695 0.115475
0.043329 0.044045 0.044651 0.045374 0.046226 0.047190 0.048245 0.049375 0.050566 0.051808 0.053093 0.054411 0.055757 0.057126 0.058513 0.059915 0.061349 0.062817 0.064319 0.065854 0.067423 0.069025 0.070662 0.072334 0.074042 0.075788 0.077573 0.079400 0.081269 0.083182 0.085141 0.087148 0.089205 0.091313 0.093475 0.095691 0.097964 0.100296 0.102687 0.105140 0.107656 0.110236 0.112881 0.115593 0.118373 0.121221 0.124140 0.127129 0.130191 0.133324
0.046922 0.047341 0.048115 0.049024 0.050040 0.051156 0.052365 0.053656 0.055020 0.056448 0.057932 0.059463 0.061036 0.062644 0.064283 0.065946 0.067644 0.069386 0.071171 0.072999 0.074869 0.076781 0.078733 0.080728 0.082766 0.084846 0.086971 0.089141 0.091358 0.093623 0.095937 0.098302 0.100719 0.103189 0.105715 0.108297 0.110937 0.113637 0.116398 0.119221 0.122107 0.125058 0.128075 0.131159 0.134311 0.137532 0.140823 0.144185 0.147618 0.151124
0.048937 0.050480 0.051565 0.052638 0.053791 0.055039 0.056384 0.057821 0.059343 0.060942 0.062610 0.064341 0.066126 0.067960 0.069837 0.071752 0.073701 0.075703 0.077759 0.079866 0.082025 0.084233 0.086492 0.088799 0.091157 0.093564 0.096022 0.098531 0.101091 0.103704 0.106371 0.109093 0.111870 0.114705 0.117598 0.120549 0.123562 0.126636 0.129773 0.132973 0.136239 0.139570 0.142968 0.146435 0.149970 0.153574 0.157249 0.160996 0.164814 0.168704
0.055090 0.054882 0.055534 0.056494 0.057637 0.058928 0.060350 0.061891 0.063539 0.065285 0.067118 0.069030 0.071013 0.073059 0.075161 0.077314 0.079511 0.081760 0.084072 0.086447 0.088882 0.091376 0.093929 0.096539 0.099206 0.101931 0.104713 0.107552 0.110449 0.113404 0.116418 0.119492 0.122626 0.125821 0.129079 0.132399 0.135782 0.139231 0.142744 0.146324 0.149972 0.153686 0.157470 0.161323 0.165246 0.169240 0.173305 0.177443 0.181652 0.185935
0.058320 0.059005 0.059621 0.060450 0.061512 0.062781 0.064231 0.065838 0.067584 0.069454 0.071433 0.073510 0.075675 0.077920 0.080235 0.082615 0.085051 0.087541 0.090099 0.092730 0.095431 0.098200 0.101036 0.103938 0.106905 0.109937 0.113033 0.116194 0.119418 0.122707 0.126061 0.129479 0.132963 0.136513 0.140129 0.143812 0.147563 0.151382 0.155269 0.159226 0.163252 0.167349 0.171517 0.175756 0.180068 0.184451 0.188908 0.193437 0.198041 0.202718
0.063155 0.063052 0.063425 0.064148 0.065164 0.066430 0.067913 0.069583 0.071420 0.073403 0.075517 0.077749 0.080086 0.082519 0.085037 0.087633 0.090300 0.093029 0.095824 0.098701 0.101657 0.104691 0.107801 0.110985 0.114242 0.117572 0.120973 0.124445 0.127988 0.131602 0.135286 0.139040 0.142865 0.146761 0.150729 0.154767 0.158878 0.163060 0.167315 0.171643 0.176043 0.180517 0.185065 0.189686 0.194382 0.199152 0.203997 0.208916 0.213911 0.218980
0.066048 0.066084 0.066552 0.067353 0.068432 0.069757 0.071305 0.073055 0.074987 0.077084 0.079330 0.081710 0.084213 0.086827 0.089540 0.092345 0.095232 0.098195 0.101226 0.104339 0.107542 0.110832 0.114206 0.117664 0.121202 0.124820 0.128516 0.132291 0.136142 0.140071 0.144076 0.148158 0.152315 0.156549 0.160858 0.165244 0.169706 0.174244 0.178858 0.183548 0.188315 0.193159 0.198079 0.203076 0.208149 0.213299 0.218526 0.223830 0.229211 0.234668
0.068273 0.068707 0.069385 0.070281 0.071416 0.072793 0.074403 0.076229 0.078255 0.080463 0.082837 0.085362 0.088025 0.090813 0.093716 0.096722 0.099822 0.103009 0.106275 0.109619 0.113060 0.116597 0.120228 0.123949 0.127759 0.131656 0.135639 0.139707 0.143859 0.148093 0.152410 0.156809 0.161290 0.165851 0.170494 0.175217 0.180021 0.184905 0.189870 0.194914 0.200039 0.205243 0.210527 0.215891 0.221334 0.226856 0.232457 0.238137 0.243895 0.249732
0.071565 0.072034 0.072456 0.073179 0.074232 0.075590 0.077223 0.079104 0.081210 0.083519 0.086014 0.088678 0.091494 0.094450 0.097534 0.100733 0.104039 0.107442 0.110933 0.114506 0.118178 0.121954 0.125832 0.129810 0.133883 0.138051 0.142312 0.146664 0.151107 0.155638 0.160258 0.164965 0.169759 0.174640 0.179606 0.184657 0.189793 0.195014 0.200319 0.205708 0.211181 0.216736 0.222374 0.228095 0.233898 0.239782 0.245748 0.251794 0.257922 0.264129
0.077270 0.075561 0.075337 0.075822 0.076774 0.078097 0.079738 0.081660 0.083834 0.086236 0.088842 0.091634 0.094596 0.097711 0.100967 0.104351 0.107853 0.111461 0.115168 0.118964 0.122858 0.126866 0.130984 0.135209 0.139538 0.143969 0.148499 0.153127 0.157852 0.162672 0.167585 0.172592 0.177690 0.182880 0.188161 0.193531 0.198990 0.204538 0.210174 0.215897 0.221707 0.227603 0.233586 0.239653 0.245805 0.252041 0.258360 0.264763 0.271248 0.277814
0.076380 0.076967 0.077345 0.077966 0.078935 0.080260 0.081917 0.083878 0.086113 0.088596 0.091303 0.094214 0.097309 0.100573 0.103990 0.107547 0.111232 0.115036 0.118946 0.122955 0.127065 0.131297 0.135647 0.140112 0.144688 0.149374 0.154166 0.159062 0.164061 0.169160 0.174360 0.179657 0.185052 0.190542 0.196128 0.201807 0.207580 0.213445 0.219402 0.225449 0.231587 0.237813 0.244129 0.250532 0.257022 0.263598 0.270260 0.277006 0.283836 0.290750
0.079620 0.079405 0.079459 0.079926 0.080818 0.082111 0.083768 0.085754 0.088037 0.090588 0.093382 0.096397 0.099612 0.103010 0.106574 0.110292 0.114149 0.118134 0.122236 0.126446 0.130764 0.135213 0.139788 0.144486 0.149304 0.154237 0.159283 0.164440 0.169706 0.175078 0.180555 0.186135 0.191817 0.197599 0.203481 0.209461 0.215538 0.221710 0.227978 0.234339 0.240793 0.247339 0.253976 0.260703 0.267519 0.274423 0.281414 0.288492 0.295655 0.302902
0.084449 0.082207 0.081521 0.081688 0.082443 0.083669 0.085299 0.087286 0.089594 0.092193 0.095054 0.098155 0.101473 0.104990 0.108689 0.112554 0.116570 0.120725 0.125008 0.129407 0.133927 0.138587 0.143382 0.148308 0.153360 0.158535 0.163830 0.169241 0.174766 0.180404 0.186151 0.192006 0.197967 0.204033 0.210202 0.216473 0.222844 0.229314 0.235881 0.242546 0.249305 0.256158 0.263105 0.270143 0.277272 0.284490 0.291797 0.299192 0.306672 0.314238
0.083439 0.083054 0.082834 0.083052 0.083749 0.084903 0.086477 0.088435 0.090741 0.093363 0.096272 0.099443 0.102851 0.106476 0.110298 0.114300 0.118467 0.122784 0.127238 0.131818 0.136537 0.141405 0.146417 0.151566 0.156848 0.162260 0.167797 0.173456 0.179235 0.185131 0.191141 0.197263 0.203495 0.209835 0.216282 0.222833 0.229488 0.236243 0.243099 0.250054 0.257106 0.264253 0.271496 0.278831 0.286258 0.293776 0.301383 0.309079 0.316861 0.324730
0.085669 0.084722 0.084210 0.084208 0.084722 0.085732 0.087205 0.089103 0.091387 0.094020 0.096970 0.100205 0.103700 0.107430 0.111373 0.115510 0.119824 0.124299 0.128921 0.133681 0.138598 0.143673 0.148898 0.154267 0.159776 0.165419 0.171194 0.177095 0.183121 0.189267 0.195531 0.201911 0.208404 0.215008 0.221721 0.228542 0.235467 0.242496 0.249627 0.256858 0.264187 0.271614 0.279136 0.286752 0.294461 0.302261 0.310151 0.318130 0.326196 0.334348
0.088679 0.086527 0.085329 0.084882 0.085105 0.085931 0.087296 0.089143 0.091420 0.094082 0.097087 0.100402 0.103995 0.107839 0.111911 0.116189 0.120655 0.125290 0.130079 0.135025 0.140141 0.145421 0.150858 0.156444 0.162175 0.168045 0.174050 0.180186 0.186449 0.192837 0.199345 0.205971 0.212714 0.219569 0.226535 0.233610 0.240791 0.248078 0.255467 0.262957 0.270547 0.278235 0.286018 0.293897 0.301868 0.309931 0.318084 0.326325 0.334654 0.343068
0.089642 0.086959 0.085215 0.084432 0.084478 0.085227 0.086577 0.088451 0.090784 0.093523 0.096625 0.100050 0.103767 0.107745 0.111960 0.116390 0.121014 0.125813 0.130774 0.135913 0.141228 0.146711 0.152355 0.158153 0.164099 0.170188 0.176414 0.182774 0.189264 0.195880 0.202618 0.209477 0.216452 0.223542 0.230744 0.238056 0.245475 0.253000 0.260628 0.268357 0.276187 0.284114 0.292138 0.300256 0.308467 0.316770 0.325163 0.333644 0.342213 0.350867
0.088423 0.084850 0.083104 0.082485 0.082704 0.083608 0.085100 0.087109 0.089576 0.092451 0.095692 0.099261 0.103125 0.107256 0.111628 0.116217 0.121004 0.125970 0.131110 0.136439 0.141948 0.147628 0.153471 0.159471 0.165620 0.171914 0.178348 0.184916 0.191616 0.198442 0.205393 0.212464 0.219653 0.226956 0.234372 0.241898 0.249532 0.257272 0.265115 0.273060 0.281105 0.289247 0.297486 0.305819 0.314245 0.322763 0.331370 0.340066 0.348848 0.357716
0.080275 0.079910 0.079604 0.079711 0.080349 0.081535 0.083244 0.085438 0.088074 0.091110 0.094509 0.098234 0.102255 0.106543 0.111073 0.115821 0.120767 0.125893 0.131210 0.136719 0.142409 0.148271 0.154298 0.160481 0.166815 0.173295 0.179914 0.186669 0.193555 0.200569 0.207707 0.214965 0.222341 0.229832 0.237436 0.245149 0.252971 0.260898 0.268928 0.277060 0.285292 0.293622 0.302047 0.310568 0.319181 0.327885 0.336679 0.345561 0.354530 0.363584
0.078118 0.077792 0.077490 0.077657 0.078393 0.079695 0.081531 0.083858 0.086629 0.089804 0.093343 0.097209 0.101373 0.105803 0.110476 0.115366 0.120454 0.125727 0.131201 0.136868 0.142715 0.148735 0.154919 0.161260 0.167752 0.174388 0.181165 0.188077 0.195120 0.202290 0.209584 0.216998 0.224530 0.232178 0.239937 0.247807 0.255784 0.263867 0.272053 0.280341 0.288729 0.297215 0.305798 0.314475 0.323245 0.332106 0.341058 0.350098 0.359225 0.368437
0.082561 0.078711 0.077081 0.076704 0.077218 0.078451 0.080295 0.082671 0.085517 0.088782 0.092420 0.096392 0.100664 0.105206 0.109990 0.114993 0.120192 0.125586 0.131184 0.136973 0.142944 0.149087 0.155393 0.161856 0.168470 0.175227 0.182125 0.189157 0.196320 0.203610 0.211024 0.218558 0.226211 0.233978 0.241858 0.249849 0.257947 0.266152 0.274461 0.282872 0.291384 0.299995 0.308703 0.317506 0.326403 0.335392 0.344472 0.353641 0.362899 0.372242
0.079879 0.077852 0.076521 0.076114 0.076561 0.077752 0.079585 0.081976 0.084856 0.088168 0.091862 0.095897 0.100237 0.104849 0.109704 0.114778 0.120048 0.125523 0.131202 0.137072 0.143123 0.149345 0.155731 0.162273 0.168965 0.175801 0.182777 0.189888 0.197130 0.204499 0.211994 0.219609 0.227343 0.235193 0.243157 0.251233 0.259418 0.267711 0.276109 0.284611 0.293215 0.301919 0.310722 0.319622 0.328617 0.337706 0.346887 0.356159 0.365521 0.374970
0.079336 0.077194 0.076032 0.075754 0.076270 0.077491 0.079338 0.081740 0.084632 0.087959 0.091673 0.095730 0.100095 0.104732 0.109614 0.114713 0.120009 0.125515 0.131225 0.137126 0.143208 0.149462 0.155879 0.162453 0.169178 0.176047 0.183058 0.190204 0.197484 0.204892 0.212427 0.220084 0.227863 0.235760 0.243773 0.251900 0.260139 0.268488 0.276945 0.285508 0.294175 0.302945 0.311817 0.320787 0.329856 0.339020 0.348279 0.357631 0.367074 0.376607
0.079507 0.077075 0.075995 0.075814 0.076386 0.077630 0.079478 0.081869 0.084746 0.088057 0.091753 0.095792 0.100137 0.104755 0.109615 0.114690 0.119964 0.125451 0.131141 0.137024 0.143088 0.149324 0.155726 0.162286 0.168998 0.175859 0.182862 0.190004 0.197282 0.204693 0.212233 0.219900 0.227691 0.235604 0.243637 0.251787 0.260053 0.268432 0.276923 0.285523 0.294231 0.303045 0.311964 0.320985 0.330107 0.339328 0.348646 0.358060 0.367568 0.377168
0.078077 0.077368 0.076581 0.076397 0.076910 0.078088 0.079874 0.082206 0.085025 0.088278 0.091915 0.095894 0.100176 0.104727 0.109518 0.114522 0.119726 0.125146 0.130771 0.136589 0.142590 0.148767 0.155113 0.161620 0.168284 0.175100 0.182064 0.189171 0.196419 0.203804 0.211324 0.218976 0.226756 0.234664 0.242696 0.250850 0.259124 0.267516 0.276024 0.284646 0.293380 0.302224 0.311176 0.320234 0.329396 0.338661 0.348027 0.357491 0.367052 0.376708
0.083626 0.079699 0.077939 0.077336 0.077605 0.078615 0.080272 0.082495 0.085214 0.088368 0.091905 0.095781 0.099956 0.104398 0.109078 0.113970 0.119065 0.124379 0.129902 0.135622 0.141529 0.147618 0.153880 0.160310 0.166903 0.173654 0.180559 0.187615 0.194817 0.202163 0.209649 0.217273 0.225033 0.232925 0.240947 0.249096 0.257371 0.265769 0.274287 0.282924 0.291677 0.300545 0.309524 0.318613 0.327810 0.337113 0.346520 0.356028 0.365637 0.375343
0.082087 0.080344 0.078681 0.077870 0.077943 0.078797 0.080320 0.082417 0.085011 0.088036 0.091439 0.095177 0.099212 0.103512 0.108051 0.112804 0.117768 0.122956 0.128359 0.133966 0.139768 0.145758 0.151929 0.158276 0.164793 0.171477 0.178322 0.185324 0.192481 0.199789 0.207243 0.214842 0.222582 0.230461 0.238475 0.246623 0.254900 0.263305 0.271836 0.280489 0.289263 0.298155 0.307162 0.316283 0.325514 0.334855 0.344302 0.353854 0.363508 0.373262
0.085642 0.080778 0.078434 0.077473 0.077489 0.078278 0.079712 0.081696 0.084158 0.087038 0.090290 0.093873 0.097753 0.101901 0.106292 0.110903 0.115737 0.120804 0.126094 0.131597 0.137304 0.143207 0.149301 0.155579 0.162036 0.168667 0.175467 0.182431 0.189557 0.196840 0.204277 0.211863 0.219597 0.227474 0.235491 0.243646 0.251936 0.260357 0.268908 0.277585 0.286385 0.295306 0.304346 0.313502 0.322771 0.332152 0.341641 0.351237 0.360937 0.370739
0.079292 0.077717 0.076511 0.076000 0.076179 0.076987 0.078360 0.080239 0.082571 0.085310 0.088416 0.091854 0.095595 0.099611 0.103878 0.108374 0.113107 0.118083 0.123291 0.128721 0.134364 0.140212 0.146258 0.152497 0.158921 0.165526 0.172306 0.179258 0.186375 0.193655 0.201093 0.208686 0.216429 0.224320 0.232355 0.240530 0.248843 0.257290 0.265869 0.274577 0.283410 0.292367 0.301443 0.310637 0.319947 0.329369 0.338901 0.348540 0.358285 0.368133
0.077175 0.075661 0.074696 0.074296 0.074479 0.075231 0.076514 0.078286 0.080506 0.083133 0.086132 0.089471 0.093120 0.097052 0.101245 0.105677 0.110356 0.115287 0.120457 0.125856 0.131475 0.137305 0.143339 0.149570 0.155992 0.162599 0.169385 0.176345 0.183475 0.190770 0.198227 0.205840 0.213606 0.221521 0.229582 0.237785 0.246128 0.254606 0.263217 0.271958 0.280825 0.289816 0.298928 0.308159 0.317505 0.326965 0.336535 0.346213 0.355997 0.365884
0.077853 0.075283 0.073735 0.073031 0.073044 0.073685 0.074885 0.076589 0.078750 0.081327 0.084282 0.087583 0.091200 0.095107 0.099280 0.103696 0.108365 0.113290 0.118459 0.123859 0.129483 0.135320 0.141364 0.147607 0.154042 0.160664 0.167466 0.174444 0.181593 0.188908 0.196385 0.204019 0.211807 0.219744 0.227828 0.236055 0.244421 0.252923 0.261558 0.270323 0.279214 0.288230 0.297367 0.306622 0.315993 0.325477 0.335072 0.344774 0.354582 0.364494
