0.028007 0.046941 0.065363 0.083529 0.101533 0.119411 0.137184 0.154861 0.172453 0.189964 0.207400 0.224766 0.242066 0.259303 0.276481 0.293603 0.310672 0.327690 0.344659 0.361581 0.378458 0.395292 0.412084 0.428836 0.445548 0.462222 0.478858 0.495458 0.512022 0.528552 0.545046 0.561508 0.577935 0.594330 0.610693 0.627023 0.643321 0.659588 0.675823 0.692027 0.708199 0.724341 0.740452 0.756532 0.772581 0.788600 0.804587 0.820544 0.836470 0.852365
0.030176 0.047548 0.065430 0.083387 0.101292 0.119111 0.136838 0.154476 0.172030 0.189503 0.206902 0.224230 0.241492 0.258691 0.275831 0.292914 0.309944 0.326922 0.343851 0.360733 0.377570 0.394362 0.411113 0.427822 0.444491 0.461122 0.477715 0.494270 0.510790 0.527274 0.543723 0.560137 0.576518 0.592865 0.609179 0.625460 0.641708 0.657924 0.674108 0.690260 0.706381 0.722469 0.738526 0.754551 0.770545 0.786507 0.802437 0.818336 0.834203 0.850039
0.028180 0.046779 0.064926 0.082885 0.100726 0.118468 0.136116 0.153674 0.171149 0.188544 0.205864 0.223113 0.240297 0.257417 0.274478 0.291482 0.308432 0.325329 0.342178 0.358978 0.375732 0.392441 0.409108 0.425732 0.442315 0.458859 0.475364 0.491831 0.508260 0.524653 0.541010 0.557331 0.573617 0.589868 0.606085 0.622267 0.638416 0.654532 0.670613 0.686662 0.702677 0.718659 0.734608 0.750524 0.766407 0.782257 0.798073 0.813856 0.829607 0.845323
0.028428 0.046464 0.064388 0.082214 0.099934 0.117551 0.135071 0.152503 0.169851 0.187122 0.204319 0.221446 0.238508 0.255506 0.272446 0.289328 0.306156 0.322931 0.339655 0.356331 0.372960 0.389543 0.406082 0.422578 0.439031 0.455443 0.471816 0.488148 0.504442 0.520697 0.536915 0.553096 0.569240 0.585347 0.601418 0.617453 0.633453 0.649417 0.665346 0.681239 0.697098 0.712921 0.728709 0.744461 0.760179 0.775861 0.791508 0.807119 0.822695 0.838235
0.028445 0.046000 0.063764 0.081426 0.098967 0.116402 0.133743 0.150999 0.168175 0.185276 0.202306 0.219268 0.236164 0.252999 0.269774 0.286492 0.303154 0.319764 0.336322 0.352830 0.369290 0.385703 0.402070 0.418393 0.434672 0.450908 0.467102 0.483255 0.499367 0.515439 0.531471 0.547464 0.563418 0.579334 0.595211 0.611050 0.626851 0.642614 0.658340 0.674028 0.689678 0.705290 0.720865 0.736401 0.751900 0.767361 0.782784 0.798168 0.813514 0.828821
0.026674 0.045431 0.063121 0.080534 0.097826 0.115031 0.132153 0.149197 0.166166 0.183061 0.199886 0.216643 0.233336 0.249966 0.266536 0.283048 0.299504 0.315905 0.332254 0.348552 0.364800 0.381000 0.397152 0.413257 0.429317 0.445332 0.461303 0.477231 0.493116 0.508958 0.524759 0.540517 0.556235 0.571911 0.587547 0.603141 0.618696 0.634209 0.649682 0.665115 0.680506 0.695858 0.711168 0.726438 0.741666 0.756853 0.771999 0.787104 0.802166 0.817187
0.030159 0.045608 0.062385 0.079417 0.096451 0.113423 0.130318 0.147134 0.163871 0.180533 0.197123 0.213643 0.230097 0.246486 0.262814 0.279082 0.295292 0.311445 0.327545 0.343591 0.359585 0.375529 0.391423 0.407268 0.423066 0.438817 0.454521 0.470179 0.485792 0.501360 0.516883 0.532362 0.547797 0.563189 0.578536 0.593840 0.609100 0.624316 0.639489 0.654618 0.669704 0.684745 0.699743 0.714696 0.729604 0.744468 0.759287 0.774061 0.788789 0.803472
0.024801 0.043428 0.060869 0.077939 0.094832 0.111601 0.128268 0.144840 0.161326 0.177730 0.194057 0.210310 0.226493 0.242608 0.258659 0.274646 0.290573 0.306442 0.322253 0.338008 0.353709 0.369357 0.384953 0.400497 0.415991 0.431435 0.446830 0.462177 0.477475 0.492725 0.507928 0.523084 0.538193 0.553254 0.568269 0.583237 0.598158 0.613032 0.627860 0.642640 0.657373 0.672058 0.686696 0.701286 0.715828 0.730321 0.744766 0.759162 0.773508 0.787805
0.025890 0.042782 0.059709 0.076489 0.093125 0.109635 0.126034 0.142332 0.158537 0.174653 0.190688 0.206643 0.222524 0.238333 0.254073 0.269747 0.285356 0.300903 0.316390 0.331818 0.347188 0.362502 0.377761 0.392965 0.408116 0.423214 0.438260 0.453254 0.468197 0.483089 0.497931 0.512721 0.527462 0.542152 0.556792 0.571382 0.585922 0.600411 0.614850 0.629238 0.643576 0.657862 0.672097 0.686280 0.700411 0.714490 0.728517 0.742490 0.756410 0.770277
0.026198 0.042302 0.058663 0.075031 0.091322 0.107512 0.123599 0.139585 0.155474 0.171271 0.186980 0.202606 0.218152 0.233622 0.249018 0.264344 0.279601 0.294793 0.309920 0.324985 0.339989 0.354933 0.369818 0.384645 0.399416 0.414131 0.428790 0.443394 0.457944 0.472439 0.486880 0.501267 0.515601 0.529881 0.544107 0.558280 0.572398 0.586463 0.600473 0.614430 0.628331 0.642178 0.655970 0.669706 0.683386 0.697010 0.710578 0.724089 0.737543 0.750939
0.023833 0.040828 0.057208 0.073341 0.089325 0.105186 0.120934 0.136575 0.152114 0.167556 0.182905 0.198166 0.213343 0.228438 0.243456 0.258400 0.273271 0.288072 0.302805 0.317473 0.332075 0.346614 0.361091 0.375507 0.389863 0.404159 0.418396 0.432575 0.446695 0.460758 0.474763 0.488711 0.502602 0.516435 0.530211 0.543930 0.557591 0.571194 0.584740 0.598228 0.611657 0.625028 0.638340 0.651592 0.664785 0.677918 0.690991 0.704003 0.716954 0.729843
0.024191 0.039971 0.055828 0.071580 0.087201 0.102695 0.118067 0.133324 0.148473 0.163519 0.178468 0.193325 0.208094 0.222778 0.237381 0.251906 0.266356 0.280732 0.295038 0.309273 0.323441 0.337542 0.351577 0.365548 0.379456 0.393300 0.407082 0.420802 0.434461 0.448058 0.461594 0.475069 0.488484 0.501837 0.515130 0.528362 0.541533 0.554642 0.567690 0.580677 0.593601 0.606463 0.619262 0.631999 0.644672 0.657281 0.669827 0.682307 0.694723 0.707073
0.023752 0.039165 0.054568 0.069885 0.085079 0.100143 0.115081 0.129901 0.144609 0.159212 0.173716 0.188127 0.202447 0.216681 0.230832 0.244903 0.258896 0.272813 0.286656 0.300427 0.314128 0.327759 0.341321 0.354816 0.368244 0.381605 0.394902 0.408133 0.421299 0.434400 0.447438 0.460411 0.473319 0.486163 0.498943 0.511659 0.524310 0.536896 0.549417 0.561873 0.574263 0.586588 0.598846 0.611038 0.623163 0.635220 0.647210 0.659132 0.670985 0.682769
0.022633 0.038259 0.053423 0.068323 0.083039 0.097605 0.112043 0.126364 0.140578 0.154689 0.168704 0.182625 0.196458 0.210205 0.223868 0.237450 0.250953 0.264379 0.277729 0.291005 0.304208 0.317339 0.330399 0.343388 0.356309 0.369160 0.381943 0.394657 0.407304 0.419883 0.432394 0.444838 0.457214 0.469523 0.481764 0.493938 0.506043 0.518081 0.530050 0.541950 0.553782 0.565544 0.577237 0.588859 0.600412 0.611894 0.623305 0.634645 0.645912 0.657108
0.023790 0.038347 0.052757 0.066999 0.081101 0.095083 0.108958 0.122730 0.136405 0.149985 0.163474 0.176873 0.190186 0.203413 0.216558 0.229622 0.242606 0.255512 0.268341 0.281095 0.293774 0.306379 0.318911 0.331371 0.343758 0.356074 0.368319 0.380494 0.392597 0.404630 0.416593 0.428485 0.440306 0.452057 0.463738 0.475347 0.486886 0.498353 0.509749 0.521074 0.532326 0.543506 0.554613 0.565647 0.576608 0.587496 0.598309 0.609048 0.619712 0.630302
0.025173 0.038706 0.052197 0.065674 0.079108 0.092477 0.105767 0.118973 0.132091 0.145121 0.158063 0.170918 0.183688 0.196375 0.208979 0.221501 0.233944 0.246308 0.258595 0.270804 0.282937 0.294995 0.306978 0.318887 0.330721 0.342482 0.354169 0.365783 0.377324 0.388792 0.400187 0.411509 0.422758 0.433933 0.445035 0.456064 0.467018 0.477899 0.488706 0.499438 0.510095 0.520677 0.531184 0.541615 0.551970 0.562248 0.572450 0.582575 0.592623 0.602593
0.025498 0.038170 0.051047 0.063968 0.076858 0.089683 0.102427 0.115083 0.127650 0.140128 0.152517 0.164820 0.177036 0.189169 0.201218 0.213185 0.225072 0.236878 0.248606 0.260256 0.271827 0.283322 0.294740 0.306082 0.317348 0.328538 0.339653 0.350692 0.361656 0.372545 0.383358 0.394096 0.404758 0.415345 0.425856 0.436291 0.446649 0.456931 0.467137 0.477265 0.487317 0.497290 0.507186 0.517004 0.526743 0.536404 0.545986 0.555488 0.564911 0.574254
0.023832 0.036526 0.049270 0.061892 0.074373 0.086726 0.098963 0.111092 0.123120 0.135051 0.146888 0.158636 0.170295 0.181867 0.193355 0.204759 0.216081 0.227321 0.238481 0.249560 0.260561 0.271482 0.282325 0.293091 0.303778 0.314388 0.324920 0.335375 0.345753 0.356053 0.366276 0.376421 0.386489 0.396479 0.406391 0.416225 0.425981 0.435657 0.445255 0.454774 0.464214 0.473574 0.482854 0.492054 0.501174 0.510212 0.519171 0.528048 0.536843 0.545557
0.020851 0.034791 0.047563 0.059853 0.071884 0.083740 0.095456 0.107052 0.118539 0.129924 0.141210 0.152402 0.163503 0.174515 0.185439 0.196277 0.207031 0.217701 0.228288 0.238794 0.249218 0.259562 0.269826 0.280010 0.290114 0.300139 0.310085 0.319952 0.329739 0.339447 0.349077 0.358626 0.368097 0.377487 0.386798 0.396029 0.405179 0.414250 0.423239 0.432148 0.440975 0.449721 0.458386 0.466969 0.475470 0.483888 0.492225 0.500479 0.508650 0.516739
0.024437 0.035285 0.046700 0.058158 0.069534 0.080800 0.091954 0.102996 0.113932 0.124765 0.135499 0.146135 0.156678 0.167129 0.177490 0.187763 0.197949 0.208049 0.218065 0.227997 0.237846 0.247613 0.257298 0.266901 0.276423 0.285865 0.295225 0.304505 0.313703 0.322821 0.331859 0.340815 0.349690 0.358484 0.367197 0.375828 0.384377 0.392844 0.401229 0.409532 0.417752 0.425890 0.433945 0.441917 0.449805 0.457611 0.465333 0.472972 0.480528 0.488000
0.023623 0.034735 0.045603 0.056426 0.067191 0.077874 0.088460 0.098944 0.109325 0.119605 0.129784 0.139866 0.149852 0.159745 0.169545 0.179256 0.188877 0.198412 0.207860 0.217223 0.226501 0.235696 0.244807 0.253836 0.262782 0.271645 0.280426 0.289125 0.297742 0.306277 0.314729 0.323099 0.331387 0.339592 0.347714 0.355754 0.363710 0.371584 0.379374 0.387081 0.394704 0.402244 0.409700 0.417072 0.424361 0.431566 0.438687 0.445725 0.452679 0.459550
0.023653 0.033777 0.044188 0.054550 0.064810 0.074961 0.085005 0.094942 0.104775 0.114504 0.124133 0.133663 0.143096 0.152434 0.161678 0.170832 0.179896 0.188872 0.197760 0.206563 0.215280 0.223911 0.232459 0.240922 0.249302 0.257598 0.265811 0.273940 0.281986 0.289949 0.297828 0.305624 0.313337 0.320966 0.328511 0.335972 0.343349 0.350642 0.357852 0.364977 0.372019 0.378976 0.385850 0.392639 0.399345 0.405967 0.412506 0.418961 0.425333 0.431623
0.021189 0.032432 0.042763 0.052735 0.062513 0.072150 0.081665 0.091065 0.100356 0.109542 0.118625 0.127608 0.136494 0.145284 0.153981 0.162588 0.171105 0.179533 0.187874 0.196128 0.204296 0.212378 0.220376 0.228288 0.236116 0.243860 0.251519 0.259094 0.266585 0.273991 0.281313 0.288551 0.295705 0.302774 0.309759 0.316659 0.323475 0.330207 0.336854 0.343417 0.349897 0.356292 0.362604 0.368832 0.374977 0.381038 0.387017 0.392913 0.398728 0.404461
0.023524 0.032587 0.041896 0.051202 0.060417 0.069517 0.078497 0.087362 0.096116 0.104763 0.113308 0.121753 0.130102 0.138357 0.146520 0.154594 0.162579 0.170475 0.178284 0.186007 0.193643 0.201193 0.208658 0.216037 0.223331 0.230540 0.237664 0.244703 0.251657 0.258526 0.265310 0.272010 0.278625 0.285155 0.291600 0.297961 0.304237 0.310429 0.316537 0.322561 0.328502 0.334360 0.340134 0.345825 0.351433 0.356959 0.362403 0.367767 0.373050 0.378253
0.023616 0.032131 0.040987 0.049800 0.058493 0.067059 0.075504 0.083834 0.092056 0.100175 0.108193 0.116114 0.123943 0.131681 0.139330 0.146890 0.154362 0.161746 0.169043 0.176254 0.183378 0.190416 0.197368 0.204234 0.211015 0.217710 0.224320 0.230844 0.237283 0.243637 0.249905 0.256089 0.262188 0.268202 0.274131 0.279975 0.285736 0.291413 0.297007 0.302517 0.307944 0.313289 0.318550 0.323730 0.328827 0.333842 0.338776 0.343630 0.348403 0.353097
0.021385 0.031413 0.040211 0.048574 0.056730 0.064749 0.072656 0.080459 0.088163 0.095770 0.103281 0.110702 0.118035 0.125280 0.132437 0.139507 0.146489 0.153384 0.160192 0.166913 0.173547 0.180095 0.186557 0.192933 0.199222 0.205426 0.211544 0.217577 0.223524 0.229386 0.235163 0.240854 0.246461 0.251983 0.257420 0.262774 0.268043 0.273228 0.278331 0.283350 0.288286 0.293140 0.297912 0.302601 0.307210 0.311737 0.316184 0.320551 0.324838 0.329046
0.025573 0.032513 0.039964 0.047515 0.055047 0.062518 0.069911 0.077218 0.084436 0.091563 0.098599 0.105550 0.112415 0.119192 0.125883 0.132487 0.139003 0.145432 0.151774 0.158029 0.164198 0.170279 0.176274 0.182182 0.188004 0.193740 0.199390 0.204954 0.210432 0.215825 0.221133 0.226356 0.231494 0.236548 0.241517 0.246402 0.251203 0.255921 0.260555 0.265107 0.269577 0.273964 0.278270 0.282495 0.286639 0.290702 0.294686 0.298590 0.302415 0.306162
0.025592 0.032084 0.039054 0.046155 0.053250 0.060287 0.067246 0.074117 0.080897 0.087584 0.094183 0.100695 0.107120 0.113457 0.119707 0.125869 0.131944 0.137931 0.143830 0.149641 0.155366 0.161003 0.166553 0.172017 0.177394 0.182685 0.187889 0.193008 0.198041 0.202989 0.207851 0.212629 0.217322 0.221931 0.226456 0.230897 0.235254 0.239529 0.243720 0.247830 0.251858 0.255804 0.259669 0.263453 0.267158 0.270783 0.274328 0.277796 0.281185 0.284497
0.021733 0.030084 0.037509 0.044554 0.051399 0.058106 0.064698 0.071185 0.077569 0.083854 0.090045 0.096146 0.102157 0.108078 0.113911 0.119654 0.125309 0.130875 0.136352 0.141742 0.147045 0.152259 0.157387 0.162428 0.167383 0.172251 0.177033 0.181729 0.186341 0.190866 0.195308 0.199664 0.203936 0.208125 0.212230 0.216252 0.220190 0.224047 0.227821 0.231514 0.235125 0.238656 0.242107 0.245477 0.248769 0.251982 0.255116 0.258173 0.261153 0.264056
0.023192 0.029905 0.036650 0.043268 0.049748 0.056099 0.062331 0.068449 0.074457 0.080359 0.086162 0.091871 0.097488 0.103013 0.108447 0.113791 0.119046 0.124211 0.129288 0.134277 0.139178 0.143992 0.148719 0.153360 0.157914 0.162383 0.166766 0.171063 0.175276 0.179405 0.183449 0.187409 0.191286 0.195079 0.198790 0.202419 0.205965 0.209429 0.212813 0.216116 0.219338 0.222480 0.225544 0.228528 0.231434 0.234262 0.237014 0.239688 0.242287 0.244810
0.023779 0.029927 0.036089 0.042236 0.048312 0.054287 0.060151 0.065901 0.071539 0.077068 0.082493 0.087824 0.093061 0.098205 0.103258 0.108220 0.113094 0.117878 0.122574 0.127183 0.131705 0.136140 0.140489 0.144753 0.148931 0.153023 0.157032 0.160956 0.164796 0.168552 0.172226 0.175816 0.179323 0.182749 0.186093 0.189355 0.192536 0.195637 0.198657 0.201598 0.204460 0.207243 0.209947 0.212574 0.215124 0.217597 0.219994 0.222316 0.224563 0.226735
0.023614 0.029416 0.035374 0.041252 0.047007 0.052634 0.058137 0.063522 0.068793 0.073955 0.079012 0.083975 0.088845 0.093624 0.098313 0.102914 0.107426 0.111851 0.116188 0.120440 0.124606 0.128687 0.132683 0.136595 0.140422 0.144166 0.147826 0.151403 0.154898 0.158310 0.161640 0.164889 0.168056 0.171142 0.174148 0.177073 0.179919 0.182685 0.185372 0.187981 0.190513 0.192966 0.195343 0.197643 0.199867 0.202016 0.204090 0.206090 0.208016 0.209870
0.021906 0.028795 0.034813 0.040452 0.045874 0.051140 0.056276 0.061295 0.066205 0.071010 0.075713 0.080323 0.084845 0.089280 0.093627 0.097888 0.102063 0.106153 0.110159 0.114080 0.117918 0.121672 0.125343 0.128931 0.132437 0.135860 0.139202 0.142462 0.145641 0.148739 0.151757 0.154695 0.157552 0.160330 0.163029 0.165649 0.168191 0.170655 0.173041 0.175351 0.177584 0.179740 0.181821 0.183827 0.185759 0.187616 0.189400 0.191111 0.192750 0.194317
0.024929 0.029841 0.034917 0.039955 0.044908 0.049764 0.054523 0.059184 0.063749 0.068218 0.072594 0.076879 0.081080 0.085198 0.089232 0.093183 0.097052 0.100838 0.104542 0.108163 0.111704 0.115163 0.118540 0.121837 0.125054 0.128190 0.131246 0.134222 0.137118 0.139936 0.142674 0.145334 0.147916 0.150420 0.152846 0.155195 0.157467 0.159662 0.161782 0.163826 0.165795 0.167689 0.169509 0.171256 0.172929 0.174530 0.176058 0.177515 0.178902 0.180217
0.026022 0.030249 0.034735 0.039299 0.043851 0.048349 0.052777 0.057124 0.061386 0.065562 0.069650 0.073651 0.077568 0.081405 0.085163 0.088840 0.092437 0.095955 0.099392 0.102750 0.106029 0.109228 0.112348 0.115389 0.118352 0.121236 0.124042 0.126770 0.129420 0.131992 0.134488 0.136906 0.139248 0.141514 0.143704 0.145818 0.147857 0.149820 0.151710 0.153525 0.155267 0.156936 0.158532 0.160056 0.161508 0.162889 0.164199 0.165439 0.166609 0.167711
0.024226 0.029138 0.033726 0.038170 0.042520 0.046789 0.050977 0.055083 0.059104 0.063040 0.066890 0.070655 0.074335 0.077934 0.081456 0.084899 0.088265 0.091553 0.094763 0.097895 0.100951 0.103929 0.106830 0.109654 0.112401 0.115071 0.117665 0.120183 0.122625 0.124991 0.127282 0.129498 0.131639 0.133705 0.135697 0.137615 0.139459 0.141230 0.142929 0.144554 0.146108 0.147590 0.149001 0.150341 0.151610 0.152810 0.153941 0.155002 0.155996 0.156921
0.023505 0.028032 0.032486 0.036824 0.041047 0.045166 0.049187 0.053114 0.056950 0.060698 0.064359 0.067935 0.071426 0.074834 0.078163 0.081413 0.084587 0.087686 0.090710 0.093658 0.096530 0.099327 0.102049 0.104695 0.107267 0.109764 0.112187 0.114535 0.116809 0.119009 0.121136 0.123190 0.125170 0.127078 0.128913 0.130675 0.132366 0.133985 0.135533 0.137010 0.138416 0.139752 0.141018 0.142215 0.143343 0.144402 0.145394 0.146317 0.147174 0.147965
0.022446 0.026983 0.031355 0.035584 0.039687 0.043673 0.047553 0.051333 0.055020 0.058617 0.062127 0.065553 0.068896 0.072157 0.075339 0.078442 0.081469 0.084421 0.087299 0.090103 0.092833 0.095490 0.098073 0.100584 0.103021 0.105386 0.107678 0.109899 0.112047 0.114124 0.116129 0.118062 0.119925 0.121716 0.123436 0.125086 0.126666 0.128175 0.129615 0.130985 0.132286 0.133519 0.134682 0.135778 0.136806 0.137767 0.138662 0.139490 0.140253 0.140950
0.022060 0.026470 0.030654 0.034702 0.038637 0.042468 0.046203 0.049846 0.053402 0.056874 0.060263 0.063573 0.066803 0.069955 0.073030 0.076029 0.078953 0.081803 0.084579 0.087283 0.089916 0.092476 0.094965 0.097384 0.099731 0.102007 0.104213 0.106349 0.108415 0.110411 0.112338 0.114195 0.115982 0.117701 0.119350 0.120931 0.122442 0.123886 0.125261 0.126568 0.127808 0.128980 0.130085 0.131123 0.132095 0.133001 0.133842 0.134619 0.135332 0.135981
0.023121 0.026583 0.030367 0.034160 0.037896 0.041564 0.045161 0.048683 0.052132 0.055506 0.058807 0.062033 0.065186 0.068265 0.071271 0.074204 0.077065 0.079855 0.082573 0.085221 0.087799 0.090307 0.092747 0.095117 0.097419 0.099652 0.101817 0.103914 0.105943 0.107904 0.109798 0.111625 0.113384 0.115076 0.116701 0.118259 0.119750 0.121174 0.122532 0.123824 0.125049 0.126209 0.127303 0.128332 0.129295 0.130194 0.131028 0.131799 0.132508 0.133153
0.021393 0.026076 0.029973 0.033670 0.037291 0.040858 0.044367 0.047816 0.051201 0.054518 0.057768 0.060949 0.064061 0.067104 0.070078 0.072983 0.075819 0.078587 0.081287 0.083919 0.086484 0.088982 0.091414 0.093779 0.096079 0.098312 0.100480 0.102583 0.104620 0.106591 0.108498 0.110340 0.112116 0.113828 0.115475 0.117058 0.118575 0.120028 0.121417 0.122741 0.124001 0.125197 0.126329 0.127397 0.128401 0.129343 0.130221 0.131037 0.131791 0.132483
0.023576 0.026119 0.029524 0.033119 0.036722 0.040284 0.043788 0.047228 0.050603 0.053912 0.057154 0.060330 0.063439 0.066482 0.069460 0.072372 0.075219 0.078001 0.080719 0.083373 0.085963 0.088489 0.090952 0.093352 0.095689 0.097964 0.100176 0.102326 0.104413 0.106438 0.108401 0.110301 0.112139 0.113915 0.115628 0.117280 0.118869 0.120396 0.121861 0.123264 0.124605 0.125884 0.127101 0.128256 0.129350 0.130383 0.131354 0.132265 0.133115 0.133904
0.020044 0.024596 0.028673 0.032540 0.036280 0.039923 0.043481 0.046963 0.050372 0.053711 0.056982 0.060188 0.063329 0.066406 0.069421 0.072373 0.075264 0.078094 0.080864 0.083573 0.086223 0.088813 0.091343 0.093814 0.096227 0.098580 0.100874 0.103109 0.105285 0.107402 0.109460 0.111459 0.113398 0.115279 0.117100 0.118862 0.120565 0.122208 0.123792 0.125316 0.126782 0.128188 0.129535 0.130822 0.132051 0.133221 0.134332 0.135384 0.136378 0.137313
0.019417 0.024259 0.028482 0.032443 0.036254 0.039956 0.043570 0.047105 0.050566 0.053958 0.057284 0.060547 0.063747 0.066888 0.069969 0.072991 0.075957 0.078866 0.081718 0.084515 0.087256 0.089942 0.092573 0.095149 0.097669 0.100135 0.102545 0.104900 0.107200 0.109444 0.111633 0.113766 0.115844 0.117866 0.119832 0.121742 0.123596 0.125394 0.127136 0.128822 0.130452 0.132025 0.133543 0.135004 0.136409 0.137758 0.139052 0.140289 0.141471 0.142598
0.022485 0.025521 0.029200 0.032989 0.036757 0.040470 0.044119 0.047704 0.051225 0.054684 0.058084 0.061424 0.064709 0.067937 0.071112 0.074233 0.077301 0.080318 0.083283 0.086196 0.089059 0.091871 0.094632 0.097342 0.100002 0.102610 0.105167 0.107673 0.110128 0.112531 0.114883 0.117184 0.119432 0.121628 0.123773 0.125865 0.127905 0.129893 0.131829 0.133712 0.135542 0.137320 0.139046 0.140719 0.142339 0.143907 0.145423 0.146886 0.148297 0.149655
0.021810 0.026101 0.030007 0.033841 0.037636 0.041387 0.045090 0.048742 0.052340 0.055886 0.059380 0.062822 0.066215 0.069557 0.072851 0.076097 0.079296 0.082448 0.085553 0.088611 0.091623 0.094588 0.097507 0.100380 0.103206 0.105985 0.108717 0.111403 0.114041 0.116633 0.119177 0.121673 0.124123 0.126524 0.128877 0.131183 0.133441 0.135650 0.137812 0.139925 0.141990 0.144007 0.145975 0.147895 0.149766 0.151589 0.153364 0.155090 0.156768 0.158398
0.022924 0.026818 0.030858 0.034836 0.038746 0.042601 0.046405 0.050162 0.053871 0.057533 0.061150 0.064722 0.068249 0.071733 0.075173 0.078571 0.081927 0.085240 0.088511 0.091740 0.094927 0.098072 0.101175 0.104236 0.107254 0.110231 0.113164 0.116056 0.118905 0.121711 0.124474 0.127195 0.129872 0.132507 0.135098 0.137646 0.140151 0.142613 0.145031 0.147405 0.149736 0.152023 0.154267 0.156467 0.158623 0.160736 0.162804 0.164829 0.166810 0.168747
0.022760 0.027605 0.031889 0.036018 0.040072 0.044070 0.048018 0.051919 0.055776 0.059589 0.063361 0.067092 0.070783 0.074436 0.078050 0.081626 0.085164 0.088664 0.092127 0.095552 0.098938 0.102287 0.105599 0.108873 0.112109 0.115307 0.118467 0.121590 0.124674 0.127721 0.130730 0.133701 0.136634 0.139529 0.142386 0.145204 0.147985 0.150727 0.153431 0.156096 0.158723 0.161312 0.163863 0.166374 0.168848 0.171282 0.173678 0.176035 0.178353 0.180632
0.025832 0.029151 0.033221 0.037429 0.041633 0.045799 0.049921 0.053998 0.058032 0.062025 0.065980 0.069899 0.073782 0.077630 0.081444 0.085223 0.088969 0.092680 0.096358 0.100003 0.103613 0.107191 0.110735 0.114245 0.117723 0.121168 0.124579 0.127958 0.131303 0.134616 0.137896 0.141143 0.144358 0.147539 0.150688 0.153805 0.156889 0.159940 0.162958 0.165944 0.168897 0.171817 0.174704 0.177559 0.180380 0.183168 0.185923 0.188644 0.191332 0.193986
0.024156 0.029744 0.034492 0.039009 0.043432 0.047796 0.052113 0.056386 0.060621 0.064818 0.068981 0.073112 0.077211 0.081279 0.085316 0.089323 0.093299 0.097246 0.101163 0.105050 0.108908 0.112737 0.116537 0.120309 0.124052 0.127766 0.131453 0.135112 0.138743 0.142346 0.145922 0.149471 0.152992 0.156487 0.159955 0.163396 0.166810 0.170198 0.173558 0.176892 0.180199 0.183480 0.186733 0.189959 0.193158 0.196329 0.199473 0.202588 0.205676 0.208735
0.027571 0.031669 0.036255 0.040889 0.045493 0.050057 0.054581 0.059069 0.063523 0.067946 0.072341 0.076706 0.081044 0.085354 0.089637 0.093894 0.098124 0.102328 0.106506 0.110659 0.114786 0.118889 0.122968 0.127023 0.131054 0.135061 0.139046 0.143008 0.146947 0.150865 0.154761 0.158636 0.162489 0.166322 0.170133 0.173924 0.177695 0.181444 0.185174 0.188882 0.192570 0.196237 0.199883 0.203507 0.207110 0.210691 0.214250 0.217787 0.221300 0.224791
0.027690 0.033103 0.038064 0.042930 0.047755 0.052545 0.057302 0.062029 0.066729 0.071402 0.076051 0.080675 0.085274 0.089848 0.094399 0.098927 0.103431 0.107913 0.112373 0.116812 0.121229 0.125626 0.130003 0.134361 0.138700 0.143021 0.147325 0.151611 0.155880 0.160134 0.164372 0.168594 0.172802 0.176995 0.181173 0.185337 0.189486 0.193621 0.197742 0.201848 0.205939 0.210015 0.214075 0.218120 0.222149 0.226161 0.230157 0.234135 0.238095 0.242036
0.030326 0.034914 0.039989 0.045111 0.050205 0.055264 0.060291 0.065290 0.070265 0.075215 0.080142 0.085046 0.089928 0.094787 0.099624 0.104441 0.109237 0.114014 0.118772 0.123512 0.128235 0.132943 0.137634 0.142312 0.146975 0.151626 0.156265 0.160893 0.165511 0.170118 0.174716 0.179305 0.183885 0.188456 0.193019 0.197574 0.202120 0.206658 0.211186 0.215706 0.220216 0.224717 0.229207 0.233687 0.238155 0.242612 0.247056 0.251488 0.255905 0.260309
0.029794 0.036337 0.042060 0.047550 0.052956 0.058317 0.063645 0.068945 0.074219 0.079468 0.084693 0.089893 0.095071 0.100227 0.105363 0.110479 0.115578 0.120659 0.125725 0.130777 0.135816 0.140843 0.145860 0.150868 0.155867 0.160860 0.165846 0.170828 0.175805 0.180779 0.185749 0.190716 0.195681 0.200642 0.205601 0.210556 0.215508 0.220457 0.225402 0.230342 0.235278 0.240208 0.245132 0.250050 0.254960 0.259862 0.264756 0.269641 0.274516 0.279381
0.034397 0.039361 0.044872 0.050537 0.056228 0.061902 0.067547 0.073160 0.078743 0.084296 0.089821 0.095321 0.100796 0.106250 0.111684 0.117100 0.122500 0.127887 0.133262 0.138627 0.143984 0.149334 0.154679 0.160021 0.165361 0.170700 0.176039 0.181380 0.186722 0.192066 0.197413 0.202761 0.208112 0.213464 0.218818 0.224173 0.229528 0.234884 0.240240 0.245594 0.250948 0.256299 0.261647 0.266992 0.272332 0.277667 0.282997 0.288321 0.293638 0.298948
0.036119 0.041980 0.048085 0.054199 0.060264 0.066274 0.072232 0.078144 0.084017 0.089855 0.095662 0.101442 0.107199 0.112934 0.118653 0.124356 0.130048 0.135730 0.141406 0.147076 0.152744 0.158411 0.164080 0.169753 0.175429 0.181112 0.186800 0.192496 0.198198 0.203906 0.209621 0.215341 0.221067 0.226797 0.232532 0.238270 0.244011 0.249756 0.255502 0.261250 0.266998 0.272745 0.278492 0.284237 0.289980 0.295720 0.301457 0.307191 0.312921 0.318646
0.037345 0.045486 0.052478 0.059051 0.065437 0.071717 0.077925 0.084079 0.090191 0.096268 0.102316 0.108340 0.114344 0.120333 0.126310 0.132277 0.138239 0.144197 0.150155 0.156116 0.162081 0.168053 0.174034 0.180025 0.186027 0.192040 0.198063 0.204098 0.210141 0.216194 0.222254 0.228321 0.234395 0.240474 0.246559 0.252649 0.258744 0.264843 0.270945 0.277048 0.283153 0.289258 0.295364 0.301470 0.307576 0.313681 0.319786 0.325889 0.331991 0.338092
0.046839 0.052702 0.059072 0.065538 0.071981 0.078376 0.084725 0.091034 0.097313 0.103568 0.109805 0.116027 0.122239 0.128444 0.134646 0.140847 0.147052 0.153262 0.159480 0.165710 0.171953 0.178212 0.184486 0.190776 0.197081 0.203400 0.209731 0.216074 0.222426 0.228787 0.235154 0.241528 0.247909 0.254296 0.260689 0.267088 0.273493 0.279901 0.286311 0.292724 0.299139 0.305557 0.311977 0.318399 0.324823 0.331249 0.337677 0.344106 0.350537 0.356969
0.054458 0.060416 0.066790 0.073236 0.079679 0.086106 0.092516 0.098912 0.105298 0.111678 0.118056 0.124434 0.130816 0.137203 0.143598 0.150005 0.156425 0.162862 0.169318 0.175795 0.182294 0.188815 0.195357 0.201917 0.208491 0.215078 0.221677 0.228285 0.234899 0.241520 0.248147 0.254781 0.261422 0.268070 0.274726 0.281389 0.288058 0.294729 0.301405 0.308085 0.314771 0.321461 0.328157 0.334857 0.341562 0.348272 0.354986 0.361705 0.368428 0.375154
0.060232 0.068366 0.075188 0.081697 0.088141 0.094579 0.101023 0.107478 0.113944 0.120422 0.126914 0.133421 0.139946 0.146491 0.153057 0.159646 0.166261 0.172904 0.179578 0.186281 0.193013 0.199769 0.206543 0.213330 0.220128 0.226938 0.233758 0.240583 0.247414 0.254253 0.261100 0.267957 0.274823 0.281698 0.288584 0.295479 0.302384 0.309298 0.316219 0.323149 0.330087 0.337032 0.343985 0.350946 0.357915 0.364890 0.371873 0.378863 0.385859 0.392861
0.074007 0.078395 0.084262 0.090537 0.096945 0.103410 0.109910 0.116436 0.122987 0.129564 0.136166 0.142797 0.149457 0.156149 0.162874 0.169635 0.176433 0.183270 0.190147 0.197058 0.203993 0.210946 0.217910 0.224882 0.231867 0.238864 0.245875 0.252900 0.259936 0.266983 0.274043 0.281115 0.288199 0.295295 0.302404 0.309526 0.316660 0.323806 0.330963 0.338132 0.345311 0.352502 0.359703 0.366914 0.374134 0.381365 0.388605 0.395854 0.403112 0.410378
0.078567 0.085835 0.092513 0.099089 0.105660 0.112248 0.118857 0.125492 0.132155 0.138849 0.145577 0.152342 0.159145 0.165990 0.172878 0.179811 0.186792 0.193821 0.200889 0.207982 0.215088 0.222211 0.229352 0.236509 0.243683 0.250873 0.258079 0.265303 0.272542 0.279798 0.287069 0.294357 0.301659 0.308977 0.316310 0.323658 0.331020 0.338398 0.345789 0.353195 0.360614 0.368046 0.375491 0.382949 0.390419 0.397900 0.405393 0.412897 0.420412 0.427937
0.086436 0.093639 0.100570 0.107370 0.114119 0.120858 0.127608 0.134381 0.141186 0.148025 0.154905 0.161827 0.168795 0.175811 0.182879 0.190000 0.197176 0.204399 0.211644 0.218912 0.226201 0.233511 0.240843 0.248196 0.255569 0.262963 0.270376 0.277810 0.285263 0.292736 0.300228 0.307738 0.315267 0.322813 0.330377 0.337959 0.345557 0.353173 0.360804 0.368452 0.376115 0.383793 0.391486 0.399194 0.406915 0.414650 0.422398 0.430159 0.437932 0.445717
0.095485 0.101774 0.108488 0.115297 0.122139 0.129009 0.135910 0.142847 0.149824 0.156843 0.163909 0.171024 0.178191 0.185411 0.192689 0.200025 0.207416 0.214836 0.222282 0.229754 0.237251 0.244773 0.252320 0.259891 0.267486 0.275104 0.282745 0.290408 0.298094 0.305801 0.313530 0.321279 0.329049 0.336839 0.344648 0.352477 0.360324 0.368190 0.376074 0.383975 0.391893 0.399828 0.407779 0.415746 0.423728 0.431725 0.439737 0.447762 0.455800 0.463852
0.101145 0.108533 0.115453 0.122367 0.129344 0.136383 0.143478 0.150625 0.157823 0.165071 0.172371 0.179725 0.187135 0.194602 0.202130 0.209719 0.217348 0.225005 0.232691 0.240405 0.248146 0.255914 0.263709 0.271529 0.279375 0.287246 0.295142 0.303062 0.311005 0.318971 0.326960 0.334971 0.343004 0.351059 0.359134 0.367229 0.375344 0.383478 0.391632 0.399804 0.407994 0.416201 0.424426 0.432667 0.440924 0.449197 0.457484 0.465787 0.474103 0.482433
0.108299 0.114162 0.120998 0.128122 0.135366 0.142685 0.150063 0.157495 0.164982 0.172521 0.180115 0.187764 0.195471 0.203236 0.211062 0.218945 0.226858 0.234801 0.242773 0.250773 0.258800 0.266855 0.274937 0.283044 0.291177 0.299336 0.307519 0.315727 0.323959 0.332214 0.340492 0.348793 0.357115 0.365460 0.373825 0.382211 0.390618 0.399044 0.407489 0.415953 0.424436 0.432936 0.441453 0.449988 0.458539 0.467105 0.475687 0.484284 0.492895 0.501520
0.108103 0.116747 0.124644 0.132365 0.140061 0.147780 0.155536 0.163338 0.171187 0.179087 0.187038 0.195043 0.203103 0.211220 0.219397 0.227621 0.235874 0.244153 0.252460 0.260793 0.269151 0.277536 0.285946 0.294381 0.302840 0.311323 0.319831 0.328362 0.336916 0.345493 0.354092 0.362713 0.371355 0.380019 0.388704 0.397408 0.406133 0.414876 0.423639 0.432420 0.441220 0.450036 0.458870 0.467721 0.476587 0.485469 0.494366 0.503278 0.512204 0.521144
0.111186 0.119184 0.127297 0.135417 0.143552 0.151714 0.159911 0.168147 0.176426 0.184749 0.193118 0.201536 0.210003 0.218523 0.227098 0.235716 0.244358 0.253023 0.261711 0.270422 0.279157 0.287914 0.296693 0.305496 0.314320 0.323167 0.332035 0.340925 0.349836 0.358769 0.367723 0.376697 0.385691 0.394705 0.403738 0.412791 0.421863 0.430953 0.440061 0.449186 0.458329 0.467488 0.476664 0.485855 0.495062 0.504283 0.513520 0.522770 0.532033 0.541310
0.112402 0.120464 0.128817 0.137332 0.145930 0.154581 0.163272 0.171999 0.180761 0.189560 0.198396 0.207273 0.216193 0.225157 0.234171 0.243226 0.252301 0.261394 0.270506 0.279637 0.288786 0.297955 0.307143 0.316350 0.325576 0.334822 0.344087 0.353371 0.362674 0.371996 0.381337 0.390697 0.400075 0.409471 0.418884 0.428316 0.437764 0.447230 0.456711 0.466210 0.475724 0.485253 0.494797 0.504356 0.513930 0.523517 0.533117 0.542730 0.552356 0.561993
0.110802 0.119779 0.128928 0.138104 0.147304 0.156526 0.165769 0.175032 0.184318 0.193627 0.202964 0.212332 0.221733 0.231173 0.240655 0.250178 0.259721 0.269276 0.278845 0.288429 0.298028 0.307642 0.317272 0.326917 0.336579 0.346257 0.355951 0.365662 0.375389 0.385133 0.394893 0.404670 0.414462 0.424271 0.434095 0.443935 0.453791 0.463661 0.473546 0.483446 0.493360 0.503287 0.513228 0.523182 0.533149 0.543128 0.553119 0.563122 0.573135 0.583159
0.107201 0.118190 0.128264 0.138156 0.148002 0.157828 0.167646 0.177461 0.187282 0.197115 0.206965 0.216838 0.226738 0.236670 0.246638 0.256645 0.266680 0.276723 0.286777 0.296841 0.306917 0.317004 0.327104 0.337218 0.347344 0.357484 0.367637 0.377805 0.387986 0.398182 0.408391 0.418614 0.428852 0.439103 0.449367 0.459645 0.469937 0.480241 0.490559 0.500888 0.511230 0.521584 0.531950 0.542327 0.552714 0.563113 0.573521 0.583939 0.594367 0.604803
0.109129 0.117518 0.127631 0.138040 0.148457 0.158840 0.169196 0.179540 0.189881 0.200229 0.210589 0.220968 0.231372 0.241803 0.252268 0.262770 0.273309 0.283860 0.294419 0.304985 0.315561 0.326147 0.336743 0.347349 0.357966 0.368595 0.379235 0.389886 0.400550 0.411225 0.421911 0.432610 0.443320 0.454042 0.464776 0.475520 0.486276 0.497043 0.507820 0.518608 0.529407 0.540215 0.551032 0.561859 0.572695 0.583539 0.594392 0.605252 0.616120 0.626995
0.100819 0.115112 0.126914 0.138034 0.148952 0.159806 0.170640 0.181472 0.192309 0.203158 0.214023 0.224909 0.235819 0.246758 0.257729 0.268736 0.279784 0.290859 0.301942 0.313031 0.324129 0.335235 0.346349 0.357473 0.368605 0.379748 0.390900 0.402061 0.413233 0.424414 0.435605 0.446806 0.458016 0.469236 0.480466 0.491704 0.502952 0.514208 0.525473 0.536747 0.548028 0.559318 0.570614 0.581918 0.593229 0.604546 0.615869 0.627197 0.638532 0.649871
0.107499 0.116706 0.127294 0.138307 0.149479 0.160725 0.172012 0.183325 0.194660 0.206015 0.217393 0.228794 0.240222 0.251681 0.263172 0.274700 0.286269 0.297880 0.309506 0.321140 0.332781 0.344430 0.356086 0.367751 0.379424 0.391104 0.402793 0.414490 0.426196 0.437909 0.449630 0.461359 0.473096 0.484841 0.496593 0.508352 0.520118 0.531890 0.543669 0.555454 0.567245 0.579042 0.590844 0.602650 0.614461 0.626277 0.638096 0.649918 0.661744 0.673572
0.105018 0.115210 0.126351 0.137889 0.149594 0.161376 0.173198 0.185047 0.196919 0.208812 0.220728 0.232669 0.244639 0.256639 0.268673 0.280745 0.292858 0.305015 0.317208 0.329411 0.341620 0.353836 0.366060 0.378291 0.390528 0.402773 0.415024 0.427283 0.439547 0.451818 0.464096 0.476379 0.488668 0.500963 0.513262 0.525567 0.537877 0.550191 0.562510 0.574832 0.587158 0.599486 0.611818 0.624152 0.636489 0.648827 0.661166 0.673507 0.685848 0.698189
0.096025 0.110738 0.123947 0.136664 0.149204 0.161678 0.174129 0.186577 0.199034 0.211506 0.223999 0.236515 0.249059 0.261633 0.274242 0.286887 0.299574 0.312304 0.325081 0.337880 0.350685 0.363497 0.376315 0.389138 0.401968 0.414802 0.427642 0.440488 0.453337 0.466192 0.479050 0.491913 0.504779 0.517649 0.530521 0.543397 0.556275 0.569155 0.582037 0.594920 0.607804 0.620689 0.633575 0.646460 0.659345 0.672229 0.685111 0.697993 0.710872 0.723749
0.095803 0.108856 0.122219 0.135485 0.148650 0.161755 0.174834 0.187907 0.200984 0.214075 0.227183 0.240314 0.253471 0.266658 0.279877 0.293133 0.306428 0.319765 0.333149 0.346573 0.360004 0.373440 0.386880 0.400325 0.413773 0.427224 0.440679 0.454137 0.467597 0.481059 0.494524 0.507990 0.521458 0.534926 0.548395 0.561864 0.575334 0.588802 0.602270 0.615737 0.629202 0.642665 0.656126 0.669584 0.683038 0.696490 0.709937 0.723379 0.736817 0.750250
0.093394 0.107157 0.120700 0.134295 0.147946 0.161630 0.175334 0.189053 0.202788 0.216537 0.230305 0.244094 0.257906 0.271745 0.285615 0.299517 0.313457 0.327438 0.341462 0.355533 0.369621 0.383710 0.397801 0.411893 0.425986 0.440080 0.454175 0.468270 0.482364 0.496459 0.510552 0.524645 0.538736 0.552825 0.566912 0.580997 0.595078 0.609157 0.623231 0.637302 0.651367 0.665428 0.679484 0.693534 0.707578 0.721615 0.735645 0.749668 0.763683 0.777690
0.091501 0.104496 0.118336 0.132503 0.146813 0.161191 0.175603 0.190036 0.204482 0.218941 0.233414 0.247903 0.262412 0.276942 0.291499 0.306085 0.320705 0.335362 0.350060 0.364804 0.379574 0.394343 0.409110 0.423874 0.438637 0.453397 0.468154 0.482908 0.497658 0.512406 0.527149 0.541888 0.556622 0.571352 0.586076 0.600795 0.615507 0.630213 0.644912 0.659604 0.674288 0.688963 0.703631 0.718289 0.732938 0.747577 0.762206 0.776825 0.791433 0.806029
0.083456 0.099149 0.114596 0.129928 0.145206 0.160454 0.175685 0.190906 0.206122 0.221336 0.236554 0.251780 0.267018 0.282273 0.297548 0.312848 0.328177 0.343540 0.358941 0.374384 0.389859 0.405328 0.420791 0.436249 0.451700 0.467144 0.482583 0.498014 0.513439 0.528856 0.544266 0.559669 0.575063 0.590449 0.605825 0.621193 0.636551 0.651899 0.667237 0.682564 0.697880 0.713184 0.728477 0.743757 0.759024 0.774278 0.789519 0.804745 0.819957 0.835155
0.076452 0.094134 0.110897 0.127303 0.143534 0.159666 0.175738 0.191771 0.207779 0.223772 0.239758 0.255742 0.271732 0.287733 0.303748 0.319784 0.335846 0.351937 0.368063 0.384228 0.400423 0.416608 0.432782 0.448947 0.465101 0.481244 0.497378 0.513500 0.529612 0.545712 0.561801 0.577879 0.593945 0.609998 0.626039 0.642067 0.658081 0.674082 0.690069 0.706041 0.721999 0.737942 0.753868 0.769779 0.785674 0.801551 0.817412 0.833255 0.849080 0.864887
0.075263 0.091313 0.108208 0.125208 0.142171 0.159077 0.175935 0.192754 0.209544 0.226314 0.243071 0.259822 0.276573 0.293331 0.310100 0.326886 0.343693 0.360528 0.377394 0.394298 0.411221 0.428130 0.445024 0.461904 0.478769 0.495619 0.512455 0.529276 0.546082 0.562873 0.579649 0.596408 0.613152 0.629880 0.646591 0.663285 0.679962 0.696621 0.713263 0.729886 0.746491 0.763076 0.779642 0.796189 0.812715 0.829221 0.845706 0.862170 0.878612 0.895032
0.068922 0.087850 0.105736 0.123442 0.141107 0.158744 0.176352 0.193933 0.211489 0.229026 0.246550 0.264066 0.281581 0.299100 0.316627 0.334169 0.351731 0.369316 0.386932 0.404581 0.422234 0.439869 0.457484 0.475080 0.492658 0.510217 0.527757 0.545278 0.562780 0.580263 0.597726 0.615169 0.632592 0.649995 0.667377 0.684738 0.702078 0.719396 0.736692 0.753966 0.771218 0.788447 0.805652 0.822834 0.839992 0.857125 0.874234 0.891319 0.908378 0.925411
0.068600 0.085305 0.103408 0.121790 0.140206 0.158602 0.176970 0.195312 0.213630 0.231931 0.250219 0.268498 0.286775 0.305055 0.323341 0.341640 0.359956 0.378294 0.396660 0.415052 0.433429 0.451784 0.470115 0.488424 0.506710 0.524972 0.543212 0.561428 0.579621 0.597790 0.615936 0.634057 0.652155 0.670227 0.688275 0.706298 0.724296 0.742268 0.760214 0.778134 0.796027 0.813894 0.831733 0.849545 0.867330 0.885086 0.902814 0.920514 0.938184 0.955825
0.059401 0.080769 0.100654 0.120096 0.139371 0.158566 0.177712 0.196824 0.215909 0.234974 0.254024 0.273065 0.292101 0.311137 0.330177 0.349228 0.368293 0.387378 0.406489 0.425607 0.444698 0.463762 0.482798 0.501808 0.520790 0.539745 0.558673 0.577573 0.596446 0.615291 0.634107 0.652896 0.671656 0.690388 0.709090 0.727764 0.746409 0.765023 0.783608 0.802163 0.820688 0.839182 0.857645 0.876077 0.894477 0.912846 0.931183 0.949488 0.967760 0.985999
0.058828 0.078551 0.098579 0.118618 0.138617 0.158572 0.178488 0.198369 0.218221 0.238049 0.257858 0.277653 0.297439 0.317222 0.337005 0.356795 0.376597 0.396416 0.416254 0.436073 0.455860 0.475616 0.495340 0.515032 0.534693 0.554323 0.573920 0.593487 0.613021 0.632523 0.651994 0.671432 0.690837 0.710211 0.729551 0.748859 0.768133 0.787375 0.806582 0.825756 0.844896 0.864001 0.883072 0.902108 0.921110 0.940076 0.959006 0.977901 0.996760 1.015583
0.055770 0.075779 0.096332 0.117054 0.137802 0.158527 0.179214 0.199862 0.220473 0.241053 0.261606 0.282139 0.302658 0.323167 0.343672 0.364180 0.384696 0.405226 0.425756 0.446250 0.466709 0.487131 0.507517 0.527867 0.548182 0.568461 0.588704 0.608911 0.629083 0.649219 0.669319 0.689383 0.709411 0.729403 0.749359 0.769278 0.789160 0.809006 0.828814 0.848585 0.868319 0.888015 0.907673 0.927293 0.946875 0.966418 0.985923 1.005388 1.024815 1.044202
0.048903 0.071559 0.093553 0.115297 0.136911 0.158436 0.179891 0.201287 0.222632 0.243935 0.265203 0.286442 0.307660 0.328862 0.350056 0.371248 0.392443 0.413648 0.434827 0.455964 0.477061 0.498117 0.519132 0.540108 0.561045 0.581941 0.602799 0.623617 0.644396 0.665135 0.685835 0.706496 0.727118 0.747700 0.768243 0.788745 0.809208 0.829631 0.850013 0.870356 0.890657 0.910918 0.931138 0.951317 0.971454 0.991550 1.011605 1.031617 1.051587 1.071515
0.045856 0.068613 0.091302 0.113813 0.136178 0.158431 0.180594 0.202683 0.224710 0.246684 0.268614 0.290510 0.312377 0.334225 0.356059 0.377888 0.399718 0.421545 0.443329 0.465068 0.486762 0.508411 0.530017 0.551580 0.573100 0.594577 0.616012 0.637404 0.658754 0.680062 0.701328 0.722551 0.743732 0.764871 0.785968 0.807022 0.828033 0.849002 0.869928 0.890810 0.911649 0.932445 0.953197 0.973906 0.994570 1.015190 1.035765 1.056296 1.076782 1.097223
0.043095 0.066607 0.089771 0.112818 0.135771 0.158630 0.181404 0.204100 0.226730 0.249301 0.271825 0.294310 0.316763 0.339194 0.361611 0.384020 0.406429 0.428818 0.451158 0.473449 0.495693 0.517891 0.540042 0.562147 0.584207 0.606222 0.628193 0.650118 0.671999 0.693836 0.715628 0.737375 0.759078 0.780737 0.802351 0.823920 0.845444 0.866923 0.888356 0.909745 0.931088 0.952385 0.973635 0.994840 1.015999 1.037110 1.058175 1.079193 1.100164 1.121087
0.042461 0.065257 0.088714 0.112237 0.135697 0.159069 0.182355 0.205563 0.228704 0.251788 0.274824 0.297822 0.320789 0.343734 0.366666 0.389591 0.412517 0.435408 0.458250 0.481041 0.503784 0.526479 0.549126 0.571727 0.594280 0.616787 0.639247 0.661662 0.684030 0.706352 0.728628 0.750858 0.773042 0.795180 0.817271 0.839316 0.861314 0.883264 0.905168 0.927025 0.948834 0.970595 0.992308 1.013973 1.035589 1.057157 1.078676 1.100146 1.121566 1.142937
0.037772 0.063457 0.087963 0.112066 0.135976 0.159765 0.183463 0.207087 0.230648 0.254158 0.277626 0.301060 0.324467 0.347857 0.371237 0.394614 0.417991 0.441329 0.464616 0.487853 0.511042 0.534182 0.557275 0.580320 0.603318 0.626269 0.649173 0.672030 0.694840 0.717603 0.740319 0.762988 0.785609 0.808183 0.830709 0.853188 0.875618 0.897999 0.920332 0.942617 0.964852 0.987037 1.009173 1.031259 1.053295 1.075280 1.097215 1.119099 1.140931 1.162713
0.040267 0.064030 0.088242 0.112462 0.136612 0.160688 0.184698 0.208650 0.232553 0.256415 0.280243 0.304045 0.327828 0.351599 0.375366 0.399135 0.422904 0.446632 0.470310 0.493941 0.517523 0.541058 0.564546 0.587987 0.611381 0.634728 0.658028 0.681280 0.704486 0.727643 0.750754 0.773816 0.796830 0.819796 0.842713 0.865581 0.888399 0.911169 0.933888 0.956557 0.979176 1.001744 1.024261 1.046727 1.069140 1.091502 1.113812 1.136070 1.158274 1.180425
0.039668 0.064234 0.088634 0.113011 0.137362 0.161675 0.185946 0.210175 0.234367 0.258528 0.282664 0.306781 0.330887 0.354986 0.379087 0.403196 0.427305 0.451372 0.475392 0.499366 0.523294 0.547175 0.571009 0.594798 0.618540 0.642235 0.665883 0.689484 0.713037 0.736543 0.760001 0.783411 0.806771 0.830083 0.853345 0.876558 0.899720 0.922832 0.945893 0.968903 0.991861 1.014768 1.037622 1.060423 1.083172 1.105867 1.128509 1.151097 1.173631 1.196111
0.039337 0.063958 0.088647 0.113315 0.137936 0.162510 0.187037 0.211526 0.235981 0.260409 0.284817 0.309212 0.333600 0.357987 0.382379 0.406783 0.431187 0.455548 0.479864 0.504134 0.528360 0.552540 0.576675 0.600764 0.624807 0.648803 0.672753 0.696655 0.720510 0.744317 0.768075 0.791785 0.815445 0.839056 0.862617 0.886128 0.909587 0.932995 0.956352 0.979656 1.002908 1.026107 1.049252 1.072345 1.095383 1.118366 1.141296 1.164170 1.186988 1.209752
0.037678 0.063039 0.088248 0.113293 0.138219 0.163061 0.187842 0.212577 0.237278 0.261952 0.286607 0.311250 0.335888 0.360527 0.385174 0.409835 0.434491 0.459103 0.483672 0.508195 0.532675 0.557109 0.581498 0.605841 0.630138 0.654388 0.678592 0.702748 0.726857 0.750917 0.774928 0.798890 0.822802 0.846664 0.870476 0.894236 0.917945 0.941601 0.965205 0.988757 1.012255 1.035699 1.059089 1.082425 1.105706 1.128931 1.152101 1.175215 1.198273 1.221274
0.036172 0.062352 0.087846 0.113100 0.138237 0.163297 0.188301 0.213259 0.238183 0.263079 0.287955 0.312818 0.337675 0.362532 0.387397 0.412275 0.437141 0.461963 0.486741 0.511474 0.536161 0.560803 0.585400 0.609950 0.634454 0.658911 0.683320 0.707682 0.731995 0.756259 0.780474 0.804640 0.828755 0.852819 0.876832 0.900793 0.924702 0.948558 0.972361 0.996110 1.019806 1.043447 1.067033 1.090564 1.114040 1.137459 1.160822 1.184129 1.207378 1.230570
0.038112 0.062399 0.087479 0.112735 0.138005 0.163244 0.188440 0.213595 0.238713 0.263800 0.288864 0.313911 0.338949 0.363984 0.389024 0.414076 0.439108 0.464094 0.489035 0.513930 0.538778 0.563580 0.588336 0.613044 0.637705 0.662319 0.686884 0.711401 0.735869 0.760287 0.784656 0.808974 0.833242 0.857458 0.881622 0.905734 0.929793 0.953799 0.977751 1.001649 1.025493 1.049282 1.073015 1.096692 1.120314 1.143878 1.167386 1.190837 1.214230 1.237565
0.034438 0.060741 0.086494 0.112080 0.137581 0.163013 0.188384 0.213702 0.238974 0.264209 0.289413 0.314596 0.339765 0.364928 0.390092 0.415265 0.440413 0.465514 0.490566 0.515572 0.540530 0.565441 0.590304 0.615119 0.639886 0.664604 0.689274 0.713895 0.738466 0.762988 0.787459 0.811879 0.836247 0.860564 0.884829 0.909041 0.933200 0.957306 0.981357 1.005354 1.029296 1.053182 1.077013 1.100788 1.124506 1.148167 1.171771 1.195317 1.218806 1.242236
0.033724 0.059772 0.085735 0.111547 0.137225 0.162797 0.188283 0.213700 0.239060 0.264376 0.289657 0.314912 0.340150 0.365380 0.390609 0.415845 0.441053 0.466211 0.491321 0.516383 0.541396 0.566361 0.591278 0.616147 0.640967 0.665738 0.690460 0.715133 0.739755 0.764328 0.788849 0.813320 0.837739 0.862106 0.886421 0.910683 0.934891 0.959046 0.983146 1.007192 1.031183 1.055118 1.078997 1.102820 1.126586 1.150295 1.173947 1.197540 1.221076 1.244553
