0.017410 0.016795 0.016846 0.017573 0.018946 0.020920 0.023444 0.026466 0.029939 0.033819 0.038065 0.042640 0.047510 0.052645 0.058015 0.063595 0.069360 0.075288 0.081360 0.087556 0.093859 0.100253 0.106723 0.113256 0.119837 0.126456 0.133101 0.139763 0.146430 0.153094 0.159747 0.166381 0.172989 0.179563 0.186098 0.192587 0.199024 0.205406 0.211726 0.217980 0.224164 0.230275 0.236309 0.242261 0.248130 0.253913 0.259607 0.265209 0.270717 0.276130
0.018908 0.017552 0.017217 0.017729 0.018966 0.020839 0.023281 0.026231 0.029640 0.033460 0.037651 0.042174 0.046995 0.052082 0.057406 0.062942 0.068665 0.074552 0.080583 0.086739 0.093003 0.099358 0.105790 0.112284 0.118828 0.125410 0.132018 0.138642 0.145272 0.151900 0.158516 0.165113 0.171684 0.178222 0.184720 0.191172 0.197573 0.203917 0.210200 0.216418 0.222565 0.228639 0.234635 0.240550 0.246382 0.252126 0.257782 0.263346 0.268816 0.274190
0.019493 0.018048 0.017562 0.017898 0.018963 0.020676 0.022971 0.025787 0.029072 0.032777 0.036859 0.041280 0.046004 0.050998 0.056233 0.061682 0.067320 0.073124 0.079075 0.085151 0.091337 0.097615 0.103970 0.110388 0.116857 0.123363 0.129897 0.136447 0.143003 0.149556 0.156099 0.162623 0.169120 0.175584 0.182008 0.188386 0.194713 0.200984 0.207193 0.213336 0.219409 0.225408 0.231329 0.237169 0.242926 0.248595 0.254174 0.259662 0.265055 0.270352
0.020226 0.018662 0.017974 0.018092 0.018937 0.020440 0.022537 0.025168 0.028280 0.031824 0.035754 0.040029 0.044613 0.049473 0.054577 0.059899 0.065413 0.071095 0.076926 0.082884 0.088953 0.095115 0.101355 0.107660 0.114015 0.120409 0.126830 0.133268 0.139712 0.146155 0.152586 0.158998 0.165385 0.171737 0.178050 0.184318 0.190533 0.196692 0.202790 0.208821 0.214782 0.220668 0.226477 0.232204 0.237846 0.243401 0.248866 0.254239 0.259516 0.264697
0.020848 0.019272 0.018387 0.018248 0.018836 0.020098 0.021971 0.024393 0.027307 0.030660 0.034406 0.038504 0.042915 0.047605 0.052544 0.057703 0.063056 0.068580 0.074253 0.080056 0.085971 0.091980 0.098068 0.104221 0.110425 0.116669 0.122940 0.129229 0.135524 0.141817 0.148100 0.154363 0.160601 0.166805 0.172969 0.179087 0.185154 0.191163 0.197111 0.202992 0.208803 0.214538 0.220196 0.225771 0.231261 0.236664 0.241975 0.247194 0.252317 0.257342
0.022851 0.020172 0.018696 0.018208 0.018545 0.019590 0.021259 0.023479 0.026192 0.029345 0.032891 0.036790 0.041004 0.045498 0.050241 0.055206 0.060366 0.065699 0.071182 0.076795 0.082520 0.088341 0.094242 0.100207 0.106225 0.112282 0.118367 0.124470 0.130579 0.136686 0.142783 0.148860 0.154912 0.160929 0.166907 0.172838 0.178718 0.184540 0.190300 0.195993 0.201615 0.207161 0.212629 0.218014 0.223313 0.228524 0.233643 0.238668 0.243597 0.248428
0.022191 0.019602 0.018229 0.017747 0.018012 0.018932 0.020441 0.022480 0.024997 0.027945 0.031281 0.034966 0.038963 0.043239 0.047764 0.052509 0.057450 0.062563 0.067826 0.073219 0.078725 0.084325 0.090006 0.095751 0.101549 0.107385 0.113249 0.119131 0.125019 0.130905 0.136780 0.142635 0.148464 0.154259 0.160013 0.165721 0.171376 0.176974 0.182508 0.187975 0.193371 0.198690 0.203930 0.209086 0.214156 0.219136 0.224024 0.228818 0.233514 0.238110
0.019531 0.018512 0.017664 0.017304 0.017516 0.018303 0.019638 0.021481 0.023789 0.026519 0.029631 0.033086 0.036851 0.040892 0.045179 0.049685 0.054385 0.059255 0.064274 0.069422 0.074682 0.080035 0.085467 0.090963 0.096510 0.102096 0.107708 0.113337 0.118971 0.124603 0.130222 0.135822 0.141394 0.146931 0.152427 0.157876 0.163271 0.168608 0.173881 0.179086 0.184218 0.189274 0.194248 0.199139 0.203942 0.208654 0.213273 0.217796 0.222221 0.226545
0.021868 0.019677 0.018197 0.017421 0.017314 0.017830 0.018916 0.020519 0.022590 0.025084 0.027958 0.031173 0.034694 0.038488 0.042524 0.046776 0.051219 0.055830 0.060586 0.065469 0.070461 0.075544 0.080704 0.085926 0.091198 0.096505 0.101838 0.107186 0.112538 0.117885 0.123219 0.128532 0.133816 0.139064 0.144269 0.149426 0.154528 0.159571 0.164548 0.169456 0.174290 0.179046 0.183721 0.188310 0.192810 0.197218 0.201532 0.205749 0.209865 0.213880
0.025436 0.021433 0.018981 0.017630 0.017134 0.017345 0.018167 0.019524 0.021356 0.023612 0.026246 0.029218 0.032490 0.036031 0.039810 0.043799 0.047975 0.052313 0.056793 0.061396 0.066104 0.070899 0.075768 0.080696 0.085670 0.090678 0.095708 0.100750 0.105794 0.110832 0.115854 0.120852 0.125820 0.130749 0.135635 0.140469 0.145248 0.149965 0.154616 0.159195 0.163699 0.168124 0.172465 0.176719 0.180883 0.184954 0.188928 0.192804 0.196578 0.200249
0.023808 0.020642 0.018478 0.017144 0.016547 0.016605 0.017246 0.018407 0.020031 0.022068 0.024473 0.027207 0.030234 0.033522 0.037040 0.040761 0.044662 0.048720 0.052914 0.057224 0.061635 0.066128 0.070691 0.075308 0.079966 0.084655 0.089362 0.094078 0.098793 0.103498 0.108184 0.112844 0.117471 0.122057 0.126596 0.131083 0.135510 0.139875 0.144170 0.148393 0.152538 0.156601 0.160579 0.164468 0.168266 0.171968 0.175572 0.179076 0.182476 0.185772
0.020556 0.018972 0.017365 0.016225 0.015656 0.015652 0.016176 0.017183 0.018626 0.020461 0.022649 0.025152 0.027936 0.030969 0.034223 0.037673 0.041293 0.045062 0.048960 0.052969 0.057070 0.061249 0.065491 0.069783 0.074111 0.078464 0.082832 0.087204 0.091571 0.095924 0.100254 0.104555 0.108819 0.113039 0.117210 0.121325 0.125378 0.129365 0.133281 0.137121 0.140881 0.144558 0.148147 0.151645 0.155048 0.158355 0.161561 0.164665 0.167664 0.170556
0.022748 0.019090 0.016892 0.015548 0.014859 0.014737 0.015122 0.015965 0.017223 0.018855 0.020822 0.023090 0.025625 0.028399 0.031383 0.034552 0.037883 0.041355 0.044948 0.048643 0.052425 0.056278 0.060187 0.064140 0.068123 0.072127 0.076140 0.080152 0.084154 0.088138 0.092096 0.096020 0.099903 0.103739 0.107521 0.111244 0.114903 0.118492 0.122007 0.125444 0.128797 0.132065 0.135242 0.138326 0.141313 0.144200 0.146986 0.149666 0.152239 0.154704
0.021350 0.018708 0.016613 0.015160 0.014313 0.014015 0.014213 0.014858 0.015906 0.017314 0.019044 0.021063 0.023338 0.025841 0.028543 0.031421 0.034452 0.037615 0.040891 0.044263 0.047713 0.051227 0.054792 0.058393 0.062020 0.065661 0.069305 0.072944 0.076568 0.080168 0.083738 0.087270 0.090756 0.094192 0.097570 0.100885 0.104132 0.107307 0.110404 0.113419 0.116349 0.119189 0.121936 0.124587 0.127139 0.129589 0.131935 0.134173 0.136302 0.138320
0.021487 0.018856 0.016664 0.015042 0.013996 0.013489 0.013470 0.013891 0.014703 0.015867 0.017342 0.019096 0.021095 0.023312 0.025720 0.028294 0.031012 0.033855 0.036803 0.039838 0.042946 0.046111 0.049319 0.052558 0.055816 0.059082 0.062347 0.065600 0.068834 0.072040 0.075210 0.078337 0.081415 0.084438 0.087399 0.090294 0.093117 0.095864 0.098530 0.101111 0.103603 0.106003 0.108307 0.110512 0.112615 0.114614 0.116506 0.118289 0.119961 0.121519
0.023483 0.019652 0.016950 0.015047 0.013784 0.013067 0.012830 0.013019 0.013589 0.014496 0.015705 0.017180 0.018892 0.020811 0.022912 0.025171 0.027567 0.030079 0.032688 0.035378 0.038132 0.040938 0.043780 0.046647 0.049528 0.052411 0.055287 0.058146 0.060981 0.063783 0.066545 0.069260 0.071921 0.074523 0.077059 0.079525 0.081916 0.084227 0.086454 0.088592 0.090639 0.092590 0.094443 0.096195 0.097843 0.099383 0.100815 0.102137 0.103345 0.104439
0.022657 0.019382 0.016839 0.014910 0.013532 0.012651 0.012216 0.012182 0.012509 0.013159 0.014095 0.015287 0.016704 0.018319 0.020107 0.022044 0.024110 0.026283 0.028547 0.030884 0.033280 0.035719 0.038190 0.040679 0.043177 0.045671 0.048154 0.050615 0.053047 0.055441 0.057791 0.060089 0.062330 0.064507 0.066616 0.068650 0.070606 0.072479 0.074264 0.075958 0.077558 0.079059 0.080461 0.081758 0.082950 0.084034 0.085007 0.085869 0.086618 0.087252
0.021620 0.019075 0.016693 0.014746 0.013261 0.012218 0.011587 0.011331 0.011417 0.011808 0.012473 0.013381 0.014504 0.015813 0.017286 0.018899 0.020632 0.022465 0.024380 0.026363 0.028397 0.030469 0.032567 0.034679 0.036793 0.038899 0.040988 0.043052 0.045082 0.047070 0.049010 0.050894 0.052717 0.054473 0.056157 0.057764 0.059288 0.060727 0.062076 0.063331 0.064489 0.065549 0.066506 0.067358 0.068104 0.068742 0.069271 0.069688 0.069993 0.070185
0.023062 0.019540 0.016862 0.014708 0.013021 0.011770 0.010920 0.010434 0.010276 0.010412 0.010810 0.011438 0.012269 0.013276 0.014436 0.015728 0.017130 0.018625 0.020196 0.021827 0.023505 0.025215 0.026946 0.028685 0.030423 0.032148 0.033852 0.035527 0.037163 0.038754 0.040292 0.041772 0.043188 0.044533 0.045803 0.046993 0.048098 0.049116 0.050042 0.050873 0.051607 0.052241 0.052774 0.053203 0.053527 0.053746 0.053857 0.053860 0.053755 0.053543
0.023835 0.020278 0.017182 0.014692 0.012742 0.011259 0.010184 0.009471 0.009076 0.008963 0.009100 0.009454 0.010000 0.010710 0.011564 0.012539 0.013619 0.014785 0.016021 0.017314 0.018648 0.020009 0.021387 0.022769 0.024145 0.025505 0.026840 0.028141 0.029400 0.030611 0.031766 0.032859 0.033885 0.034838 0.035715 0.036509 0.037219 0.037839 0.038368 0.038803 0.039142 0.039385 0.039529 0.039574 0.039520 0.039364 0.039107 0.038749 0.038294 0.037744
0.024298 0.020203 0.016989 0.014384 0.012290 0.010639 0.009376 0.008456 0.007838 0.007486 0.007369 0.007457 0.007723 0.008144 0.008699 0.009371 0.010144 0.011000 0.011924 0.012900 0.013913 0.014950 0.015998 0.017047 0.018085 0.019104 0.020093 0.021046 0.021953 0.022809 0.023607 0.024342 0.025007 0.025599 0.026114 0.026547 0.026895 0.027156 0.027329 0.027415 0.027411 0.027318 0.027135 0.026861 0.026496 0.026040 0.025494 0.024865 0.024160 0.023385
0.023160 0.019582 0.016517 0.013928 0.011765 0.009989 0.008563 0.007450 0.006619 0.006035 0.005669 0.005494 0.005486 0.005628 0.005905 0.006303 0.006803 0.007385 0.008032 0.008725 0.009450 0.010195 0.010947 0.011695 0.012429 0.013139 0.013816 0.014454 0.015044 0.015582 0.016060 0.016475 0.016822 0.017096 0.017295 0.017415 0.017456 0.017419 0.017305 0.017117 0.016853 0.016514 0.016099 0.015607 0.015038 0.014393 0.013684 0.012937 0.012158 0.011342
0.022297 0.019192 0.016253 0.013629 0.011359 0.009437 0.007837 0.006529 0.005482 0.004666 0.004053 0.003619 0.003354 0.003251 0.003306 0.003492 0.003778 0.004138 0.004552 0.005005 0.005485 0.005979 0.006475 0.006962 0.007431 0.007873 0.008280 0.008646 0.008965 0.009232 0.009442 0.009592 0.009679 0.009699 0.009650 0.009529 0.009347 0.009113 0.008827 0.008488 0.008094 0.007646 0.007141 0.006579 0.005960 0.005286 0.004656 0.004070 0.003494 0.002911
0.023810 0.019814 0.016458 0.013592 0.011133 0.009029 0.007238 0.005727 0.004462 0.003416 0.002560 0.001889 0.001434 0.001205 0.001164 0.001233 0.001373 0.001557 0.001782 0.002041 0.002321 0.002609 0.002893 0.003165 0.003415 0.003637 0.003826 0.003977 0.004085 0.004149 0.004163 0.004127 0.004038 0.003895 0.003695 0.003445 0.003199 0.002944 0.002669 0.002367 0.002037 0.001677 0.001285 0.000862 0.000405 0.000001 0.000001 0.000001 0.000001 0.000001
0.023848 0.020014 0.016593 0.013601 0.010992 0.008721 0.006748 0.005041 0.003568 0.002300 0.001217 0.000451 0.000031 0.000001 0.000001 0.000001 0.000000 0.000019 0.000099 0.000213 0.000338 0.000464 0.000583 0.000687 0.000774 0.000839 0.000880 0.000894 0.000881 0.000837 0.000763 0.000656 0.000517 0.000343 0.000133 0.000001 0.000001 0.000001 0.000001 0.000001 0.000001 0.000001 0.000001 0.000001 0.000001 0.000001 0.000001 0.000001 0.000001 0.000001
0.024683 0.020258 0.016712 0.013626 0.010896 0.008479 0.006344 0.004461 0.002799 0.001330 0.000126 0.000001 0.000001 0.000001 0.000001 0.000001 0.000001 0.000001 0.000001 0.000001 0.000001 0.000001 0.000001 0.000001 0.000001 0.000001 0.000001 0.000001 0.000001 0.000001 0.000001 0.000001 0.000001 0.000001 0.000001 0.000001 0.000001 0.000001 0.000001 0.000001 0.000001 0.000001 0.000001 0.000001 0.000001 0.000001 0.000001 0.000001 0.000001 0.000001
0.022532 0.019982 0.016759 0.013657 0.010832 0.008298 0.006030 0.004000 0.002180 0.000537 0.000001 0.000001 0.000001 0.000001 0.000001 0.000001 0.000001 0.000001 0.000001 0.000001 0.000001 0.000001 0.000001 0.000001 0.000001 0.000001 0.000001 0.000001 0.000001 0.000001 0.000001 0.000001 0.000001 0.000001 0.000001 0.000001 0.000001 0.000001 0.000001 0.000001 0.000001 0.000001 0.000001 0.000001 0.000001 0.000001 0.000001 0.000001 0.000001 0.000001
0.026757 0.021057 0.017069 0.013754 0.010835 0.008218 0.005856 0.003715 0.001766 0.000001 0.000001 0.000001 0.000001 0.000001 0.000001 0.000001 0.000001 0.000001 0.000001 0.000001 0.000001 0.000001 0.000001 0.000001 0.000001 0.000001 0.000001 0.000001 0.000001 0.000001 0.000001 0.000001 0.000001 0.000001 0.000001 0.000001 0.000001 0.000001 0.000001 0.000001 0.000001 0.000001 0.000001 0.000001 0.000001 0.000001 0.000001 0.000001 0.000001 0.000001
0.022494 0.020121 0.016977 0.013880 0.010997 0.008348 0.005919 0.003687 0.001629 0.000001 0.000001 0.000001 0.000001 0.000001 0.000001 0.000001 0.000001 0.000001 0.000001 0.000001 0.000001 0.000001 0.000001 0.000001 0.000001 0.000001 0.000001 0.000001 0.000001 0.000001 0.000001 0.000001 0.000001 0.000001 0.000001 0.000001 0.000001 0.000001 0.000001 0.000001 0.000001 0.000001 0.000001 0.000001 0.000001 0.000001 0.000001 0.000001 0.000001 0.000001
0.026074 0.021428 0.017758 0.014506 0.011539 0.008811 0.006296 0.003970 0.001809 0.000001 0.000001 0.000001 0.000001 0.000001 0.000001 0.000001 0.000001 0.000001 0.000001 0.000001 0.000001 0.000001 0.000001 0.000001 0.000001 0.000001 0.000001 0.000001 0.000001 0.000001 0.000001 0.000001 0.000001 0.000001 0.000001 0.000001 0.000001 0.000001 0.000001 0.000001 0.000001 0.000001 0.000001 0.000001 0.000001 0.000001 0.000001 0.000001 0.000001 0.000001
0.026222 0.022438 0.018804 0.015454 0.012380 0.009555 0.006947 0.004530 0.002277 0.000163 0.000001 0.000001 0.000001 0.000001 0.000001 0.000001 0.000001 0.000001 0.000001 0.000001 0.000001 0.000001 0.000001 0.000001 0.000001 0.000001 0.000001 0.000001 0.000001 0.000001 0.000001 0.000001 0.000001 0.000001 0.000001 0.000001 0.000001 0.000001 0.000001 0.000001 0.000001 0.000001 0.000001 0.000001 0.000001 0.000001 0.000001 0.000001 0.000001 0.000001
0.027185 0.023414 0.019773 0.016390 0.013272 0.010397 0.007738 0.005268 0.002959 0.000785 0.000001 0.000001 0.000001 0.000001 0.000001 0.000001 0.000001 0.000001 0.000001 0.000001 0.000001 0.000001 0.000001 0.000001 0.000001 0.000001 0.000001 0.000001 0.000001 0.000001 0.000001 0.000001 0.000001 0.000001 0.000001 0.000001 0.000001 0.000001 0.000001 0.000001 0.000001 0.000001 0.000001 0.000001 0.000001 0.000001 0.000001 0.000001 0.000001 0.000001
0.028656 0.024222 0.020495 0.017136 0.014053 0.011206 0.008564 0.006101 0.003791 0.001610 0.000001 0.000001 0.000001 0.000001 0.000001 0.000001 0.000001 0.000001 0.000001 0.000001 0.000001 0.000001 0.000001 0.000001 0.000001 0.000001 0.000001 0.000001 0.000001 0.000001 0.000001 0.000001 0.000001 0.000001 0.000001 0.000001 0.000001 0.000001 0.000001 0.000001 0.000001 0.000001 0.000001 0.000001 0.000001 0.000001 0.000001 0.000001 0.000001 0.000001
0.027782 0.024339 0.020899 0.017691 0.014725 0.011976 0.009417 0.007023 0.004770 0.002638 0.000623 0.000001 0.000001 0.000001 0.000001 0.000001 0.000001 0.000001 0.000001 0.000001 0.000001 0.000001 0.000001 0.000001 0.000001 0.000001 0.000001 0.000001 0.000001 0.000001 0.000001 0.000001 0.000001 0.000001 0.000001 0.000001 0.000001 0.000001 0.000001 0.000001 0.000001 0.000001 0.000001 0.000001 0.000001 0.000001 0.000001 0.000001 0.000001 0.000001
0.028358 0.024501 0.021194 0.018182 0.015394 0.012800 0.010376 0.008101 0.005957 0.003923 0.001983 0.000272 0.000001 0.000001 0.000001 0.000001 0.000001 0.000001 0.000001 0.000001 0.000001 0.000001 0.000001 0.000001 0.000001 0.000001 0.000001 0.000001 0.000001 0.000001 0.000001 0.000001 0.000001 0.000001 0.000001 0.000001 0.000001 0.000001 0.000001 0.000001 0.000001 0.000001 0.000001 0.000001 0.000001 0.000001 0.000001 0.000001 0.000001 0.000001
0.027043 0.024377 0.021537 0.018802 0.016229 0.013820 0.011564 0.009446 0.007451 0.005561 0.003761 0.002048 0.000624 0.000001 0.000001 0.000001 0.000001 0.000001 0.000001 0.000001 0.000001 0.000001 0.000001 0.000001 0.000001 0.000001 0.000001 0.000001 0.000001 0.000001 0.000001 0.000001 0.000001 0.000001 0.000001 0.000001 0.000001 0.000001 0.000001 0.000001 0.000001 0.000001 0.000001 0.000001 0.000001 0.000001 0.000001 0.000001 0.000001 0.000001
0.029072 0.025332 0.022383 0.019777 0.017386 0.015170 0.013106 0.011179 0.009371 0.007668 0.006055 0.004516 0.003066 0.001806 0.000906 0.000234 0.000001 0.000001 0.000001 0.000001 0.000001 0.000001 0.000001 0.000001 0.000001 0.000001 0.000001 0.000001 0.000001 0.000001 0.000001 0.000001 0.000001 0.000001 0.000001 0.000001 0.000001 0.000001 0.000001 0.000001 0.000001 0.000001 0.000001 0.000001 0.000001 0.000001 0.000001 0.000001 0.000001 0.000001
0.027456 0.025636 0.023360 0.021091 0.018951 0.016966 0.015129 0.013428 0.011848 0.010374 0.008990 0.007683 0.006442 0.005275 0.004231 0.003335 0.002595 0.002066 0.001663 0.001334 0.001052 0.000800 0.000565 0.000340 0.000117 0.000001 0.000001 0.000001 0.000001 0.000001 0.000001 0.000001 0.000001 0.000001 0.000001 0.000001 0.000001 0.000001 0.000001 0.000001 0.000001 0.000001 0.000001 0.000001 0.000001 0.000001 0.000001 0.000001 0.000001 0.000001
0.030441 0.027582 0.025172 0.023031 0.021103 0.019357 0.017772 0.016329 0.015010 0.013801 0.012686 0.011651 0.010685 0.009776 0.008929 0.008155 0.007459 0.006861 0.006362 0.005941 0.005582 0.005266 0.004982 0.004718 0.004465 0.004225 0.004036 0.003876 0.003730 0.003587 0.003442 0.003291 0.003133 0.002963 0.002781 0.002586 0.002375 0.002148 0.001905 0.001644 0.001365 0.001066 0.000748 0.000408 0.000044 0.000001 0.000001 0.000001 0.000001 0.000001
0.032850 0.029932 0.027592 0.025633 0.023941 0.022458 0.021148 0.019988 0.018957 0.018041 0.017225 0.016496 0.015842 0.015251 0.014715 0.014230 0.013797 0.013417 0.013094 0.012827 0.012609 0.012432 0.012287 0.012166 0.012060 0.011963 0.011878 0.011808 0.011746 0.011686 0.011624 0.011553 0.011469 0.011370 0.011252 0.011112 0.010950 0.010762 0.010546 0.010303 0.010029 0.009724 0.009388 0.009017 0.008612 0.008219 0.007878 0.007554 0.007233 0.006907
0.034234 0.032158 0.030381 0.028825 0.027471 0.026299 0.025294 0.024439 0.023719 0.023120 0.022628 0.022233 0.021922 0.021684 0.021509 0.021391 0.021321 0.021297 0.021316 0.021377 0.021476 0.021609 0.021771 0.021956 0.022157 0.022368 0.022586 0.022807 0.023029 0.023250 0.023463 0.023666 0.023854 0.024023 0.024170 0.024293 0.024387 0.024452 0.024483 0.024481 0.024441 0.024364 0.024247 0.024089 0.023888 0.023649 0.023390 0.023118 0.022830 0.022523
0.035790 0.034945 0.033791 0.032669 0.031678 0.030841 0.030161 0.029632 0.029243 0.028983 0.028841 0.028805 0.028866 0.029012 0.029235 0.029526 0.029877 0.030281 0.030732 0.031225 0.031756 0.032321 0.032914 0.033530 0.034163 0.034809 0.035462 0.036118 0.036772 0.037421 0.038062 0.038690 0.039303 0.039896 0.040466 0.041010 0.041525 0.042009 0.042458 0.042870 0.043243 0.043576 0.043865 0.044111 0.044310 0.044462 0.044570 0.044638 0.044670 0.044666
0.040665 0.039184 0.038088 0.037208 0.036513 0.035994 0.035644 0.035455 0.035417 0.035519 0.035750 0.036101 0.036561 0.037121 0.037773 0.038508 0.039317 0.040193 0.041127 0.042113 0.043144 0.044213 0.045315 0.046443 0.047592 0.048757 0.049932 0.051111 0.052292 0.053468 0.054638 0.055796 0.056939 0.058064 0.059168 0.060247 0.061299 0.062321 0.063310 0.064263 0.065179 0.066055 0.066889 0.067680 0.068424 0.069122 0.069771 0.070373 0.070928 0.071437
0.045432 0.043940 0.042932 0.042250 0.041824 0.041616 0.041604 0.041771 0.042103 0.042588 0.043217 0.043979 0.044865 0.045866 0.046974 0.048180 0.049475 0.050850 0.052297 0.053805 0.055366 0.056973 0.058619 0.060297 0.062001 0.063724 0.065463 0.067211 0.068963 0.070717 0.072467 0.074210 0.075943 0.077662 0.079364 0.081046 0.082706 0.084339 0.085945 0.087520 0.089062 0.090569 0.092039 0.093469 0.094858 0.096204 0.097505 0.098760 0.099969 0.101131
0.049021 0.048438 0.047855 0.047512 0.047421 0.047562 0.047913 0.048456 0.049178 0.050066 0.051111 0.052303 0.053635 0.055096 0.056678 0.058371 0.060165 0.062048 0.064010 0.066041 0.068132 0.070275 0.072461 0.074685 0.076941 0.079222 0.081524 0.083843 0.086173 0.088510 0.090852 0.093193 0.095532 0.097864 0.100187 0.102498 0.104794 0.107072 0.109330 0.111566 0.113777 0.115961 0.118115 0.120238 0.122328 0.124382 0.126400 0.128378 0.130316 0.132213
0.054349 0.053174 0.052880 0.052939 0.053248 0.053778 0.054516 0.055450 0.056570 0.057868 0.059335 0.060963 0.062745 0.064669 0.066724 0.068897 0.071175 0.073544 0.075995 0.078516 0.081100 0.083740 0.086429 0.089161 0.091932 0.094736 0.097569 0.100427 0.103306 0.106202 0.109113 0.112033 0.114961 0.117894 0.120828 0.123760 0.126689 0.129611 0.132525 0.135426 0.138315 0.141187 0.144041 0.146874 0.149686 0.152472 0.155233 0.157965 0.160668 0.163339
0.056220 0.057602 0.058159 0.058717 0.059432 0.060340 0.061446 0.062751 0.064251 0.065941 0.067815 0.069864 0.072078 0.074440 0.076934 0.079542 0.082249 0.085043 0.087916 0.090861 0.093871 0.096943 0.100071 0.103250 0.106477 0.109748 0.113059 0.116406 0.119787 0.123197 0.126634 0.130094 0.133575 0.137074 0.140588 0.144114 0.147649 0.151192 0.154740 0.158289 0.161839 0.165386 0.168928 0.172463 0.175990 0.179505 0.183007 0.186494 0.189963 0.193414
0.065419 0.064220 0.064519 0.065237 0.066193 0.067367 0.068760 0.070371 0.072197 0.074232 0.076470 0.078896 0.081486 0.084217 0.087068 0.090017 0.093057 0.096182 0.099389 0.102673 0.106031 0.109460 0.112956 0.116515 0.120136 0.123813 0.127544 0.131326 0.135156 0.139030 0.142945 0.146899 0.150889 0.154912 0.158965 0.163046 0.167151 0.171278 0.175426 0.179590 0.183770 0.187962 0.192164 0.196374 0.200590 0.204809 0.209029 0.213249 0.217466 0.221678
0.068358 0.070796 0.071687 0.072496 0.073527 0.074828 0.076397 0.078225 0.080302 0.082618 0.085152 0.087870 0.090729 0.093712 0.096793 0.099969 0.103242 0.106611 0.110073 0.113627 0.117269 0.120996 0.124804 0.128692 0.132655 0.136690 0.140795 0.144966 0.149199 0.153493 0.157844 0.162249 0.166706 0.171211 0.175761 0.180355 0.184989 0.189661 0.194368 0.199108 0.203878 0.208675 0.213498 0.218344 0.223211 0.228095 0.232996 0.237911 0.242837 0.247772
0.083304 0.080234 0.079688 0.080115 0.081074 0.082418 0.084092 0.086067 0.088327 0.090850 0.093582 0.096455 0.099446 0.102562 0.105802 0.109159 0.112630 0.116211 0.119901 0.123696 0.127593 0.131590 0.135683 0.139870 0.144146 0.148509 0.152956 0.157483 0.162088 0.166768 0.171519 0.176339 0.181225 0.186174 0.191183 0.196250 0.201372 0.206546 0.211769 0.217040 0.222355 0.227712 0.233109 0.238542 0.244010 0.249511 0.255041 0.260598 0.266181 0.271786
0.084677 0.085650 0.086296 0.087115 0.088224 0.089654 0.091411 0.093493 0.095888 0.098531 0.101326 0.104276 0.107374 0.110615 0.113997 0.117516 0.121167 0.124946 0.128849 0.132873 0.137014 0.141269 0.145634 0.150106 0.154682 0.159358 0.164131 0.168998 0.173957 0.179003 0.184135 0.189349 0.194641 0.200011 0.205454 0.210967 0.216549 0.222196 0.227906 0.233676 0.239504 0.245386 0.251321 0.257305 0.263336 0.269412 0.275530 0.281688 0.287883 0.294112
0.089969 0.091648 0.092597 0.093491 0.094607 0.096048 0.097849 0.100014 0.102497 0.105177 0.108039 0.111079 0.114289 0.117665 0.121199 0.124887 0.128725 0.132707 0.136828 0.141084 0.145472 0.149986 0.154624 0.159382 0.164256 0.169243 0.174340 0.179542 0.184848 0.190254 0.195757 0.201355 0.207043 0.212819 0.218681 0.224626 0.230650 0.236751 0.242927 0.249174 0.255489 0.261870 0.268315 0.274821 0.281384 0.288002 0.294673 0.301395 0.308163 0.314977
0.101043 0.099015 0.098464 0.098739 0.099615 0.101001 0.102847 0.105118 0.107672 0.110443 0.113422 0.116597 0.119960 0.123505 0.127224 0.131111 0.135161 0.139367 0.143726 0.148233 0.152882 0.157670 0.162593 0.167646 0.172827 0.178132 0.183556 0.189098 0.194753 0.200519 0.206393 0.212370 0.218449 0.224627 0.230900 0.237265 0.243719 0.250260 0.256885 0.263591 0.270374 0.277233 0.284163 0.291163 0.298230 0.305361 0.312552 0.319802 0.327108 0.334466
0.102953 0.101589 0.101077 0.101376 0.102351 0.103897 0.105941 0.108409 0.111138 0.114095 0.117268 0.120646 0.124223 0.127989 0.131938 0.136064 0.140362 0.144827 0.149452 0.154234 0.159168 0.164250 0.169475 0.174840 0.180341 0.185975 0.191738 0.197626 0.203637 0.209767 0.216013 0.222371 0.228839 0.235413 0.242090 0.248868 0.255742 0.262710 0.269768 0.276915 0.284146 0.291459 0.298851 0.306318 0.313859 0.321469 0.329147 0.336889 0.344693 0.352556
0.099957 0.099558 0.100025 0.101072 0.102613 0.104609 0.107037 0.109827 0.112846 0.116082 0.119527 0.123176 0.127023 0.131062 0.135287 0.139695 0.144278 0.149033 0.153956 0.159040 0.164283 0.169680 0.175227 0.180920 0.186757 0.192732 0.198843 0.205086 0.211458 0.217956 0.224575 0.231313 0.238165 0.245130 0.252202 0.259380 0.266660 0.274038 0.281511 0.289077 0.296732 0.304473 0.312296 0.320200 0.328180 0.336234 0.344359 0.352553 0.360811 0.369132
0.092552 0.094998 0.096968 0.098934 0.101116 0.103609 0.106451 0.109607 0.112967 0.116528 0.120291 0.124253 0.128411 0.132761 0.137298 0.142018 0.146918 0.151991 0.157235 0.162645 0.168217 0.173946 0.179831 0.185866 0.192048 0.198374 0.204839 0.211441 0.218176 0.225039 0.232027 0.239137 0.246365 0.253706 0.261159 0.268719 0.276383 0.284148 0.292010 0.299966 0.308013 0.316148 0.324367 0.332667 0.341046 0.349501 0.358028 0.366624 0.375287 0.384015
0.090429 0.092419 0.094226 0.096292 0.098699 0.101464 0.104590 0.108053 0.111736 0.115624 0.119715 0.124008 0.128496 0.133177 0.138047 0.143101 0.148335 0.153745 0.159326 0.165075 0.170987 0.177060 0.183290 0.189673 0.196205 0.202882 0.209700 0.216656 0.223745 0.230964 0.238307 0.245772 0.253355 0.261052 0.268860 0.276774 0.284793 0.292911 0.301127 0.309436 0.317835 0.326320 0.334890 0.343540 0.352269 0.361072 0.369947 0.378892 0.387902 0.396975
0.092242 0.090395 0.091166 0.092985 0.095415 0.098315 0.101628 0.105323 0.109314 0.113521 0.117943 0.122571 0.127398 0.132420 0.137632 0.143029 0.148606 0.154358 0.160281 0.166373 0.172629 0.179045 0.185619 0.192345 0.199219 0.206238 0.213396 0.220689 0.228113 0.235663 0.243336 0.251128 0.259035 0.267053 0.275180 0.283411 0.291744 0.300174 0.308697 0.317312 0.326013 0.334799 0.343667 0.352613 0.361634 0.370728 0.379891 0.389120 0.398411 0.407761
0.079175 0.083331 0.085768 0.088164 0.090897 0.094036 0.097574 0.101493 0.105761 0.110312 0.115078 0.120048 0.125220 0.130589 0.136146 0.141885 0.147801 0.153891 0.160152 0.166579 0.173169 0.179918 0.186821 0.193874 0.201070 0.208405 0.215875 0.223475 0.231200 0.239046 0.247011 0.255089 0.263278 0.271575 0.279975 0.288476 0.297073 0.305763 0.314542 0.323407 0.332356 0.341385 0.350491 0.359672 0.368923 0.378242 0.387623 0.397064 0.406561 0.416110
0.077494 0.077658 0.079562 0.082167 0.085238 0.088709 0.092551 0.096744 0.101271 0.106104 0.111201 0.116523 0.122052 0.127770 0.133662 0.139730 0.145971 0.152384 0.158964 0.165708 0.172612 0.179668 0.186873 0.194218 0.201700 0.209312 0.217052 0.224915 0.232895 0.240992 0.249201 0.257518 0.265941 0.274464 0.283086 0.291802 0.300609 0.309503 0.318481 0.327539 0.336675 0.345884 0.355165 0.364513 0.373924 0.383391 0.392911 0.402479 0.412092 0.421747
0.066983 0.069307 0.072076 0.075268 0.078822 0.082705 0.086902 0.091401 0.096193 0.101269 0.106612 0.112197 0.118004 0.124014 0.130209 0.136580 0.143122 0.149830 0.156702 0.163732 0.170912 0.178236 0.185696 0.193285 0.201001 0.208840 0.216799 0.224875 0.233064 0.241363 0.249766 0.258270 0.266871 0.275565 0.284349 0.293218 0.302171 0.311203 0.320310 0.329489 0.338737 0.348049 0.357424 0.366857 0.376345 0.385883 0.395465 0.405087 0.414745 0.424434
0.055860 0.060495 0.064393 0.068262 0.072304 0.076580 0.081105 0.085884 0.090915 0.096197 0.101722 0.107483 0.113467 0.119661 0.126052 0.132628 0.139381 0.146303 0.153386 0.160621 0.167996 0.175509 0.183154 0.190926 0.198818 0.206828 0.214950 0.223182 0.231519 0.239959 0.248497 0.257129 0.265851 0.274658 0.283547 0.292514 0.301556 0.310667 0.319845 0.329087 0.338387 0.347744 0.357152 0.366609 0.376112 0.385655 0.395235 0.404848 0.414488 0.424151
0.052180 0.054416 0.057973 0.061992 0.066288 0.070821 0.075581 0.080567 0.085775 0.091205 0.096855 0.102722 0.108801 0.115085 0.121568 0.128242 0.135098 0.142127 0.149312 0.156647 0.164124 0.171738 0.179483 0.187352 0.195342 0.203445 0.211658 0.219976 0.228394 0.236908 0.245515 0.254210 0.262989 0.271847 0.280780 0.289785 0.298856 0.307990 0.317183 0.326430 0.335729 0.345075 0.354464 0.363892 0.373356 0.382853 0.392378 0.401926 0.411495 0.421079
0.042886 0.047928 0.052167 0.056457 0.060946 0.065649 0.070559 0.075672 0.080987 0.086501 0.092214 0.098127 0.104237 0.110543 0.117042 0.123729 0.130597 0.137633 0.144826 0.152170 0.159659 0.167285 0.175042 0.182925 0.190927 0.199043 0.207267 0.215593 0.224018 0.232535 0.241141 0.249831 0.258600 0.267444 0.276358 0.285337 0.294378 0.303475 0.312625 0.321823 0.331065 0.340347 0.349665 0.359015 0.368392 0.377794 0.387216 0.396655 0.406105 0.415564
0.040803 0.043369 0.047306 0.051686 0.056304 0.061113 0.066104 0.071276 0.076629 0.082166 0.087887 0.093793 0.099886 0.106163 0.112625 0.119269 0.126085 0.133063 0.140198 0.147483 0.154912 0.162479 0.170176 0.177999 0.185942 0.193997 0.202161 0.210426 0.218788 0.227240 0.235779 0.244399 0.253094 0.261861 0.270694 0.279589 0.288540 0.297544 0.306595 0.315689 0.324822 0.333989 0.343186 0.352408 0.361653 0.370915 0.380190 0.389476 0.398767 0.408060
0.032672 0.038244 0.042997 0.047644 0.052360 0.057202 0.062195 0.067353 0.072682 0.078187 0.083869 0.089728 0.095766 0.101982 0.108374 0.114940 0.121668 0.128553 0.135590 0.142773 0.150098 0.157558 0.165147 0.172859 0.180689 0.188631 0.196679 0.204827 0.213070 0.221402 0.229819 0.238313 0.246881 0.255517 0.264217 0.272974 0.281785 0.290644 0.299546 0.308488 0.317464 0.326469 0.335500 0.344552 0.353621 0.362702 0.371792 0.380885 0.389980 0.399071
0.031608 0.035713 0.040084 0.044540 0.049113 0.053839 0.058734 0.063807 0.069060 0.074492 0.080102 0.085889 0.091850 0.097984 0.104289 0.110759 0.117385 0.124160 0.131082 0.138144 0.145342 0.152670 0.160123 0.167696 0.175382 0.183177 0.191075 0.199070 0.207157 0.215331 0.223585 0.231915 0.240315 0.248780 0.257305 0.265885 0.274515 0.283189 0.291904 0.300654 0.309434 0.318241 0.327069 0.335914 0.344771 0.353637 0.362507 0.371377 0.380243 0.389102
0.030824 0.034347 0.038024 0.042006 0.046274 0.050794 0.055540 0.060497 0.065651 0.070994 0.076519 0.082222 0.088097 0.094141 0.100352 0.106723 0.113242 0.119905 0.126707 0.133643 0.140708 0.147897 0.155205 0.162627 0.170157 0.177791 0.185522 0.193346 0.201257 0.209251 0.217321 0.225463 0.233671 0.241940 0.250265 0.258641 0.267063 0.275527 0.284026 0.292557 0.301115 0.309696 0.318294 0.326905 0.335525 0.344150 0.352776 0.361398 0.370013 0.378616
0.030311 0.032446 0.035588 0.039301 0.043402 0.047799 0.052444 0.057309 0.062377 0.067636 0.073078 0.078695 0.084483 0.090437 0.096554 0.102826 0.109241 0.115795 0.122481 0.129294 0.136230 0.143283 0.150448 0.157720 0.165094 0.172564 0.180127 0.187777 0.195507 0.203315 0.211194 0.219139 0.227145 0.235207 0.243321 0.251481 0.259683 0.267922 0.276192 0.284490 0.292811 0.301150 0.309503 0.317865 0.326233 0.334602 0.342968 0.351327 0.359676 0.368010
0.024947 0.028461 0.032235 0.036226 0.040426 0.044832 0.049441 0.054247 0.059243 0.064424 0.069784 0.075316 0.081016 0.086879 0.092900 0.099076 0.105392 0.111841 0.118417 0.125114 0.131928 0.138853 0.145883 0.153014 0.160240 0.167556 0.174957 0.182438 0.189994 0.197621 0.205312 0.213064 0.220871 0.228728 0.236631 0.244576 0.252556 0.260568 0.268608 0.276670 0.284750 0.292844 0.300947 0.309057 0.317167 0.325275 0.333376 0.341467 0.349544 0.357603
0.020068 0.025069 0.029394 0.033566 0.037792 0.042158 0.046695 0.051415 0.056321 0.061409 0.066675 0.072115 0.077721 0.083489 0.089415 0.095493 0.101712 0.108062 0.114535 0.121125 0.127826 0.134633 0.141540 0.148541 0.155631 0.162804 0.170057 0.177382 0.184776 0.192234 0.199750 0.207319 0.214938 0.222601 0.230303 0.238041 0.245809 0.253603 0.261419 0.269252 0.277098 0.284953 0.292813 0.300673 0.308531 0.316382 0.324223 0.332049 0.339858 0.347645
0.022103 0.024934 0.028267 0.031919 0.035825 0.039963 0.044322 0.048891 0.053665 0.058633 0.063788 0.069121 0.074626 0.080296 0.086124 0.092103 0.098228 0.104484 0.110860 0.117351 0.123950 0.130651 0.137446 0.144331 0.151299 0.158346 0.165464 0.172650 0.179898 0.187203 0.194561 0.201965 0.209412 0.216896 0.224414 0.231961 0.239531 0.247122 0.254729 0.262347 0.269973 0.277602 0.285231 0.292856 0.300474 0.308079 0.315670 0.323243 0.330794 0.338321
0.023216 0.024984 0.027584 0.030716 0.034246 0.038103 0.042242 0.046632 0.051253 0.056087 0.061121 0.066344 0.071745 0.077315 0.083046 0.088931 0.094963 0.101131 0.107419 0.113821 0.120329 0.126935 0.133633 0.140416 0.147278 0.154213 0.161215 0.168280 0.175400 0.182571 0.189789 0.197047 0.204341 0.211667 0.219020 0.226395 0.233788 0.241195 0.248612 0.256034 0.263459 0.270881 0.278297 0.285705 0.293099 0.300477 0.307835 0.315171 0.322481 0.329762
0.021494 0.023746 0.026312 0.029286 0.032636 0.036315 0.040290 0.044532 0.049018 0.053729 0.058651 0.063769 0.069072 0.074549 0.080191 0.085989 0.091936 0.098023 0.104234 0.110559 0.116988 0.123513 0.130128 0.136825 0.143597 0.150439 0.157343 0.164304 0.171316 0.178373 0.185471 0.192604 0.199767 0.206955 0.214164 0.221390 0.228627 0.235872 0.243121 0.250369 0.257614 0.264850 0.272075 0.279286 0.286478 0.293649 0.300795 0.307914 0.315002 0.322058
0.019444 0.021787 0.024551 0.027593 0.030915 0.034518 0.038394 0.042530 0.046910 0.051521 0.056348 0.061377 0.066595 0.071993 0.077558 0.083283 0.089157 0.095174 0.101321 0.107582 0.113948 0.120409 0.126957 0.133585 0.140285 0.147051 0.153876 0.160753 0.167676 0.174640 0.181639 0.188667 0.195721 0.202793 0.209881 0.216979 0.224083 0.231188 0.238292 0.245389 0.252476 0.259550 0.266607 0.273643 0.280656 0.287642 0.294598 0.301523 0.308412 0.315263
0.017041 0.020266 0.023108 0.026087 0.029316 0.032820 0.036596 0.040636 0.044926 0.049452 0.054200 0.059156 0.064307 0.069642 0.075147 0.080815 0.086634 0.092596 0.098693 0.104909 0.111228 0.117642 0.124141 0.130718 0.137365 0.144075 0.150839 0.157652 0.164507 0.171398 0.178318 0.185264 0.192228 0.199207 0.206195 0.213188 0.220180 0.227169 0.234150 0.241118 0.248071 0.255005 0.261916 0.268801 0.275657 0.282482 0.289271 0.296024 0.302736 0.309406
0.020144 0.020522 0.022427 0.024985 0.027966 0.031298 0.034942 0.038875 0.043077 0.047527 0.052210 0.057110 0.062211 0.067500 0.072965 0.078594 0.084377 0.090305 0.096368 0.102555 0.108847 0.115232 0.121702 0.128248 0.134861 0.141533 0.148257 0.155025 0.161832 0.168669 0.175533 0.182415 0.189312 0.196217 0.203127 0.210035 0.216938 0.223831 0.230710 0.237572 0.244412 0.251228 0.258015 0.264771 0.271493 0.278178 0.284823 0.291426 0.297984 0.304495
0.016656 0.019343 0.021507 0.023922 0.026719 0.029892 0.033411 0.037246 0.041370 0.045759 0.050392 0.055252 0.060321 0.065584 0.071027 0.076638 0.082405 0.088318 0.094367 0.100543 0.106827 0.113204 0.119664 0.126197 0.132795 0.139449 0.146152 0.152895 0.159672 0.166476 0.173300 0.180140 0.186988 0.193839 0.200689 0.207533 0.214366 0.221183 0.227982 0.234756 0.241505 0.248222 0.254907 0.261554 0.268162 0.274729 0.281250 0.287724 0.294149 0.300522
0.018933 0.019150 0.020661 0.022832 0.025486 0.028552 0.031984 0.035750 0.039819 0.044167 0.048769 0.053608 0.058663 0.063918 0.069359 0.074971 0.080742 0.086660 0.092716 0.098899 0.105194 0.111581 0.118049 0.124589 0.131190 0.137845 0.144544 0.151280 0.158045 0.164833 0.171636 0.178450 0.185267 0.192082 0.198891 0.205688 0.212468 0.219228 0.225963 0.232669 0.239343 0.245982 0.252581 0.259139 0.265653 0.272119 0.278536 0.284901 0.291212 0.297467
0.016323 0.017760 0.019513 0.021703 0.024318 0.027330 0.030710 0.034430 0.038464 0.042787 0.047376 0.052209 0.057267 0.062533 0.067988 0.073620 0.079414 0.085357 0.091438 0.097648 0.103971 0.110385 0.116879 0.123442 0.130063 0.136734 0.143446 0.150191 0.156960 0.163748 0.170546 0.177349 0.184151 0.190946 0.197729 0.204494 0.211238 0.217956 0.224643 0.231297 0.237913 0.244488 0.251020 0.257505 0.263940 0.270324 0.276653 0.282927 0.289142 0.295297
0.015413 0.016996 0.018779 0.020905 0.023433 0.026363 0.029678 0.033350 0.037353 0.041660 0.046246 0.051088 0.056164 0.061455 0.066943 0.072611 0.078444 0.084430 0.090555 0.096809 0.103176 0.109633 0.116167 0.122767 0.129423 0.136125 0.142864 0.149630 0.156418 0.163218 0.170025 0.176831 0.183630 0.190418 0.197188 0.203935 0.210656 0.217345 0.223999 0.230614 0.237186 0.243713 0.250191 0.256618 0.262991 0.269307 0.275565 0.281762 0.287898 0.293969
0.017418 0.017810 0.018900 0.020635 0.022928 0.025710 0.028929 0.032543 0.036515 0.040812 0.045406 0.050268 0.055376 0.060707 0.066241 0.071961 0.077851 0.083894 0.090079 0.096393 0.102817 0.109330 0.115916 0.122566 0.129268 0.136012 0.142789 0.149589 0.156405 0.163229 0.170054 0.176874 0.183683 0.190473 0.197242 0.203983 0.210691 0.217364 0.223996 0.230584 0.237125 0.243616 0.250054 0.256436 0.262760 0.269023 0.275224 0.281360 0.287431 0.293434
0.019367 0.018461 0.019045 0.020500 0.022611 0.025271 0.028413 0.031984 0.035940 0.040242 0.044858 0.049756 0.054910 0.060297 0.065893 0.071679 0.077638 0.083753 0.090010 0.096397 0.102889 0.109466 0.116115 0.122824 0.129581 0.136375 0.143198 0.150041 0.156894 0.163750 0.170603 0.177445 0.184271 0.191075 0.197851 0.204594 0.211301 0.217967 0.224588 0.231161 0.237682 0.244149 0.250558 0.256908 0.263196 0.269420 0.275577 0.281667 0.287688 0.293638
0.016279 0.017545 0.018670 0.020225 0.022321 0.024948 0.028067 0.031633 0.035602 0.039933 0.044591 0.049543 0.054760 0.060216 0.065886 0.071751 0.077791 0.083989 0.090330 0.096798 0.103365 0.110014 0.116732 0.123506 0.130324 0.137176 0.144052 0.150942 0.157839 0.164735 0.171622 0.178494 0.185345 0.192169 0.198961 0.205717 0.212431 0.219100 0.225720 0.232288 0.238801 0.245255 0.251649 0.257979 0.264244 0.270441 0.276570 0.282628 0.288613 0.294526
0.018143 0.017960 0.018672 0.020093 0.022140 0.024754 0.027881 0.031471 0.035478 0.039860 0.044579 0.049601 0.054895 0.060432 0.066189 0.072142 0.078272 0.084561 0.090993 0.097546 0.104193 0.110920 0.117711 0.124555 0.131439 0.138353 0.145286 0.152231 0.159177 0.166118 0.173046 0.179955 0.186839 0.193692 0.200509 0.207286 0.214017 0.220700 0.227331 0.233905 0.240421 0.246876 0.253266 0.259591 0.265847 0.272033 0.278147 0.284188 0.290155 0.296046
0.019755 0.018552 0.018863 0.020116 0.022099 0.024700 0.027846 0.031475 0.035536 0.039984 0.044777 0.049880 0.055261 0.060889 0.066739 0.072788 0.079015 0.085400 0.091927 0.098567 0.105298 0.112105 0.118974 0.125892 0.132847 0.139828 0.146825 0.153829 0.160832 0.167825 0.174802 0.181757 0.188683 0.195574 0.202427 0.209235 0.215996 0.222705 0.229358 0.235953 0.242487 0.248956 0.255359 0.261693 0.267956 0.274147 0.280264 0.286306 0.292271 0.298158
0.017333 0.018067 0.018789 0.020111 0.022105 0.024725 0.027906 0.031587 0.035713 0.040236 0.045113 0.050305 0.055779 0.061504 0.067454 0.073603 0.079930 0.086417 0.093041 0.099771 0.106589 0.113482 0.120433 0.127431 0.134462 0.141517 0.148585 0.155657 0.162725 0.169780 0.176817 0.183828 0.190808 0.197751 0.204652 0.211507 0.218311 0.225062 0.231754 0.238386 0.244954 0.251455 0.257888 0.264250 0.270540 0.276754 0.282893 0.288955 0.294938 0.300841
0.020146 0.018588 0.018815 0.020055 0.022063 0.024726 0.027964 0.031714 0.035918 0.040526 0.045494 0.050783 0.056357 0.062184 0.068237 0.074491 0.080924 0.087516 0.094237 0.101063 0.107976 0.114960 0.122002 0.129087 0.136205 0.143344 0.150494 0.157646 0.164792 0.171924 0.179034 0.186118 0.193168 0.200179 0.207147 0.214066 0.220933 0.227744 0.234495 0.241184 0.247806 0.254361 0.260845 0.267256 0.273592 0.279852 0.286034 0.292136 0.298158 0.304099
0.017313 0.017609 0.018350 0.019770 0.021876 0.024617 0.027934 0.031768 0.036062 0.040766 0.045834 0.051225 0.056904 0.062839 0.069001 0.075365 0.081910 0.088611 0.095437 0.102367 0.109384 0.116472 0.123615 0.130803 0.138021 0.145260 0.152509 0.159758 0.167001 0.174228 0.181434 0.188610 0.195752 0.202854 0.209910 0.216916 0.223869 0.230764 0.237597 0.244365 0.251066 0.257697 0.264255 0.270739 0.277145 0.283473 0.289721 0.295888 0.301972 0.307972
0.017202 0.017346 0.018037 0.019453 0.021591 0.024392 0.027786 0.031708 0.036097 0.040902 0.046074 0.051573 0.057362 0.063409 0.069687 0.076169 0.082834 0.089653 0.096597 0.103646 0.110783 0.117991 0.125256 0.132564 0.139905 0.147266 0.154636 0.162008 0.169372 0.176721 0.184046 0.191341 0.198601 0.205820 0.212991 0.220112 0.227176 0.234181 0.241123 0.247998 0.254803 0.261535 0.268193 0.274774 0.281275 0.287695 0.294033 0.300287 0.306455 0.312537
0.019840 0.017890 0.017901 0.019118 0.021229 0.024070 0.027534 0.031541 0.036023 0.040927 0.046204 0.051813 0.057717 0.063884 0.070287 0.076899 0.083698 0.090652 0.097734 0.104924 0.112204 0.119558 0.126970 0.134428 0.141919 0.149431 0.156954 0.164478 0.171994 0.179494 0.186970 0.194415 0.201823 0.209188 0.216505 0.223768 0.230974 0.238117 0.245194 0.252202 0.259138 0.265998 0.272780 0.279482 0.286102 0.292638 0.299088 0.305451 0.311725 0.317909
0.016490 0.016489 0.017099 0.018538 0.020763 0.023687 0.027229 0.031316 0.035886 0.040886 0.046268 0.051991 0.058019 0.064319 0.070863 0.077626 0.084584 0.091700 0.098949 0.106311 0.113767 0.121300 0.128895 0.136538 0.144215 0.151914 0.159624 0.167335 0.175037 0.182722 0.190382 0.198009 0.205597 0.213140 0.220632 0.228067 0.235441 0.242750 0.249989 0.257156 0.264246 0.271257 0.278187 0.285032 0.291792 0.298463 0.305044 0.311535 0.317932 0.324237
0.015981 0.015701 0.016467 0.018045 0.020359 0.023350 0.026954 0.031111 0.035764 0.040862 0.046359 0.052213 0.058388 0.064849 0.071568 0.078516 0.085669 0.092986 0.100444 0.108020 0.115694 0.123449 0.131268 0.139136 0.147039 0.154963 0.162898 0.170833 0.178756 0.186660 0.194536 0.202377 0.210174 0.217922 0.225615 0.233248 0.240815 0.248312 0.255736 0.263081 0.270346 0.277527 0.284621 0.291627 0.298541 0.305362 0.312089 0.318720 0.325254 0.331690
0.015614 0.015684 0.016374 0.017871 0.020150 0.023145 0.026788 0.031014 0.035767 0.040993 0.046642 0.052672 0.059041 0.065715 0.072661 0.079850 0.087250 0.094823 0.102541 0.110381 0.118322 0.126345 0.134432 0.142566 0.150734 0.158921 0.167116 0.175306 0.183482 0.191633 0.199752 0.207829 0.215859 0.223834 0.231748 0.239596 0.247373 0.255074 0.262695 0.270232 0.277683 0.285044 0.292313 0.299488 0.306565 0.313544 0.320423 0.327201 0.333877 0.340449
0.017768 0.016406 0.016578 0.017867 0.020076 0.023084 0.026803 0.031158 0.036081 0.041513 0.047397 0.053686 0.060333 0.067298 0.074546 0.082045 0.089760 0.097649 0.105684 0.113839 0.122094 0.130428 0.138821 0.147258 0.155722 0.164201 0.172680 0.181149 0.189596 0.198012 0.206389 0.214717 0.222990 0.231202 0.239345 0.247415 0.255407 0.263316 0.271138 0.278870 0.286509 0.294051 0.301495 0.308837 0.316077 0.323213 0.330242 0.337165 0.343980 0.350686
0.017147 0.016120 0.016406 0.017763 0.020075 0.023250 0.027197 0.031831 0.037073 0.042852 0.049103 0.055770 0.062802 0.070154 0.077790 0.085673 0.093765 0.102025 0.110424 0.118936 0.127539 0.136211 0.144935 0.153693 0.162469 0.171250 0.180023 0.188775 0.197498 0.206180 0.214813 0.223390 0.231903 0.240345 0.248712 0.256997 0.265196 0.273305 0.281319 0.289236 0.297052 0.304765 0.312373 0.319874 0.327266 0.334547 0.341716 0.348773 0.355716 0.362546
0.015064 0.015391 0.016097 0.017761 0.020445 0.024066 0.028509 0.033666 0.039438 0.045744 0.052512 0.059681 0.067199 0.075021 0.083109 0.091427 0.099936 0.108596 0.117379 0.126260 0.135218 0.144231 0.153282 0.162354 0.171433 0.180504 0.189555 0.198575 0.207554 0.216483 0.225354 0.234158 0.242889 0.251541 0.260109 0.268587 0.276971 0.285257 0.293442 0.301522 0.309495 0.317358 0.325109 0.332748 0.340271 0.347678 0.354969 0.362141 0.369196 0.376131
0.018072 0.015834 0.016327 0.018570 0.022076 0.026563 0.031843 0.037783 0.044281 0.051256 0.058641 0.066381 0.074430 0.082746 0.091295 0.100046 0.108960 0.118001 0.127143 0.136365 0.145644 0.154963 0.164304 0.173651 0.182992 0.192313 0.201602 0.210849 0.220045 0.229180 0.238248 0.247240 0.256151 0.264975 0.273707 0.282342 0.290876 0.299305 0.307627 0.315838 0.323936 0.331919 0.339785 0.347532 0.355160 0.362667 0.370053 0.377317 0.384458 0.391477
0.013232 0.014546 0.017569 0.021762 0.026824 0.032577 0.038907 0.045732 0.052988 0.060622 0.068588 0.076845 0.085358 0.094096 0.103030 0.112135 0.121374 0.130716 0.140140 0.149623 0.159148 0.168698 0.178256 0.187808 0.197342 0.206845 0.216308 0.225719 0.235070 0.244354 0.253562 0.262688 0.271727 0.280672 0.289519 0.298264 0.306903 0.315432 0.323849 0.332151 0.340335 0.348401 0.356346 0.364169 0.371868 0.379444 0.386895 0.394221 0.401422 0.408497
0.011056 0.018210 0.024666 0.031011 0.037517 0.044303 0.051414 0.058854 0.066611 0.074664 0.082988 0.091557 0.100345 0.109327 0.118481 0.127785 0.137206 0.146716 0.156293 0.165919 0.175577 0.185250 0.194924 0.204585 0.214221 0.223821 0.233374 0.242871 0.252303 0.261663 0.270944 0.280140 0.289244 0.298251 0.307157 0.315959 0.324651 0.333231 0.341697 0.350045 0.358273 0.366381 0.374366 0.382227 0.389963 0.397573 0.405057 0.412414 0.419645 0.426749
