0.000001 0.428201 0.000001 0.113257
0.000001 0.428238 0.000001 0.112687
0.000001 0.428298 0.000001 0.111514
0.000001 0.428353 0.000001 0.109682
0.000001 0.428374 0.000001 0.107151
0.000001 0.428336 0.000001 0.103940
0.000001 0.428231 0.000001 0.100155
0.000001 0.428067 0.000001 0.095978
0.000001 0.427875 0.000001 0.091646
0.000001 0.427703 0.000001 0.087448
0.000001 0.427612 0.000001 0.083718
0.000001 0.427664 0.000001 0.080799
0.000001 0.427910 0.000001 0.078999
0.000001 0.428377 0.000001 0.078538
0.000001 0.429055 0.000001 0.079519
0.000001 0.429896 0.000001 0.081880
0.000001 0.430809 0.000001 0.085376
0.000001 0.431671 0.000001 0.089621
0.000001 0.432343 0.000001 0.094163
0.000001 0.432682 0.000001 0.098581
0.000001 0.432560 0.000001 0.102535
0.000001 0.431869 0.000001 0.105789
0.000001 0.430534 0.000001 0.108208
0.000001 0.428507 0.000001 0.109745
0.000001 0.425772 0.000001 0.110424
0.000001 0.422336 0.000001 0.110316
0.000001 0.418225 0.000001 0.109524
0.000001 0.413480 0.000001 0.108156
0.000001 0.408147 0.000001 0.106321
0.000001 0.402274 0.000001 0.104116
0.000001 0.395909 0.000001 0.101627
0.000001 0.389093 0.000001 0.098929
0.000001 0.381863 0.000001 0.096087
0.000001 0.374250 0.000001 0.093159
0.000001 0.366282 0.000001 0.090195
0.000001 0.357983 0.000001 0.087247
0.000001 0.349375 0.000001 0.084364
0.000001 0.340482 0.000001 0.081599
0.000001 0.331329 0.000001 0.079013
0.000001 0.321942 0.000001 0.076673
0.000001 0.312349 0.000001 0.074657
0.000001 0.302581 0.000001 0.073061
0.000001 0.292665 0.000001 0.071996
0.000001 0.282623 0.000001 0.071598
0.002205 0.272467 0.000001 0.072029
0.010236 0.262268 0.000001 0.073212
0.021618 0.252195 0.000001 0.074716
0.034938 0.242429 0.006240 0.076141
0.049399 0.233083 0.016048 0.077909
0.064559 0.224238 0.026759 0.080498
0.080176 0.215953 0.037173 0.084190
0.096112 0.208269 0.046740 0.089087
0.112288 0.201214 0.055238 0.095180
0.128651 0.194806 0.062593 0.102416
0.145170 0.189052 0.068802 0.110724
0.161819 0.183954 0.073882 0.120043
0.178579 0.179507 0.077858 0.130325
0.195425 0.175705 0.080740 0.141549
0.212337 0.172539 0.082527 0.153719
0.229305 0.169999 0.083193 0.166867
0.246328 0.168077 0.082689 0.181049
0.263402 0.166764 0.080941 0.196343
0.280503 0.166057 0.077856 0.212830
0.297561 0.165955 0.073333 0.230582
0.314441 0.166459 0.067283 0.249617
0.330934 0.167574 0.059659 0.269861
0.346738 0.169300 0.050496 0.291077
0.361442 0.171638 0.039958 0.312792
0.374498 0.174588 0.028406 0.334223
0.385220 0.178148 0.016565 0.354197
0.392818 0.182320 0.006013 0.371136
0.396427 0.187103 0.000001 0.383204
0.395086 0.192463 0.000001 0.388898
0.387712 0.198291 0.000001 0.387738
0.373316 0.204456 0.000001 0.379337
0.351253 0.210777 0.000001 0.363474
0.321431 0.217010 0.000001 0.340161
0.284290 0.222841 0.000001 0.309708
0.240667 0.227899 0.000001 0.272807
0.191955 0.231783 0.000001 0.230662
0.140544 0.234101 0.000001 0.185130
0.090169 0.234527 0.000001 0.138785
0.045820 0.232880 0.000001 0.094817
0.013486 0.229203 0.000001 0.056658
0.000001 0.223832 0.000001 0.027300
0.000001 0.217465 0.000001 0.008281
0.000001 0.210872 0.000001 0.000001
0.000001 0.204389 0.000001 0.000001
0.000001 0.198003 0.000001 0.000001
0.000001 0.191741 0.000001 0.000001
0.000001 0.185656 0.000001 0.000001
0.000001 0.179819 0.000001 0.000001
0.000001 0.174312 0.000001 0.000001
0.000001 0.169225 0.000001 0.000001
0.000001 0.164647 0.000001 0.000001
0.000001 0.160668 0.000001 0.000001
0.000001 0.157369 0.000001 0.000001
0.000001 0.154824 0.000001 0.000001
0.000001 0.153091 0.000001 0.000001
0.000001 0.152213 0.000001 0.000001
