0.058317 0.057981 0.057765 0.057670 0.057702 0.057880 0.058235 0.058796 0.059579 0.060581 0.061777 0.063137 0.064609 0.065982 0.067279 0.068553 0.069814 0.071067 0.072314 0.073560 0.074805 0.076050 0.077297 0.078546 0.079798 0.081053 0.082310 0.083571 0.084835 0.086102 0.087373 0.088646 0.089923 0.091202 0.092484 0.093769 0.095056 0.096345 0.097637 0.098931 0.100227 0.101524 0.102823 0.104124 0.105425 0.106728 0.108033 0.109337 0.110643 0.111950
0.058262 0.057965 0.057892 0.057912 0.058057 0.058372 0.058889 0.059621 0.060549 0.061624 0.062812 0.064069 0.065326 0.066504 0.067685 0.068871 0.070060 0.071252 0.072448 0.073648 0.074852 0.076060 0.077273 0.078490 0.079712 0.080939 0.082170 0.083405 0.084645 0.085888 0.087136 0.088388 0.089644 0.090903 0.092165 0.093431 0.094699 0.095971 0.097245 0.098522 0.099801 0.101082 0.102366 0.103651 0.104938 0.106226 0.107516 0.108807 0.110100 0.111393
0.057304 0.058178 0.058324 0.058477 0.058808 0.059370 0.060174 0.061159 0.062216 0.063267 0.064311 0.065275 0.066219 0.067215 0.068247 0.069306 0.070386 0.071482 0.072592 0.073714 0.074846 0.075988 0.077139 0.078299 0.079465 0.080639 0.081820 0.083008 0.084201 0.085401 0.086606 0.087816 0.089032 0.090252 0.091476 0.092705 0.093938 0.095175 0.096416 0.097660 0.098907 0.100157 0.101410 0.102666 0.103924 0.105184 0.106446 0.107711 0.108977 0.110245
0.061557 0.059469 0.059035 0.059209 0.059753 0.060618 0.061681 0.062744 0.063641 0.064433 0.065205 0.065997 0.066838 0.067715 0.068629 0.069573 0.070543 0.071536 0.072549 0.073579 0.074624 0.075683 0.076754 0.077837 0.078931 0.080035 0.081148 0.082270 0.083401 0.084539 0.085684 0.086837 0.087996 0.089162 0.090333 0.091510 0.092693 0.093881 0.095074 0.096271 0.097473 0.098679 0.099888 0.101102 0.102319 0.103539 0.104762 0.105988 0.107217 0.108449
0.057594 0.058756 0.059164 0.059654 0.060431 0.061505 0.062442 0.063225 0.063953 0.064665 0.065407 0.066167 0.066948 0.067753 0.068583 0.069436 0.070313 0.071211 0.072129 0.073065 0.074018 0.074987 0.075971 0.076969 0.077979 0.079001 0.080035 0.081079 0.082134 0.083199 0.084273 0.085355 0.086446 0.087545 0.088652 0.089766 0.090887 0.092014 0.093148 0.094288 0.095434 0.096585 0.097741 0.098903 0.100069 0.101239 0.102414 0.103592 0.104775 0.105961
0.060596 0.059680 0.059574 0.059903 0.060643 0.061515 0.062230 0.062928 0.063641 0.064349 0.065062 0.065783 0.066515 0.067259 0.068019 0.068795 0.069589 0.070399 0.071228 0.072073 0.072934 0.073812 0.074704 0.075612 0.076533 0.077468 0.078416 0.079376 0.080348 0.081332 0.082326 0.083331 0.084346 0.085371 0.086405 0.087448 0.088499 0.089559 0.090626 0.091701 0.092783 0.093872 0.094968 0.096070 0.097178 0.098292 0.099412 0.100536 0.101666 0.102800
0.060815 0.060229 0.059867 0.059911 0.060421 0.061061 0.061717 0.062364 0.063011 0.063660 0.064311 0.064967 0.065630 0.066302 0.066985 0.067680 0.068389 0.069112 0.069851 0.070605 0.071375 0.072160 0.072961 0.073777 0.074608 0.075453 0.076312 0.077185 0.078072 0.078971 0.079882 0.080806 0.081741 0.082688 0.083645 0.084613 0.085591 0.086579 0.087576 0.088582 0.089597 0.090620 0.091651 0.092690 0.093736 0.094790 0.095850 0.096917 0.097991 0.099070
0.061815 0.060614 0.060029 0.059771 0.060089 0.060624 0.061155 0.061686 0.062221 0.062762 0.063310 0.063866 0.064432 0.065009 0.065598 0.066200 0.066815 0.067445 0.068091 0.068752 0.069428 0.070121 0.070830 0.071554 0.072295 0.073051 0.073822 0.074608 0.075409 0.076224 0.077053 0.077895 0.078751 0.079619 0.080500 0.081393 0.082297 0.083213 0.084139 0.085076 0.086023 0.086980 0.087946 0.088922 0.089906 0.090899 0.091900 0.092908 0.093924 0.094948
0.060760 0.061042 0.060383 0.059775 0.059927 0.060269 0.060622 0.060989 0.061371 0.061769 0.062184 0.062614 0.063060 0.063523 0.064003 0.064499 0.065012 0.065543 0.066091 0.066656 0.067239 0.067840 0.068458 0.069094 0.069747 0.070417 0.071103 0.071806 0.072525 0.073260 0.074010 0.074775 0.075555 0.076349 0.077157 0.077978 0.078812 0.079659 0.080518 0.081389 0.082271 0.083164 0.084068 0.084983 0.085907 0.086842 0.087785 0.088738 0.089699 0.090668
0.066249 0.063033 0.061127 0.059980 0.059849 0.059962 0.060116 0.060304 0.060521 0.060765 0.061035 0.061330 0.061649 0.061991 0.062356 0.062744 0.063153 0.063584 0.064036 0.064508 0.065001 0.065515 0.066048 0.066600 0.067172 0.067762 0.068371 0.068998 0.069643 0.070305 0.070983 0.071678 0.072389 0.073116 0.073858 0.074614 0.075385 0.076169 0.076967 0.077778 0.078601 0.079437 0.080285 0.081144 0.082014 0.082895 0.083786 0.084687 0.085598 0.086519
0.063652 0.062815 0.061150 0.059958 0.059691 0.059643 0.059635 0.059666 0.059735 0.059839 0.059977 0.060147 0.060349 0.060581 0.060841 0.061129 0.061444 0.061784 0.062149 0.062539 0.062952 0.063388 0.063846 0.064326 0.064828 0.065350 0.065892 0.066454 0.067035 0.067635 0.068252 0.068888 0.069540 0.070210 0.070895 0.071597 0.072313 0.073045 0.073791 0.074551 0.075324 0.076111 0.076910 0.077722 0.078546 0.079381 0.080227 0.081084 0.081952 0.082830
0.065493 0.063132 0.061176 0.059900 0.059529 0.059366 0.059239 0.059154 0.059111 0.059109 0.059146 0.059222 0.059333 0.059479 0.059657 0.059867 0.060107 0.060376 0.060673 0.060998 0.061348 0.061723 0.062123 0.062547 0.062994 0.063462 0.063953 0.064464 0.064996 0.065547 0.066118 0.066708 0.067315 0.067940 0.068582 0.069241 0.069916 0.070606 0.071311 0.072031 0.072766 0.073514 0.074275 0.075049 0.075836 0.076635 0.077446 0.078268 0.079101 0.079945
0.064393 0.063505 0.061479 0.060016 0.059496 0.059237 0.059033 0.058881 0.058776 0.058715 0.058697 0.058717 0.058776 0.058870 0.058999 0.059162 0.059356 0.059581 0.059835 0.060118 0.060429 0.060765 0.061128 0.061515 0.061927 0.062361 0.062818 0.063297 0.063796 0.064316 0.064856 0.065415 0.065993 0.066588 0.067201 0.067831 0.068478 0.069140 0.069818 0.070510 0.071218 0.071939 0.072674 0.073423 0.074184 0.074957 0.075743 0.076540 0.077349 0.078168
0.069293 0.064892 0.061958 0.060223 0.059610 0.059337 0.059131 0.058977 0.058869 0.058803 0.058776 0.058788 0.058835 0.058917 0.059034 0.059183 0.059364 0.059575 0.059815 0.060085 0.060381 0.060704 0.061053 0.061427 0.061825 0.062246 0.062689 0.063154 0.063641 0.064147 0.064673 0.065219 0.065783 0.066365 0.066964 0.067580 0.068213 0.068861 0.069525 0.070204 0.070897 0.071605 0.072326 0.073060 0.073807 0.074567 0.075338 0.076122 0.076916 0.077722
0.064323 0.063634 0.061769 0.060391 0.059939 0.059790 0.059667 0.059576 0.059518 0.059493 0.059502 0.059544 0.059619 0.059726 0.059865 0.060034 0.060233 0.060461 0.060717 0.060999 0.061309 0.061643 0.062002 0.062385 0.062791 0.063219 0.063669 0.064140 0.064632 0.065143 0.065673 0.066221 0.066788 0.067372 0.067972 0.068590 0.069223 0.069871 0.070535 0.071213 0.071905 0.072611 0.073330 0.074063 0.074807 0.075564 0.076333 0.077113 0.077905 0.078707
0.065994 0.064266 0.062427 0.061159 0.060812 0.060786 0.060764 0.060760 0.060779 0.060826 0.060902 0.061006 0.061140 0.061302 0.061492 0.061710 0.061955 0.062225 0.062521 0.062842 0.063186 0.063554 0.063945 0.064358 0.064791 0.065246 0.065721 0.066215 0.066728 0.067260 0.067809 0.068376 0.068960 0.069560 0.070176 0.070808 0.071455 0.072117 0.072792 0.073482 0.074185 0.074901 0.075630 0.076372 0.077125 0.077890 0.078667 0.079454 0.080252 0.081061
0.068480 0.066135 0.064084 0.062686 0.062307 0.062333 0.062387 0.062469 0.062577 0.062713 0.062875 0.063063 0.063277 0.063516 0.063779 0.064066 0.064377 0.064710 0.065065 0.065442 0.065840 0.066259 0.066698 0.067156 0.067633 0.068129 0.068643 0.069174 0.069723 0.070288 0.070870 0.071468 0.072082 0.072711 0.073354 0.074012 0.074684 0.075370 0.076069 0.076781 0.077505 0.078242 0.078991 0.079752 0.080524 0.081307 0.082100 0.082904 0.083719 0.084543
0.068957 0.067564 0.065835 0.064455 0.064075 0.064169 0.064311 0.064491 0.064701 0.064939 0.065201 0.065487 0.065795 0.066123 0.066472 0.066842 0.067230 0.067638 0.068064 0.068508 0.068971 0.069450 0.069947 0.070461 0.070992 0.071539 0.072102 0.072680 0.073274 0.073884 0.074507 0.075146 0.075798 0.076464 0.077144 0.077837 0.078544 0.079262 0.079993 0.080736 0.081491 0.082257 0.083035 0.083823 0.084622 0.085431 0.086250 0.087079 0.087917 0.088764
0.071111 0.068725 0.067166 0.066031 0.065738 0.065979 0.066257 0.066564 0.066894 0.067245 0.067616 0.068004 0.068410 0.068832 0.069270 0.069723 0.070193 0.070677 0.071177 0.071692 0.072222 0.072767 0.073326 0.073900 0.074489 0.075091 0.075708 0.076339 0.076984 0.077642 0.078313 0.078998 0.079695 0.080405 0.081128 0.081863 0.082609 0.083367 0.084137 0.084918 0.085709 0.086511 0.087324 0.088146 0.088979 0.089820 0.090671 0.091531 0.092400 0.093278
0.068829 0.068507 0.067840 0.067301 0.067188 0.067615 0.068050 0.068493 0.068945 0.069407 0.069879 0.070364 0.070859 0.071367 0.071886 0.072417 0.072961 0.073517 0.074085 0.074666 0.075260 0.075867 0.076487 0.077119 0.077765 0.078423 0.079095 0.079779 0.080476 0.081185 0.081907 0.082640 0.083386 0.084143 0.084912 0.085692 0.086484 0.087286 0.088098 0.088921 0.089754 0.090597 0.091449 0.092311 0.093181 0.094061 0.094949 0.095845 0.096749 0.097661
0.069969 0.069113 0.068595 0.068372 0.068526 0.069083 0.069619 0.070169 0.070711 0.071258 0.071810 0.072368 0.072933 0.073507 0.074090 0.074683 0.075287 0.075901 0.076527 0.077164 0.077813 0.078475 0.079149 0.079835 0.080534 0.081245 0.081968 0.082704 0.083452 0.084212 0.084984 0.085767 0.086562 0.087368 0.088185 0.089013 0.089851 0.090699 0.091557 0.092425 0.093302 0.094188 0.095083 0.095987 0.096899 0.097820 0.098748 0.099684 0.100627 0.101578
0.070917 0.069966 0.069391 0.069228 0.069492 0.070211 0.070916 0.071501 0.072077 0.072671 0.073263 0.073860 0.074466 0.075081 0.075704 0.076338 0.076984 0.077640 0.078309 0.078991 0.079685 0.080392 0.081113 0.081846 0.082593 0.083353 0.084125 0.084910 0.085707 0.086516 0.087337 0.088169 0.089013 0.089868 0.090733 0.091608 0.092494 0.093389 0.094294 0.095208 0.096131 0.097062 0.098002 0.098950 0.099906 0.100869 0.101839 0.102817 0.103801 0.104792
0.072022 0.070601 0.069878 0.069655 0.069872 0.070527 0.071483 0.072267 0.072927 0.073520 0.074099 0.074707 0.075325 0.075953 0.076595 0.077250 0.077920 0.078605 0.079305 0.080021 0.080752 0.081498 0.082259 0.083036 0.083826 0.084631 0.085449 0.086281 0.087125 0.087982 0.088851 0.089732 0.090624 0.091527 0.092440 0.093363 0.094296 0.095239 0.096190 0.097150 0.098119 0.099096 0.100081 0.101073 0.102072 0.103079 0.104092 0.105112 0.106138 0.107170
0.070822 0.070197 0.069708 0.069499 0.069613 0.070073 0.070886 0.071887 0.072809 0.073542 0.074186 0.074796 0.075392 0.076018 0.076662 0.077328 0.078014 0.078721 0.079448 0.080194 0.080960 0.081743 0.082544 0.083362 0.084196 0.085045 0.085909 0.086787 0.087678 0.088583 0.089499 0.090427 0.091366 0.092316 0.093277 0.094247 0.095227 0.096215 0.097213 0.098219 0.099233 0.100254 0.101283 0.102319 0.103361 0.104411 0.105466 0.106527 0.107594 0.108667
0.070477 0.069770 0.069316 0.069047 0.068989 0.069179 0.069647 0.070387 0.071303 0.072241 0.073144 0.073912 0.074572 0.075199 0.075849 0.076532 0.077239 0.077974 0.078734 0.079517 0.080322 0.081148 0.081993 0.082856 0.083736 0.084632 0.085543 0.086468 0.087406 0.088358 0.089321 0.090296 0.091282 0.092279 0.093285 0.094301 0.095325 0.096359 0.097400 0.098450 0.099507 0.100571 0.101642 0.102720 0.103804 0.104894 0.105989 0.107090 0.108196 0.109308
0.069940 0.069731 0.069243 0.068795 0.068485 0.068357 0.068441 0.068759 0.069306 0.070028 0.070861 0.071739 0.072593 0.073422 0.074176 0.074883 0.075635 0.076418 0.077228 0.078063 0.078920 0.079798 0.080694 0.081609 0.082539 0.083485 0.084445 0.085419 0.086405 0.087403 0.088413 0.089434 0.090465 0.091505 0.092555 0.093614 0.094681 0.095756 0.096839 0.097930 0.099027 0.100131 0.101241 0.102357 0.103479 0.104606 0.105739 0.106876 0.108019 0.109165
0.072663 0.070925 0.069835 0.069027 0.068408 0.067959 0.067686 0.067603 0.067722 0.068041 0.068539 0.069186 0.069938 0.070759 0.071621 0.072483 0.073339 0.074192 0.075074 0.075977 0.076898 0.077837 0.078792 0.079762 0.080746 0.081743 0.082753 0.083774 0.084807 0.085850 0.086904 0.087967 0.089039 0.090121 0.091210 0.092308 0.093413 0.094526 0.095646 0.096772 0.097905 0.099044 0.100189 0.101339 0.102494 0.103655 0.104820 0.105990 0.107164 0.108342
0.072470 0.071467 0.070431 0.069486 0.068661 0.067967 0.067414 0.067013 0.066776 0.066714 0.066831 0.067121 0.067571 0.068162 0.068875 0.069684 0.070568 0.071511 0.072483 0.073460 0.074450 0.075452 0.076466 0.077490 0.078524 0.079569 0.080624 0.081689 0.082763 0.083845 0.084937 0.086037 0.087145 0.088261 0.089384 0.090514 0.091652 0.092796 0.093946 0.095103 0.096265 0.097433 0.098606 0.099784 0.100968 0.102155 0.103348 0.104544 0.105744 0.106948
0.072782 0.071976 0.070974 0.069962 0.069013 0.068157 0.067411 0.066786 0.066293 0.065944 0.065747 0.065710 0.065835 0.066121 0.066563 0.067150 0.067874 0.068719 0.069690 0.070742 0.071789 0.072842 0.073902 0.074970 0.076045 0.077127 0.078217 0.079315 0.080420 0.081533 0.082653 0.083781 0.084915 0.086057 0.087205 0.088360 0.089522 0.090689 0.091862 0.093041 0.094225 0.095415 0.096609 0.097808 0.099012 0.100221 0.101433 0.102650 0.103870 0.105094
0.074426 0.072804 0.071482 0.070319 0.069261 0.068296 0.067425 0.066655 0.065994 0.065451 0.065036 0.064757 0.064622 0.064638 0.064808 0.065135 0.065618 0.066256 0.067047 0.068020 0.069104 0.070185 0.071271 0.072362 0.073459 0.074562 0.075671 0.076788 0.077911 0.079040 0.080177 0.081320 0.082470 0.083627 0.084790 0.085959 0.087134 0.088315 0.089501 0.090694 0.091891 0.093094 0.094301 0.095514 0.096730 0.097952 0.099177 0.100406 0.101639 0.102876
0.074548 0.072868 0.071550 0.070355 0.069244 0.068212 0.067265 0.066408 0.065647 0.064987 0.064436 0.064000 0.063688 0.063507 0.063465 0.063569 0.063824 0.064237 0.064811 0.065558 0.066527 0.067611 0.068695 0.069786 0.070883 0.071987 0.073097 0.074215 0.075339 0.076471 0.077609 0.078755 0.079907 0.081066 0.082232 0.083404 0.084582 0.085766 0.086956 0.088152 0.089353 0.090560 0.091772 0.092989 0.094210 0.095436 0.096666 0.097901 0.099139 0.100381
0.072509 0.072273 0.071229 0.070050 0.068901 0.067826 0.066835 0.065932 0.065119 0.064398 0.063773 0.063248 0.062829 0.062523 0.062337 0.062279 0.062357 0.062580 0.062955 0.063493 0.064217 0.065182 0.066245 0.067312 0.068389 0.069473 0.070567 0.071669 0.072779 0.073897 0.075023 0.076158 0.077299 0.078449 0.079605 0.080769 0.081939 0.083116 0.084300 0.085490 0.086686 0.087887 0.089095 0.090307 0.091525 0.092748 0.093976 0.095208 0.096444 0.097685
0.075414 0.072585 0.070839 0.069448 0.068229 0.067129 0.066127 0.065213 0.064386 0.063643 0.062985 0.062416 0.061939 0.061559 0.061283 0.061117 0.061071 0.061152 0.061370 0.061735 0.062261 0.062980 0.063938 0.064967 0.066007 0.067057 0.068119 0.069191 0.070273 0.071365 0.072467 0.073578 0.074698 0.075827 0.076964 0.078109 0.079262 0.080422 0.081590 0.082765 0.083947 0.085136 0.086330 0.087531 0.088738 0.089950 0.091168 0.092390 0.093618 0.094851
0.071916 0.070933 0.069634 0.068391 0.067248 0.066196 0.065226 0.064333 0.063515 0.062771 0.062102 0.061511 0.061001 0.060577 0.060243 0.060006 0.059873 0.059851 0.059950 0.060180 0.060551 0.061081 0.061803 0.062746 0.063739 0.064746 0.065766 0.066798 0.067843 0.068900 0.069968 0.071046 0.072135 0.073235 0.074344 0.075462 0.076590 0.077726 0.078871 0.080024 0.081184 0.082352 0.083528 0.084710 0.085899 0.087095 0.088296 0.089504 0.090717 0.091935
0.070744 0.069389 0.068295 0.067245 0.066225 0.065246 0.064318 0.063446 0.062634 0.061886 0.061205 0.060594 0.060056 0.059596 0.059217 0.058925 0.058726 0.058626 0.058633 0.058756 0.059005 0.059391 0.059931 0.060657 0.061574 0.062533 0.063506 0.064494 0.065496 0.066511 0.067539 0.068580 0.069633 0.070697 0.071772 0.072858 0.073954 0.075061 0.076177 0.077302 0.078436 0.079579 0.080729 0.081888 0.083054 0.084228 0.085409 0.086596 0.087790 0.088990
0.068871 0.068403 0.067523 0.066535 0.065531 0.064547 0.063602 0.062707 0.061868 0.061090 0.060377 0.059731 0.059156 0.058655 0.058231 0.057887 0.057630 0.057463 0.057393 0.057428 0.057575 0.057844 0.058247 0.058800 0.059525 0.060410 0.061337 0.062279 0.063235 0.064207 0.065193 0.066193 0.067206 0.068232 0.069270 0.070321 0.071383 0.072456 0.073539 0.074633 0.075737 0.076851 0.077973 0.079105 0.080245 0.081393 0.082550 0.083713 0.084884 0.086062
0.070813 0.069118 0.067743 0.066490 0.065312 0.064200 0.063154 0.062176 0.061266 0.060426 0.059656 0.058958 0.058332 0.057781 0.057306 0.056910 0.056595 0.056366 0.056228 0.056185 0.056245 0.056414 0.056702 0.057120 0.057683 0.058404 0.059261 0.060157 0.061071 0.061999 0.062943 0.063902 0.064875 0.065862 0.066862 0.067876 0.068902 0.069940 0.070990 0.072051 0.073123 0.074206 0.075298 0.076401 0.077513 0.078634 0.079764 0.080902 0.082048 0.083202
0.071683 0.069907 0.068253 0.066732 0.065337 0.064055 0.062875 0.061787 0.060785 0.059867 0.059029 0.058269 0.057586 0.056981 0.056453 0.056004 0.055635 0.055348 0.055146 0.055035 0.055017 0.055100 0.055290 0.055595 0.056025 0.056594 0.057308 0.058144 0.059024 0.059905 0.060813 0.061731 0.062665 0.063614 0.064578 0.065555 0.066545 0.067549 0.068565 0.069594 0.070634 0.071685 0.072748 0.073821 0.074904 0.075997 0.077100 0.078212 0.079332 0.080462
0.072222 0.070346 0.068487 0.066797 0.065266 0.063869 0.062589 0.061415 0.060338 0.059353 0.058454 0.057640 0.056906 0.056252 0.055676 0.055179 0.054761 0.054422 0.054165 0.053993 0.053908 0.053915 0.054020 0.054228 0.054547 0.054987 0.055558 0.056263 0.057086 0.057973 0.058841 0.059714 0.060616 0.061530 0.062457 0.063400 0.064357 0.065328 0.066311 0.067308 0.068317 0.069338 0.070371 0.071415 0.072470 0.073536 0.074612 0.075698 0.076794 0.077899
0.072743 0.070029 0.068128 0.066468 0.064938 0.063519 0.062205 0.060991 0.059874 0.058849 0.057913 0.057061 0.056290 0.055600 0.054988 0.054452 0.053994 0.053613 0.053309 0.053085 0.052944 0.052887 0.052919 0.053044 0.053269 0.053600 0.054046 0.054614 0.055310 0.056120 0.057006 0.057915 0.058788 0.059657 0.060553 0.061466 0.062392 0.063330 0.064283 0.065251 0.066231 0.067224 0.068228 0.069246 0.070275 0.071315 0.072365 0.073427 0.074499 0.075581
0.068870 0.068759 0.067478 0.065978 0.064495 0.063089 0.061775 0.060555 0.059427 0.058387 0.057433 0.056562 0.055771 0.055057 0.054420 0.053858 0.053369 0.052955 0.052615 0.052350 0.052161 0.052051 0.052022 0.052078 0.052223 0.052463 0.052803 0.053251 0.053815 0.054497 0.055292 0.056179 0.057112 0.058051 0.058944 0.059829 0.060716 0.061625 0.062554 0.063496 0.064448 0.065413 0.066393 0.067386 0.068391 0.069407 0.070434 0.071474 0.072525 0.073586
0.073021 0.069607 0.067463 0.065727 0.064180 0.062760 0.061446 0.060228 0.059099 0.058056 0.057095 0.056214 0.055410 0.054682 0.054027 0.053445 0.052935 0.052495 0.052126 0.051828 0.051602 0.051450 0.051372 0.051371 0.051451 0.051614 0.051867 0.052215 0.052663 0.053219 0.053886 0.054663 0.055538 0.056488 0.057471 0.058460 0.059398 0.060308 0.061220 0.062129 0.063048 0.063994 0.064956 0.065927 0.066908 0.067902 0.068911 0.069932 0.070964 0.072007
0.070363 0.068937 0.067238 0.065610 0.064094 0.062684 0.061371 0.060149 0.059014 0.057962 0.056990 0.056097 0.055280 0.054537 0.053868 0.053269 0.052740 0.052281 0.051889 0.051566 0.051311 0.051125 0.051008 0.050963 0.050991 0.051095 0.051277 0.051543 0.051898 0.052346 0.052893 0.053545 0.054302 0.055160 0.056105 0.057116 0.058159 0.059206 0.060228 0.061197 0.062142 0.063088 0.064031 0.064970 0.065928 0.066911 0.067907 0.068914 0.069928 0.070955
0.070666 0.069048 0.067472 0.065922 0.064430 0.063013 0.061678 0.060429 0.059265 0.058185 0.057188 0.056272 0.055434 0.054673 0.053985 0.053370 0.052825 0.052349 0.051941 0.051599 0.051323 0.051112 0.050968 0.050889 0.050879 0.050938 0.051068 0.051272 0.051553 0.051917 0.052367 0.052909 0.053548 0.054286 0.055123 0.056053 0.057065 0.058139 0.059255 0.060378 0.061495 0.062570 0.063595 0.064597 0.065589 0.066575 0.067559 0.068543 0.069538 0.070560
0.072171 0.070344 0.068595 0.066922 0.065329 0.063822 0.062407 0.061088 0.059865 0.058736 0.057698 0.056748 0.055882 0.055099 0.054393 0.053763 0.053205 0.052717 0.052298 0.051944 0.051656 0.051432 0.051271 0.051173 0.051138 0.051167 0.051262 0.051424 0.051654 0.051957 0.052336 0.052794 0.053336 0.053967 0.054691 0.055509 0.056421 0.057422 0.058503 0.059648 0.060839 0.062059 0.063275 0.064481 0.065645 0.066753 0.067834 0.068900 0.069949 0.070988
0.074648 0.072445 0.070388 0.068456 0.066654 0.064985 0.063446 0.062030 0.060732 0.059546 0.058464 0.057481 0.056591 0.055790 0.055072 0.054433 0.053870 0.053380 0.052959 0.052605 0.052316 0.052089 0.051925 0.051822 0.051778 0.051795 0.051873 0.052012 0.052214 0.052480 0.052812 0.053215 0.053690 0.054243 0.054877 0.055596 0.056404 0.057302 0.058290 0.059364 0.060518 0.061741 0.063019 0.064337 0.065678 0.067013 0.068335 0.069629 0.070856 0.072043
0.077240 0.074709 0.072260 0.070031 0.068020 0.066206 0.064564 0.063076 0.061728 0.060506 0.059400 0.058402 0.057505 0.056702 0.055986 0.055354 0.054800 0.054320 0.053911 0.053570 0.053294 0.053081 0.052929 0.052836 0.052801 0.052824 0.052903 0.053040 0.053235 0.053488 0.053801 0.054176 0.054616 0.055122 0.055699 0.056350 0.057079 0.057890 0.058786 0.059769 0.060838 0.061993 0.063229 0.064539 0.065915 0.067342 0.068806 0.070297 0.071786 0.073259
0.079715 0.076150 0.073413 0.071089 0.069044 0.067216 0.065571 0.064087 0.062745 0.061533 0.060441 0.059460 0.058582 0.057800 0.057108 0.056501 0.055973 0.055522 0.055141 0.054830 0.054583 0.054399 0.054276 0.054211 0.054202 0.054249 0.054351 0.054507 0.054717 0.054982 0.055301 0.055676 0.056109 0.056601 0.057155 0.057773 0.058460 0.059218 0.060051 0.060963 0.061957 0.063034 0.064197 0.065446 0.066777 0.068188 0.069671 0.071220 0.072824 0.074468
0.077390 0.075606 0.073534 0.071547 0.069706 0.068016 0.066471 0.065063 0.063784 0.062627 0.061585 0.060650 0.059817 0.059079 0.058432 0.057869 0.057386 0.056980 0.056645 0.056379 0.056179 0.056041 0.055963 0.055943 0.055980 0.056070 0.056214 0.056410 0.056658 0.056957 0.057307 0.057709 0.058164 0.058673 0.059237 0.059858 0.060539 0.061282 0.062092 0.062971 0.063922 0.064950 0.066057 0.067247 0.068521 0.069881 0.071326 0.072856 0.074466 0.076153
0.078160 0.075685 0.073812 0.072077 0.070431 0.068888 0.067457 0.066142 0.064945 0.063860 0.062885 0.062013 0.061241 0.060563 0.059974 0.059471 0.059047 0.058700 0.058426 0.058221 0.058082 0.058006 0.057990 0.058033 0.058131 0.058283 0.058488 0.058745 0.059051 0.059408 0.059813 0.060268 0.060772 0.061326 0.061931 0.062589 0.063300 0.064067 0.064893 0.065779 0.066730 0.067749 0.068839 0.070004 0.071247 0.072572 0.073982 0.075478 0.077063 0.078736
0.077130 0.076475 0.074904 0.073219 0.071606 0.070108 0.068733 0.067480 0.066345 0.065324 0.064412 0.063604 0.062896 0.062283 0.061761 0.061325 0.060971 0.060694 0.060492 0.060360 0.060296 0.060296 0.060357 0.060477 0.060654 0.060886 0.061170 0.061506 0.061892 0.062327 0.062810 0.063341 0.063921 0.064548 0.065223 0.065948 0.066722 0.067548 0.068428 0.069362 0.070355 0.071408 0.072525 0.073710 0.074965 0.076294 0.077703 0.079193 0.080769 0.082434
0.083136 0.079433 0.076956 0.074971 0.073257 0.071734 0.070367 0.069141 0.068043 0.067067 0.066206 0.065455 0.064808 0.064260 0.063807 0.063443 0.063164 0.062966 0.062845 0.062797 0.062819 0.062907 0.063059 0.063272 0.063542 0.063869 0.064250 0.064684 0.065168 0.065702 0.066285 0.066915 0.067593 0.068318 0.069091 0.069911 0.070780 0.071697 0.072665 0.073685 0.074758 0.075888 0.077076 0.078325 0.079638 0.081020 0.082474 0.084003 0.085612 0.087305
0.083079 0.080786 0.078712 0.076852 0.075176 0.073665 0.072309 0.071097 0.070023 0.069080 0.068261 0.067560 0.066971 0.066488 0.066106 0.065818 0.065621 0.065509 0.065478 0.065524 0.065644 0.065833 0.066088 0.066406 0.066786 0.067223 0.067717 0.068265 0.068866 0.069518 0.070219 0.070970 0.071769 0.072616 0.073511 0.074453 0.075443 0.076482 0.077570 0.078708 0.079898 0.081142 0.082441 0.083798 0.085216 0.086697 0.088244 0.089862 0.091555 0.093326
0.083310 0.082274 0.080681 0.078980 0.077345 0.075839 0.074482 0.073277 0.072221 0.071308 0.070531 0.069882 0.069354 0.068941 0.068635 0.068432 0.068324 0.068308 0.068377 0.068528 0.068756 0.069058 0.069429 0.069867 0.070369 0.070932 0.071554 0.072233 0.072967 0.073755 0.074595 0.075485 0.076426 0.077416 0.078456 0.079545 0.080682 0.081869 0.083106 0.084394 0.085733 0.087126 0.088573 0.090077 0.091640 0.093264 0.094952 0.096708 0.098534 0.100436
0.088407 0.085782 0.083520 0.081521 0.079744 0.078170 0.076788 0.075585 0.074552 0.073678 0.072952 0.072366 0.071912 0.071580 0.071363 0.071255 0.071249 0.071339 0.071521 0.071788 0.072137 0.072564 0.073065 0.073636 0.074274 0.074977 0.075742 0.076568 0.077451 0.078391 0.079386 0.080435 0.081537 0.082692 0.083898 0.085155 0.086464 0.087825 0.089238 0.090703 0.092222 0.093795 0.095425 0.097111 0.098858 0.100666 0.102537 0.104476 0.106484 0.108566
0.092512 0.088893 0.086182 0.083962 0.082081 0.080471 0.079092 0.077920 0.076936 0.076125 0.075474 0.074972 0.074608 0.074374 0.074261 0.074263 0.074372 0.074583 0.074889 0.075286 0.075769 0.076333 0.076975 0.077692 0.078480 0.079337 0.080259 0.081246 0.082294 0.083402 0.084570 0.085795 0.087076 0.088414 0.089807 0.091255 0.092758 0.094316 0.095930 0.097600 0.099327 0.101111 0.102954 0.104858 0.106823 0.108853 0.110948 0.113112 0.115347 0.117656
0.092240 0.090187 0.087948 0.085912 0.084137 0.082613 0.081319 0.080234 0.079342 0.078628 0.078079 0.077683 0.077430 0.077312 0.077319 0.077445 0.077682 0.078025 0.078468 0.079006 0.079634 0.080347 0.081143 0.082018 0.082968 0.083990 0.085083 0.086245 0.087472 0.088765 0.090120 0.091538 0.093017 0.094557 0.096157 0.097817 0.099536 0.101316 0.103156 0.105057 0.107019 0.109043 0.111131 0.113284 0.115503 0.117790 0.120148 0.122577 0.125081 0.127663
0.094465 0.091592 0.089449 0.087623 0.086040 0.084679 0.083528 0.082576 0.081811 0.081220 0.080793 0.080521 0.080393 0.080402 0.080540 0.080800 0.081176 0.081661 0.082249 0.082937 0.083719 0.084592 0.085551 0.086594 0.087717 0.088918 0.090194 0.091544 0.092965 0.094456 0.096016 0.097644 0.099339 0.101101 0.102928 0.104821 0.106780 0.108806 0.110897 0.113055 0.115281 0.117576 0.119940 0.122374 0.124881 0.127462 0.130119 0.132854 0.135668 0.138566
0.093950 0.092718 0.091051 0.089473 0.088080 0.086884 0.085882 0.085068 0.084434 0.083971 0.083670 0.083525 0.083525 0.083665 0.083938 0.084335 0.084853 0.085484 0.086224 0.087068 0.088011 0.089051 0.090182 0.091403 0.092710 0.094100 0.095572 0.097124 0.098754 0.100460 0.102242 0.104099 0.106029 0.108033 0.110110 0.112260 0.114483 0.116780 0.119150 0.121595 0.124114 0.126710 0.129382 0.132133 0.134963 0.137874 0.140869 0.143948 0.147115 0.150371
0.098271 0.095271 0.093356 0.091820 0.090523 0.089432 0.088536 0.087828 0.087300 0.086946 0.086757 0.086726 0.086847 0.087111 0.087513 0.088046 0.088704 0.089483 0.090377 0.091381 0.092491 0.093704 0.095016 0.096425 0.097927 0.099519 0.101201 0.102971 0.104826 0.106766 0.108789 0.110895 0.113084 0.115354 0.117706 0.120139 0.122654 0.125251 0.127930 0.130692 0.133537 0.136468 0.139483 0.142586 0.145776 0.149056 0.152428 0.155892 0.159452 0.163109
0.098269 0.097629 0.096169 0.094726 0.093463 0.092406 0.091554 0.090901 0.090439 0.090161 0.090057 0.090121 0.090345 0.090722 0.091245 0.091908 0.092706 0.093631 0.094681 0.095850 0.097133 0.098528 0.100031 0.101640 0.103350 0.105162 0.107071 0.109077 0.111179 0.113375 0.115663 0.118045 0.120518 0.123082 0.125738 0.128485 0.131323 0.134253 0.137275 0.140389 0.143596 0.146897 0.150294 0.153786 0.157375 0.161064 0.164852 0.168743 0.172738 0.176839
0.105579 0.102030 0.099874 0.098211 0.096851 0.095747 0.094878 0.094231 0.093796 0.093561 0.093518 0.093657 0.093971 0.094450 0.095088 0.095879 0.096815 0.097891 0.099102 0.100444 0.101911 0.103502 0.105211 0.107037 0.108976 0.111027 0.113188 0.115456 0.117830 0.120310 0.122894 0.125581 0.128371 0.131263 0.134258 0.137353 0.140551 0.143850 0.147252 0.150756 0.154363 0.158074 0.161890 0.165812 0.169840 0.173977 0.178224 0.182581 0.187052 0.191639
0.106614 0.105473 0.103621 0.101898 0.100440 0.099258 0.098340 0.097672 0.097241 0.097033 0.097038 0.097244 0.097643 0.098224 0.098979 0.099902 0.100986 0.102223 0.103610 0.105141 0.106811 0.108618 0.110557 0.112626 0.114822 0.117142 0.119585 0.122148 0.124829 0.127629 0.130544 0.133574 0.136719 0.139977 0.143348 0.146832 0.150429 0.154137 0.157959 0.161892 0.165940 0.170100 0.174375 0.178766 0.183272 0.187896 0.192639 0.197502 0.202487 0.207595
0.113978 0.109997 0.107488 0.105537 0.103954 0.102692 0.101727 0.101040 0.100617 0.100442 0.100502 0.100785 0.101279 0.101975 0.102864 0.103937 0.105188 0.106610 0.108197 0.109945 0.111849 0.113904 0.116107 0.118455 0.120945 0.123573 0.126337 0.129236 0.132266 0.135426 0.138715 0.142131 0.145672 0.149338 0.153129 0.157042 0.161078 0.165236 0.169517 0.173920 0.178445 0.183093 0.187864 0.192759 0.197778 0.202924 0.208196 0.213596 0.219126 0.224787
0.114115 0.112808 0.110716 0.108771 0.107138 0.105839 0.104861 0.104187 0.103801 0.103686 0.103829 0.104215 0.104833 0.105673 0.106725 0.107981 0.109434 0.111077 0.112903 0.114909 0.117088 0.119436 0.121949 0.124622 0.127452 0.130435 0.133568 0.136849 0.140274 0.143841 0.147548 0.151393 0.155374 0.159491 0.163740 0.168123 0.172636 0.177281 0.182057 0.186962 0.191998 0.197164 0.202461 0.207888 0.213447 0.219139 0.224963 0.230922 0.237016 0.243247
0.120759 0.116427 0.113685 0.111579 0.109909 0.108617 0.107675 0.107062 0.106757 0.106745 0.107011 0.107541 0.108325 0.109351 0.110611 0.112096 0.113799 0.115713 0.117832 0.120148 0.122656 0.125351 0.128227 0.131278 0.134501 0.137890 0.141442 0.145153 0.149019 0.153037 0.157205 0.161520 0.165979 0.170581 0.175324 0.180207 0.185228 0.190386 0.195682 0.201113 0.206681 0.212384 0.218222 0.224197 0.230307 0.236553 0.242937 0.249458 0.256119 0.262919
0.119708 0.118153 0.115915 0.113921 0.112314 0.111095 0.110244 0.109740 0.109564 0.109702 0.110138 0.110861 0.111861 0.113127 0.114651 0.116424 0.118439 0.120685 0.123157 0.125845 0.128743 0.131843 0.135137 0.138621 0.142286 0.146129 0.150144 0.154325 0.158670 0.163174 0.167833 0.172646 0.177608 0.182718 0.187974 0.193373 0.198915 0.204598 0.210422 0.216384 0.222486 0.228725 0.235102 0.241616 0.248268 0.255056 0.261983 0.269047 0.276250 0.283593
0.125613 0.120913 0.118130 0.116111 0.114588 0.113483 0.112763 0.112408 0.112403 0.112734 0.113389 0.114359 0.115633 0.117201 0.119055 0.121183 0.123575 0.126221 0.129109 0.132230 0.135572 0.139128 0.142888 0.146844 0.150990 0.155317 0.159822 0.164497 0.169338 0.174342 0.179504 0.184821 0.190289 0.195907 0.201671 0.207580 0.213633 0.219827 0.226162 0.232635 0.239247 0.245995 0.252879 0.259898 0.267051 0.274339 0.281760 0.289316 0.297006 0.304831
0.122871 0.121913 0.120080 0.118377 0.117023 0.116060 0.115492 0.115312 0.115509 0.116075 0.117000 0.118275 0.119887 0.121827 0.124079 0.126629 0.129462 0.132563 0.135918 0.139513 0.143335 0.147375 0.151620 0.156064 0.160697 0.165512 0.170504 0.175665 0.180992 0.186479 0.192123 0.197920 0.203867 0.209961 0.216199 0.222581 0.229102 0.235763 0.242559 0.249491 0.256555 0.263750 0.271074 0.278526 0.286105 0.293810 0.301642 0.309598 0.317681 0.325889
0.128890 0.125408 0.123058 0.121279 0.119968 0.119103 0.118676 0.118681 0.119110 0.119954 0.121205 0.122848 0.124867 0.127241 0.129950 0.132971 0.136282 0.139863 0.143698 0.147770 0.152066 0.156574 0.161284 0.166187 0.171274 0.176538 0.181973 0.187573 0.193334 0.199250 0.205318 0.211533 0.217894 0.224396 0.231037 0.237815 0.244728 0.251771 0.258943 0.266239 0.273657 0.281195 0.288851 0.296624 0.304511 0.312512 0.320626 0.328852 0.337189 0.345638
0.131822 0.129109 0.126718 0.124856 0.123528 0.122721 0.122425 0.122630 0.123328 0.124506 0.126146 0.128221 0.130698 0.133545 0.136727 0.140215 0.143982 0.148008 0.152274 0.156766 0.161470 0.166376 0.171475 0.176756 0.182214 0.187841 0.193631 0.199578 0.205678 0.211926 0.218318 0.224850 0.231519 0.238321 0.245254 0.252315 0.259499 0.266800 0.274216 0.281741 0.289372 0.297109 0.304947 0.312886 0.320924 0.329058 0.337289 0.345614 0.354033 0.362545
0.137200 0.133635 0.130949 0.128930 0.127546 0.126785 0.126636 0.127084 0.128113 0.129692 0.131773 0.134304 0.137234 0.140511 0.144094 0.147955 0.152071 0.156424 0.161000 0.165787 0.170773 0.175950 0.181309 0.186841 0.192541 0.198400 0.204413 0.210575 0.216881 0.223324 0.229902 0.236611 0.243445 0.250402 0.257478 0.264669 0.271965 0.279359 0.286849 0.294430 0.302101 0.309859 0.317701 0.325626 0.333631 0.341715 0.349875 0.358109 0.366417 0.374792
0.141455 0.138115 0.135202 0.133010 0.131587 0.130921 0.130989 0.131763 0.133200 0.135212 0.137706 0.140610 0.143857 0.147392 0.151190 0.155236 0.159515 0.164016 0.168728 0.173640 0.178742 0.184026 0.189483 0.195106 0.200886 0.206818 0.212894 0.219108 0.225456 0.231931 0.238529 0.245245 0.252075 0.259014 0.266059 0.273199 0.280420 0.287724 0.295107 0.302566 0.310100 0.317704 0.325376 0.333113 0.340913 0.348773 0.356692 0.364666 0.372694 0.380774
0.146845 0.142101 0.138703 0.136408 0.135077 0.134635 0.135037 0.136227 0.138074 0.140396 0.143097 0.146129 0.149416 0.152954 0.156741 0.160766 0.165019 0.169487 0.174160 0.179026 0.184076 0.189299 0.194688 0.200233 0.205926 0.211760 0.217729 0.223824 0.230041 0.236374 0.242817 0.249365 0.256013 0.262757 0.269593 0.276515 0.283517 0.290592 0.297737 0.304948 0.312221 0.319553 0.326942 0.334383 0.341875 0.349414 0.356998 0.364625 0.372292 0.379997
0.148276 0.143684 0.140634 0.138658 0.137645 0.137560 0.138380 0.139941 0.141942 0.144226 0.146820 0.149716 0.152892 0.156320 0.159988 0.163881 0.167989 0.172299 0.176801 0.181485 0.186340 0.191356 0.196526 0.201841 0.207293 0.212874 0.218579 0.224400 0.230331 0.236366 0.242501 0.248730 0.255048 0.261451 0.267934 0.274494 0.281125 0.287823 0.294583 0.301401 0.308274 0.315199 0.322171 0.329188 0.336247 0.343345 0.350479 0.357648 0.364849 0.372079
0.145856 0.143953 0.141728 0.140121 0.139400 0.139641 0.140779 0.142325 0.144192 0.146356 0.148798 0.151507 0.154469 0.157669 0.161090 0.164719 0.168544 0.172553 0.176736 0.181084 0.185586 0.190236 0.195024 0.199943 0.204987 0.210148 0.215420 0.220798 0.226276 0.231849 0.237511 0.243259 0.249086 0.254990 0.260965 0.267009 0.273117 0.279285 0.285510 0.291788 0.298116 0.304489 0.310906 0.317363 0.323858 0.330387 0.336949 0.343541 0.350161 0.356806
0.151641 0.146444 0.143198 0.141322 0.140619 0.141016 0.142102 0.143488 0.145154 0.147085 0.149262 0.151671 0.154299 0.157134 0.160163 0.163374 0.166757 0.170301 0.173999 0.177841 0.181820 0.185929 0.190161 0.194511 0.198973 0.203540 0.208209 0.212973 0.217828 0.222770 0.227793 0.232895 0.238070 0.243316 0.248628 0.254003 0.259437 0.264928 0.270471 0.276066 0.281707 0.287393 0.293121 0.298888 0.304692 0.310531 0.316401 0.322302 0.328230 0.334184
0.151966 0.147054 0.143904 0.142071 0.141405 0.141810 0.142659 0.143759 0.145093 0.146646 0.148404 0.150356 0.152488 0.154792 0.157258 0.159876 0.162639 0.165540 0.168572 0.171730 0.175007 0.178400 0.181902 0.185509 0.189218 0.193023 0.196920 0.200906 0.204977 0.209128 0.213357 0.217659 0.222031 0.226470 0.230974 0.235538 0.240161 0.244839 0.249571 0.254354 0.259185 0.264063 0.268986 0.273950 0.278955 0.283997 0.289076 0.294188 0.299333 0.304506
0.148591 0.146584 0.144350 0.142733 0.142036 0.142230 0.142685 0.143326 0.144147 0.145139 0.146291 0.147596 0.149043 0.150627 0.152341 0.154180 0.156140 0.158217 0.160407 0.162707 0.165113 0.167623 0.170233 0.172941 0.175742 0.178634 0.181614 0.184678 0.187823 0.191046 0.194345 0.197717 0.201158 0.204666 0.208240 0.211877 0.215576 0.219333 0.223149 0.227021 0.230947 0.234925 0.238955 0.243034 0.247161 0.251333 0.255549 0.259806 0.264103 0.268437
0.153963 0.149480 0.146182 0.143937 0.142751 0.142390 0.142208 0.142171 0.142269 0.142495 0.142840 0.143300 0.143869 0.144545 0.145327 0.146214 0.147204 0.148298 0.149494 0.150791 0.152187 0.153681 0.155271 0.156955 0.158730 0.160593 0.162543 0.164576 0.166690 0.168884 0.171154 0.173499 0.175917 0.178408 0.180970 0.183601 0.186302 0.189071 0.191907 0.194809 0.197776 0.200807 0.203901 0.207055 0.210268 0.213538 0.216863 0.220241 0.223668 0.227143
0.158885 0.152575 0.148163 0.145070 0.143153 0.141993 0.140971 0.140060 0.139246 0.138521 0.137881 0.137325 0.136856 0.136475 0.136188 0.135996 0.135902 0.135907 0.136012 0.136215 0.136517 0.136916 0.137410 0.137998 0.138677 0.139446 0.140303 0.141244 0.142270 0.143379 0.144570 0.145843 0.147198 0.148635 0.150154 0.151757 0.153442 0.155210 0.157061 0.158993 0.161005 0.163097 0.165267 0.167513 0.169833 0.172223 0.174681 0.177204 0.179789 0.182432
0.157544 0.153207 0.148803 0.145168 0.142562 0.140529 0.138568 0.136667 0.134818 0.133022 0.131285 0.129617 0.128027 0.126525 0.125116 0.123806 0.122596 0.121487 0.120480 0.119575 0.118769 0.118061 0.117450 0.116934 0.116511 0.116179 0.115938 0.115786 0.115725 0.115754 0.115877 0.116095 0.116410 0.116827 0.117345 0.117966 0.118691 0.119518 0.120449 0.121482 0.122615 0.123847 0.125175 0.126596 0.128105 0.129698 0.131372 0.133122 0.134944 0.136833
0.160806 0.153786 0.148256 0.143857 0.140527 0.137608 0.134685 0.131757 0.128840 0.125956 0.123124 0.120366 0.117697 0.115127 0.112658 0.110294 0.108034 0.105878 0.103825 0.101873 0.100021 0.098266 0.096608 0.095044 0.093573 0.092197 0.090915 0.089732 0.088652 0.087679 0.086820 0.086082 0.085469 0.084986 0.084633 0.084410 0.084316 0.084351 0.084514 0.084803 0.085215 0.085743 0.086384 0.087130 0.087975 0.088914 0.089941 0.091050 0.092236 0.093493
0.158597 0.151542 0.145690 0.140809 0.136857 0.133103 0.129252 0.125353 0.121460 0.117609 0.113830 0.110149 0.106573 0.103101 0.099732 0.096465 0.093299 0.090231 0.087261 0.084386 0.081605 0.078918 0.076322 0.073818 0.071410 0.069102 0.066903 0.064823 0.062873 0.061065 0.059412 0.057924 0.056604 0.055453 0.054465 0.053636 0.052964 0.052450 0.052092 0.051880 0.051805 0.051856 0.052025 0.052303 0.052680 0.053149 0.053704 0.054338 0.055045 0.055820
0.152494 0.147109 0.141481 0.136298 0.131774 0.127233 0.122558 0.117882 0.113252 0.108688 0.104231 0.099875 0.095613 0.091441 0.087357 0.083362 0.079453 0.075631 0.071894 0.068242 0.064675 0.061193 0.057800 0.054502 0.051312 0.048247 0.045331 0.042585 0.040024 0.037677 0.035560 0.033670 0.031998 0.030528 0.029247 0.028144 0.027234 0.026513 0.025961 0.025556 0.025280 0.025118 0.025060 0.025093 0.025209 0.025402 0.025664 0.025990 0.026374 0.026812
0.150542 0.143314 0.136824 0.130989 0.125779 0.120523 0.115292 0.110145 0.105058 0.100027 0.095059 0.090162 0.085340 0.080593 0.075920 0.071322 0.066798 0.062349 0.057975 0.053677 0.049456 0.045319 0.041282 0.037371 0.033618 0.030072 0.026775 0.023740 0.021009 0.018628 0.016567 0.014780 0.013229 0.011881 0.010710 0.009743 0.009042 0.008518 0.008123 0.007828 0.007616 0.007473 0.007391 0.007363 0.007383 0.007446 0.007547 0.007685 0.007855 0.008054
0.146864 0.138790 0.131646 0.125204 0.119377 0.113703 0.108075 0.102500 0.096977 0.091507 0.086090 0.080731 0.075431 0.070194 0.065021 0.059912 0.054869 0.049892 0.044983 0.040144 0.035389 0.030746 0.026267 0.022023 0.018087 0.014576 0.011481 0.008764 0.006668 0.005045 0.003726 0.002624 0.001688 0.000885 0.000194 0.000001 0.000001 0.000001 0.000001 0.000001 0.000001 0.000001 0.000001 0.000001 0.000001 0.000001 0.000001 0.000001 0.000001 0.000001
0.140072 0.133137 0.126104 0.119309 0.113111 0.107046 0.101011 0.095018 0.089073 0.083180 0.077340 0.071556 0.065828 0.060158 0.054547 0.048997 0.043507 0.038078 0.032717 0.027443 0.022311 0.017414 0.012926 0.008928 0.005694 0.003243 0.001258 0.000001 0.000001 0.000001 0.000001 0.000001 0.000001 0.000001 0.000001 0.000001 0.000001 0.000001 0.000001 0.000001 0.000001 0.000001 0.000001 0.000001 0.000001 0.000001 0.000001 0.000001 0.000001 0.000001
0.136344 0.128972 0.121304 0.113871 0.107201 0.100672 0.094194 0.087774 0.081413 0.075114 0.068875 0.062698 0.056581 0.050524 0.044527 0.038590 0.032713 0.026902 0.021186 0.015659 0.010540 0.006080 0.002729 0.000085 0.000001 0.000001 0.000001 0.000001 0.000001 0.000001 0.000001 0.000001 0.000001 0.000001 0.000001 0.000001 0.000001 0.000001 0.000001 0.000001 0.000001 0.000001 0.000001 0.000001 0.000001 0.000001 0.000001 0.000001 0.000001 0.000001
0.136071 0.125908 0.116929 0.108707 0.101488 0.094479 0.087569 0.080747 0.074004 0.067337 0.060742 0.054216 0.047756 0.041362 0.035031 0.028763 0.022560 0.016463 0.010639 0.005466 0.001576 0.000001 0.000001 0.000001 0.000001 0.000001 0.000001 0.000001 0.000001 0.000001 0.000001 0.000001 0.000001 0.000001 0.000001 0.000001 0.000001 0.000001 0.000001 0.000001 0.000001 0.000001 0.000001 0.000001 0.000001 0.000001 0.000001 0.000001 0.000001 0.000001
0.129492 0.120544 0.111581 0.103113 0.095580 0.088232 0.080994 0.073856 0.066807 0.059843 0.052957 0.046146 0.039407 0.032736 0.026132 0.019596 0.013166 0.007081 0.002160 0.000001 0.000001 0.000001 0.000001 0.000001 0.000001 0.000001 0.000001 0.000001 0.000001 0.000001 0.000001 0.000001 0.000001 0.000001 0.000001 0.000001 0.000001 0.000001 0.000001 0.000001 0.000001 0.000001 0.000001 0.000001 0.000001 0.000001 0.000001 0.000001 0.000001 0.000001
0.123551 0.114557 0.105549 0.097017 0.089352 0.081828 0.074398 0.067059 0.059806 0.052635 0.045543 0.038526 0.031581 0.024707 0.017900 0.011190 0.004883 0.000039 0.000001 0.000001 0.000001 0.000001 0.000001 0.000001 0.000001 0.000001 0.000001 0.000001 0.000001 0.000001 0.000001 0.000001 0.000001 0.000001 0.000001 0.000001 0.000001 0.000001 0.000001 0.000001 0.000001 0.000001 0.000001 0.000001 0.000001 0.000001 0.000001 0.000001 0.000001 0.000001
0.118275 0.108344 0.099162 0.090639 0.082951 0.075367 0.067855 0.060418 0.053056 0.045769 0.038555 0.031415 0.024345 0.017344 0.010419 0.003862 0.000001 0.000001 0.000001 0.000001 0.000001 0.000001 0.000001 0.000001 0.000001 0.000001 0.000001 0.000001 0.000001 0.000001 0.000001 0.000001 0.000001 0.000001 0.000001 0.000001 0.000001 0.000001 0.000001 0.000001 0.000001 0.000001 0.000001 0.000001 0.000001 0.000001 0.000001 0.000001 0.000001 0.000001
0.109231 0.101177 0.092579 0.084294 0.076660 0.069074 0.061543 0.054078 0.046682 0.039357 0.032104 0.024919 0.017803 0.010753 0.003897 0.000001 0.000001 0.000001 0.000001 0.000001 0.000001 0.000001 0.000001 0.000001 0.000001 0.000001 0.000001 0.000001 0.000001 0.000001 0.000001 0.000001 0.000001 0.000001 0.000001 0.000001 0.000001 0.000001 0.000001 0.000001 0.000001 0.000001 0.000001 0.000001 0.000001 0.000001 0.000001 0.000001 0.000001 0.000001
0.104718 0.095593 0.086733 0.078425 0.070759 0.063169 0.055655 0.048219 0.040857 0.033567 0.026348 0.019195 0.012106 0.005089 0.000001 0.000001 0.000001 0.000001 0.000001 0.000001 0.000001 0.000001 0.000001 0.000001 0.000001 0.000001 0.000001 0.000001 0.000001 0.000001 0.000001 0.000001 0.000001 0.000001 0.000001 0.000001 0.000001 0.000001 0.000001 0.000001 0.000001 0.000001 0.000001 0.000001 0.000001 0.000001 0.000001 0.000001 0.000001 0.000001
0.099830 0.090327 0.081267 0.072948 0.065292 0.057767 0.050349 0.043019 0.035769 0.028590 0.021477 0.014425 0.007429 0.000701 0.000001 0.000001 0.000001 0.000001 0.000001 0.000001 0.000001 0.000001 0.000001 0.000001 0.000001 0.000001 0.000001 0.000001 0.000001 0.000001 0.000001 0.000001 0.000001 0.000001 0.000001 0.000001 0.000001 0.000001 0.000001 0.000001 0.000001 0.000001 0.000001 0.000001 0.000001 0.000001 0.000001 0.000001 0.000001 0.000001
0.093318 0.084218 0.075609 0.067663 0.060270 0.052984 0.045788 0.038668 0.031613 0.024617 0.017672 0.010775 0.003922 0.000001 0.000001 0.000001 0.000001 0.000001 0.000001 0.000001 0.000001 0.000001 0.000001 0.000001 0.000001 0.000001 0.000001 0.000001 0.000001 0.000001 0.000001 0.000001 0.000001 0.000001 0.000001 0.000001 0.000001 0.000001 0.000001 0.000001 0.000001 0.000001 0.000001 0.000001 0.000001 0.000001 0.000001 0.000001 0.000001 0.000001
0.085346 0.077947 0.070270 0.062952 0.056002 0.049087 0.042209 0.035369 0.028563 0.021789 0.015045 0.008328 0.001637 0.000001 0.000001 0.000001 0.000001 0.000001 0.000001 0.000001 0.000001 0.000001 0.000001 0.000001 0.000001 0.000001 0.000001 0.000001 0.000001 0.000001 0.000001 0.000001 0.000001 0.000001 0.000001 0.000001 0.000001 0.000001 0.000001 0.000001 0.000001 0.000001 0.000001 0.000001 0.000001 0.000001 0.000001 0.000001 0.000001 0.000001
0.081717 0.073717 0.066381 0.059527 0.052975 0.046414 0.039845 0.033272 0.026700 0.020131 0.013568 0.007011 0.000464 0.000001 0.000001 0.000001 0.000001 0.000001 0.000001 0.000001 0.000001 0.000001 0.000001 0.000001 0.000001 0.000001 0.000001 0.000001 0.000001 0.000001 0.000001 0.000001 0.000001 0.000001 0.000001 0.000001 0.000001 0.000001 0.000001 0.000001 0.000001 0.000001 0.000001 0.000001 0.000001 0.000001 0.000001 0.000001 0.000001 0.000001
0.077353 0.070855 0.064228 0.057786 0.051503 0.045166 0.038788 0.032379 0.025949 0.019503 0.013047 0.006586 0.000122 0.000001 0.000001 0.000001 0.000001 0.000001 0.000001 0.000001 0.000001 0.000001 0.000001 0.000001 0.000001 0.000001 0.000001 0.000001 0.000001 0.000001 0.000001 0.000001 0.000001 0.000001 0.000001 0.000001 0.000001 0.000001 0.000001 0.000001 0.000001 0.000001 0.000001 0.000001 0.000001 0.000001 0.000001 0.000001 0.000001 0.000001
