0.077378 0.081481 0.085759 0.090063 0.094393 0.098773 0.103226 0.107772 0.112429 0.117212 0.122135 0.127209 0.132442 0.137848 0.143397 0.149079 0.154892 0.160839 0.166918 0.173131 0.179478 0.185957 0.192569 0.199314 0.206192 0.213201 0.220341 0.227611 0.235011 0.242540 0.250197 0.257980 0.265889 0.273922 0.282079 0.290358 0.298757 0.307276 0.315913 0.324666 0.333534 0.342516 0.351610 0.360814 0.370127 0.379547 0.389073 0.398703 0.408436 0.418269
0.078499 0.083285 0.087388 0.091425 0.095535 0.099750 0.104085 0.108549 0.113152 0.117904 0.122812 0.127880 0.133113 0.138504 0.144029 0.149689 0.155481 0.161408 0.167469 0.173663 0.179992 0.186454 0.193049 0.199778 0.206639 0.213631 0.220755 0.228010 0.235394 0.242906 0.250547 0.258314 0.266207 0.274225 0.282366 0.290628 0.299012 0.307515 0.316136 0.324873 0.333726 0.342692 0.351770 0.360958 0.370256 0.379661 0.389171 0.398786 0.408503 0.418321
0.085214 0.086815 0.089877 0.093441 0.097268 0.101293 0.105494 0.109871 0.114426 0.119156 0.124056 0.129123 0.134343 0.139697 0.145186 0.150809 0.156568 0.162462 0.168490 0.174653 0.180951 0.187382 0.193947 0.200646 0.207476 0.214439 0.221533 0.228757 0.236111 0.243594 0.251205 0.258942 0.266805 0.274792 0.282902 0.291135 0.299488 0.307961 0.316551 0.325259 0.334081 0.343017 0.352065 0.361224 0.370491 0.379866 0.389347 0.398933 0.408621 0.418410
0.083214 0.087781 0.091464 0.095117 0.098919 0.102904 0.107083 0.111461 0.116035 0.120784 0.125689 0.130738 0.135920 0.141238 0.146690 0.152278 0.158000 0.163857 0.169848 0.175974 0.182234 0.188627 0.195154 0.201813 0.208605 0.215528 0.222583 0.229767 0.237081 0.244523 0.252092 0.259789 0.267610 0.275556 0.283625 0.291815 0.300127 0.308557 0.317106 0.325771 0.334551 0.343445 0.352451 0.361568 0.370794 0.380127 0.389567 0.399111 0.408757 0.418505
0.086485 0.089127 0.092593 0.096343 0.100276 0.104379 0.108678 0.113153 0.117783 0.122552 0.127448 0.132477 0.137639 0.142932 0.148358 0.153915 0.159606 0.165429 0.171385 0.177474 0.183695 0.190049 0.196535 0.203152 0.209901 0.216781 0.223790 0.230929 0.238197 0.245592 0.253114 0.260762 0.268535 0.276432 0.284452 0.292593 0.300854 0.309234 0.317732 0.326347 0.335076 0.343919 0.352875 0.361941 0.371116 0.380399 0.389788 0.399281 0.408878 0.418576
0.084987 0.089219 0.093243 0.097320 0.101496 0.105804 0.110250 0.114805 0.119470 0.124254 0.129159 0.134188 0.139342 0.144622 0.150030 0.155567 0.161233 0.167029 0.172954 0.179010 0.185196 0.191513 0.197959 0.204536 0.211242 0.218078 0.225042 0.232134 0.239353 0.246700 0.254172 0.261769 0.269490 0.277335 0.285301 0.293388 0.301596 0.309921 0.318364 0.326924 0.335598 0.344385 0.353284 0.362294 0.371413 0.380640 0.389973 0.399410 0.408951 0.418594
0.085911 0.090002 0.094264 0.098545 0.102878 0.107289 0.111775 0.116357 0.121043 0.125839 0.130750 0.135779 0.140929 0.146201 0.151597 0.157118 0.162765 0.168539 0.174439 0.180467 0.186623 0.192906 0.199318 0.205857 0.212523 0.219318 0.226239 0.233286 0.240459 0.247758 0.255181 0.262729 0.270399 0.278191 0.286104 0.294138 0.302291 0.310561 0.318949 0.327451 0.336069 0.344799 0.353641 0.362593 0.371655 0.380824 0.390099 0.399478 0.408961 0.418546
0.087041 0.091856 0.096016 0.100195 0.104454 0.108795 0.113245 0.117805 0.122478 0.127266 0.132170 0.137193 0.142336 0.147600 0.152985 0.158493 0.164125 0.169880 0.175760 0.181765 0.187895 0.194151 0.200532 0.207039 0.213671 0.220429 0.227312 0.234319 0.241451 0.248706 0.256085 0.263585 0.271208 0.278952 0.286816 0.294799 0.302900 0.311118 0.319452 0.327902 0.336465 0.345140 0.353927 0.362824 0.371829 0.380942 0.390161 0.399484 0.408911 0.418439
0.093285 0.094590 0.097874 0.101779 0.105877 0.110129 0.114523 0.119049 0.123700 0.128474 0.133368 0.138384 0.143519 0.148775 0.154152 0.159650 0.165269 0.171011 0.176875 0.182862 0.188972 0.195206 0.201563 0.208043 0.214647 0.221374 0.228225 0.235198 0.242295 0.249513 0.256853 0.264314 0.271895 0.279597 0.287417 0.295355 0.303411 0.311583 0.319870 0.328271 0.336785 0.345411 0.354148 0.362994 0.371949 0.381010 0.390178 0.399449 0.408823 0.418299
0.087786 0.094040 0.098456 0.102627 0.106783 0.111050 0.115450 0.119979 0.124632 0.129408 0.134304 0.139319 0.144454 0.149708 0.155081 0.160574 0.166187 0.171920 0.177773 0.183748 0.189844 0.196061 0.202401 0.208861 0.215444 0.222148 0.228974 0.235921 0.242990 0.250179 0.257488 0.264918 0.272466 0.280133 0.287918 0.295819 0.303838 0.311971 0.320219 0.328580 0.337053 0.345637 0.354332 0.363135 0.372047 0.381064 0.390187 0.399413 0.408742 0.418173
0.094300 0.095304 0.098835 0.102947 0.107185 0.111536 0.115999 0.120574 0.125261 0.130061 0.134975 0.140004 0.145149 0.150409 0.155786 0.161280 0.166892 0.172623 0.178472 0.184441 0.190529 0.196737 0.203065 0.209514 0.216083 0.222772 0.229582 0.236512 0.243561 0.250730 0.258018 0.265424 0.272949 0.280591 0.288350 0.296225 0.304215 0.312320 0.320538 0.328868 0.337310 0.345863 0.354525 0.363295 0.372172 0.381154 0.390242 0.399433 0.408725 0.418119
0.086442 0.093312 0.098311 0.102864 0.107292 0.111753 0.116293 0.120925 0.125656 0.130489 0.135430 0.140479 0.145640 0.150913 0.156300 0.161802 0.167419 0.173154 0.179005 0.184974 0.191062 0.197269 0.203594 0.210038 0.216602 0.223285 0.230087 0.237008 0.244048 0.251207 0.258483 0.265877 0.273388 0.281016 0.288759 0.296618 0.304591 0.312677 0.320876 0.329187 0.337608 0.346139 0.354779 0.363526 0.372379 0.381337 0.390400 0.399565 0.408832 0.418198
0.091995 0.094590 0.098673 0.103035 0.107441 0.111923 0.116493 0.121155 0.125914 0.130773 0.135735 0.140804 0.145982 0.151270 0.156670 0.162183 0.167811 0.173555 0.179415 0.185392 0.191486 0.197698 0.204028 0.210477 0.217044 0.223729 0.230533 0.237455 0.244495 0.251653 0.258928 0.266319 0.273827 0.281451 0.289190 0.297043 0.305009 0.313088 0.321279 0.329581 0.337993 0.346513 0.355141 0.363876 0.372717 0.381662 0.390710 0.399860 0.409111 0.418461
0.090107 0.094603 0.098923 0.103271 0.107648 0.112110 0.116673 0.121336 0.126101 0.130970 0.135945 0.141027 0.146219 0.151521 0.156935 0.162463 0.168106 0.173863 0.179737 0.185728 0.191835 0.198060 0.204403 0.210863 0.217442 0.224139 0.230953 0.237886 0.244935 0.252102 0.259385 0.266785 0.274300 0.281929 0.289674 0.297531 0.305502 0.313584 0.321778 0.330081 0.338494 0.347014 0.355642 0.364375 0.373213 0.382155 0.391200 0.400345 0.409591 0.418935
0.090947 0.094765 0.099091 0.103461 0.107827 0.112267 0.116811 0.121464 0.126225 0.131095 0.136076 0.141167 0.146371 0.151688 0.157118 0.162663 0.168323 0.174099 0.179992 0.186002 0.192129 0.198374 0.204736 0.211216 0.217814 0.224530 0.231364 0.238315 0.245382 0.252567 0.259867 0.267283 0.274814 0.282459 0.290218 0.298090 0.306074 0.314169 0.322374 0.330689 0.339112 0.347642 0.356278 0.365020 0.373865 0.382814 0.391863 0.401014 0.410264 0.419611
0.090169 0.094887 0.099256 0.103576 0.107900 0.112312 0.116841 0.121486 0.126246 0.131120 0.136109 0.141212 0.146431 0.151764 0.157213 0.162779 0.168461 0.174260 0.180177 0.186211 0.192363 0.198633 0.205022 0.211528 0.218152 0.224893 0.231753 0.238729 0.245822 0.253031 0.260355 0.267795 0.275350 0.283018 0.290799 0.298692 0.306697 0.314813 0.323037 0.331371 0.339812 0.348360 0.357013 0.365770 0.374631 0.383594 0.392657 0.401821 0.411082 0.420441
0.092833 0.095498 0.099271 0.103442 0.107736 0.112147 0.116685 0.121341 0.126114 0.131003 0.136008 0.141129 0.146367 0.151723 0.157195 0.162786 0.168494 0.174321 0.180266 0.186329 0.192510 0.198810 0.205229 0.211765 0.218419 0.225191 0.232081 0.239087 0.246210 0.253448 0.260802 0.268271 0.275854 0.283550 0.291359 0.299279 0.307310 0.315451 0.323701 0.332059 0.340524 0.349095 0.357771 0.366550 0.375432 0.384415 0.393499 0.402681 0.411961 0.421337
0.089791 0.094022 0.098391 0.102833 0.107256 0.111732 0.116310 0.120996 0.125794 0.130707 0.135736 0.140882 0.146146 0.151528 0.157029 0.162648 0.168385 0.174242 0.180217 0.186311 0.192524 0.198856 0.205306 0.211875 0.218561 0.225365 0.232287 0.239325 0.246479 0.253749 0.261135 0.268634 0.276248 0.283974 0.291813 0.299763 0.307823 0.315993 0.324271 0.332657 0.341149 0.349746 0.358448 0.367252 0.376159 0.385166 0.394273 0.403478 0.412781 0.422179
0.087204 0.092921 0.097627 0.102154 0.106629 0.111135 0.115738 0.120450 0.125274 0.130214 0.135271 0.140445 0.145737 0.151148 0.156677 0.162325 0.168092 0.173978 0.179983 0.186107 0.192350 0.198712 0.205193 0.211792 0.218509 0.225344 0.232296 0.239365 0.246550 0.253850 0.261266 0.268796 0.276439 0.284195 0.292063 0.300042 0.308131 0.316330 0.324636 0.333050 0.341569 0.350194 0.358922 0.367753 0.376685 0.385718 0.394850 0.404080 0.413406 0.422828
0.091995 0.093964 0.097477 0.101559 0.105909 0.110382 0.114986 0.119713 0.124559 0.129523 0.134605 0.139804 0.145122 0.150557 0.156112 0.161784 0.167576 0.173487 0.179517 0.185667 0.191935 0.198322 0.204828 0.211453 0.218195 0.225056 0.232033 0.239128 0.246339 0.253666 0.261107 0.268663 0.276332 0.284115 0.292009 0.300014 0.308129 0.316353 0.324685 0.333124 0.341669 0.350318 0.359071 0.367927 0.376884 0.385941 0.395097 0.404350 0.413700 0.423144
0.088015 0.092364 0.096425 0.100593 0.104929 0.109419 0.114049 0.118795 0.123661 0.128643 0.133742 0.138958 0.144292 0.149744 0.155314 0.161002 0.166810 0.172736 0.178782 0.184947 0.191232 0.197635 0.204158 0.210799 0.217559 0.224437 0.231433 0.238545 0.245775 0.253120 0.260580 0.268155 0.275844 0.283646 0.291560 0.299585 0.307720 0.315964 0.324316 0.332776 0.341341 0.350012 0.358786 0.367662 0.376639 0.385717 0.394893 0.404167 0.413537 0.423002
0.086443 0.090883 0.095194 0.099495 0.103865 0.108341 0.112964 0.117727 0.122603 0.127589 0.132692 0.137910 0.143245 0.148699 0.154270 0.159961 0.165771 0.171700 0.177749 0.183918 0.190206 0.196614 0.203142 0.209789 0.216555 0.223440 0.230442 0.237563 0.244800 0.252154 0.259624 0.267209 0.274908 0.282721 0.290646 0.298682 0.306830 0.315086 0.323452 0.331924 0.340503 0.349188 0.357975 0.366866 0.375858 0.384951 0.394142 0.403431 0.412816 0.422296
0.086509 0.090312 0.094429 0.098651 0.102955 0.107356 0.111881 0.116568 0.121402 0.126370 0.131458 0.136658 0.141977 0.147415 0.152972 0.158649 0.164446 0.170363 0.176401 0.182559 0.188837 0.195236 0.201756 0.208395 0.215154 0.222033 0.229030 0.236146 0.243380 0.250731 0.258199 0.265783 0.273482 0.281294 0.289220 0.297259 0.305408 0.313668 0.322037 0.330513 0.339097 0.347786 0.356580 0.365477 0.374475 0.383575 0.392773 0.402070 0.411463 0.420951
0.085519 0.089907 0.093968 0.098037 0.102196 0.106469 0.110869 0.115416 0.120127 0.125003 0.130029 0.135191 0.140480 0.145886 0.151413 0.157061 0.162830 0.168720 0.174731 0.180864 0.187118 0.193494 0.199991 0.206609 0.213347 0.220206 0.227185 0.234284 0.241501 0.248837 0.256290 0.263860 0.271546 0.279347 0.287263 0.295291 0.303431 0.311683 0.320044 0.328514 0.337092 0.345776 0.354566 0.363459 0.372454 0.381551 0.390748 0.400043 0.409436 0.418924
0.086982 0.089963 0.093522 0.097350 0.101354 0.105504 0.109795 0.114227 0.118811 0.123556 0.128463 0.133531 0.138752 0.144111 0.149597 0.155202 0.160929 0.166778 0.172749 0.178843 0.185058 0.191396 0.197857 0.204439 0.211144 0.217969 0.224916 0.231984 0.239171 0.246478 0.253904 0.261447 0.269107 0.276884 0.284776 0.292781 0.300901 0.309132 0.317474 0.325925 0.334485 0.343153 0.351926 0.360805 0.369786 0.378870 0.388055 0.397338 0.406720 0.416198
0.084981 0.088572 0.092310 0.096167 0.100146 0.104251 0.108485 0.112851 0.117354 0.122002 0.126801 0.131755 0.136866 0.142130 0.147544 0.153096 0.158768 0.164563 0.170480 0.176520 0.182684 0.188970 0.195380 0.201913 0.208569 0.215348 0.222249 0.229271 0.236415 0.243680 0.251064 0.258567 0.266188 0.273927 0.281782 0.289752 0.297837 0.306035 0.314344 0.322765 0.331295 0.339933 0.348679 0.357530 0.366486 0.375545 0.384705 0.393966 0.403325 0.412782
0.082064 0.086568 0.090559 0.094508 0.098525 0.102639 0.106862 0.111202 0.115663 0.120252 0.124977 0.129842 0.134854 0.140014 0.145325 0.150785 0.156386 0.162112 0.167961 0.173934 0.180031 0.186253 0.192598 0.199068 0.205662 0.212380 0.219221 0.226185 0.233272 0.240480 0.247809 0.255258 0.262827 0.270514 0.278319 0.286240 0.294277 0.302428 0.310692 0.319068 0.327555 0.336151 0.344856 0.353667 0.362584 0.371606 0.380730 0.389955 0.399280 0.408704
0.082538 0.085080 0.088689 0.092588 0.096616 0.100744 0.104970 0.109298 0.113735 0.118285 0.122957 0.127756 0.132687 0.137757 0.142969 0.148326 0.153829 0.159471 0.165237 0.171128 0.177145 0.183287 0.189555 0.195948 0.202467 0.209110 0.215878 0.222770 0.229785 0.236924 0.244184 0.251566 0.259068 0.266690 0.274431 0.282290 0.290265 0.298355 0.306561 0.314879 0.323309 0.331850 0.340501 0.349259 0.358124 0.367095 0.376170 0.385347 0.394625 0.404004
0.076884 0.082265 0.086478 0.090509 0.094566 0.098694 0.102908 0.107216 0.111623 0.116135 0.120758 0.125498 0.130359 0.135348 0.140470 0.145729 0.151129 0.156670 0.162344 0.168140 0.174064 0.180114 0.186291 0.192595 0.199025 0.205581 0.212262 0.219069 0.226000 0.233056 0.240234 0.247535 0.254958 0.262502 0.270165 0.277948 0.285848 0.293865 0.301998 0.310245 0.318605 0.327078 0.335661 0.344353 0.353154 0.362061 0.371073 0.380189 0.389408 0.398728
0.079209 0.081198 0.084685 0.088534 0.092519 0.096597 0.100766 0.105028 0.109387 0.113848 0.118413 0.123090 0.127881 0.132791 0.137826 0.142991 0.148289 0.153724 0.159297 0.164996 0.170814 0.176761 0.182836 0.189039 0.195369 0.201826 0.208410 0.215119 0.221954 0.228915 0.235999 0.243207 0.250538 0.257990 0.265564 0.273258 0.281070 0.289001 0.297048 0.305212 0.313489 0.321880 0.330383 0.338996 0.347719 0.356550 0.365487 0.374530 0.383676 0.392925
0.072771 0.078455 0.082625 0.086538 0.090469 0.094477 0.098575 0.102769 0.107061 0.111453 0.115949 0.120551 0.125264 0.130092 0.135038 0.140108 0.145304 0.150632 0.156095 0.161692 0.167407 0.173243 0.179207 0.185300 0.191520 0.197868 0.204344 0.210946 0.217675 0.224529 0.231508 0.238612 0.245839 0.253190 0.260662 0.268255 0.275968 0.283801 0.291751 0.299818 0.308001 0.316298 0.324708 0.333231 0.341864 0.350606 0.359456 0.368413 0.377475 0.386641
0.076243 0.077809 0.080975 0.084591 0.088389 0.092305 0.096322 0.100436 0.104647 0.108958 0.113371 0.117889 0.122515 0.127253 0.132105 0.137076 0.142169 0.147388 0.152737 0.158219 0.163832 0.169558 0.175406 0.181382 0.187486 0.193718 0.200077 0.206563 0.213176 0.219916 0.226781 0.233771 0.240885 0.248123 0.255483 0.262966 0.270569 0.278293 0.286135 0.294095 0.302172 0.310365 0.318672 0.327092 0.335625 0.344267 0.353019 0.361879 0.370846 0.379917
0.070171 0.074819 0.078662 0.082402 0.086184 0.090040 0.093980 0.098010 0.102134 0.106355 0.110676 0.115100 0.119630 0.124270 0.129021 0.133888 0.138874 0.143982 0.149215 0.154577 0.160070 0.165691 0.171424 0.177279 0.183262 0.189372 0.195609 0.201973 0.208464 0.215082 0.221825 0.228693 0.235686 0.242804 0.250044 0.257407 0.264892 0.272497 0.280223 0.288067 0.296029 0.304107 0.312301 0.320610 0.329031 0.337565 0.346208 0.354962 0.363823 0.372790
0.069525 0.072909 0.076542 0.080211 0.083921 0.087693 0.091542 0.095478 0.099505 0.103627 0.107849 0.112172 0.116600 0.121136 0.125781 0.130539 0.135413 0.140405 0.145519 0.150759 0.156126 0.161623 0.167246 0.172981 0.178839 0.184824 0.190935 0.197173 0.203536 0.210026 0.216642 0.223383 0.230248 0.237238 0.244352 0.251588 0.258947 0.266427 0.274028 0.281748 0.289587 0.297543 0.305616 0.313804 0.322107 0.330522 0.339050 0.347687 0.356434 0.365289
0.067807 0.071208 0.074588 0.078052 0.081607 0.085252 0.088988 0.092817 0.096740 0.100760 0.104877 0.109096 0.113417 0.117844 0.122378 0.127023 0.131781 0.136654 0.141646 0.146759 0.151996 0.157361 0.162855 0.168474 0.174208 0.180064 0.186046 0.192153 0.198387 0.204745 0.211229 0.217837 0.224571 0.231428 0.238410 0.245514 0.252741 0.260090 0.267560 0.275150 0.282859 0.290687 0.298632 0.306693 0.314870 0.323160 0.331564 0.340079 0.348705 0.357440
0.066538 0.069317 0.072409 0.075691 0.079110 0.082640 0.086270 0.089997 0.093819 0.097737 0.101751 0.105863 0.110076 0.114392 0.118813 0.123340 0.127978 0.132729 0.137594 0.142578 0.147682 0.152911 0.158266 0.163749 0.169357 0.175086 0.180936 0.186910 0.193009 0.199233 0.205582 0.212055 0.218652 0.225374 0.232219 0.239187 0.246278 0.253491 0.260825 0.268280 0.275855 0.283549 0.291361 0.299290 0.307335 0.315496 0.323770 0.332157 0.340656 0.349265
0.063405 0.066448 0.069655 0.072953 0.076337 0.079806 0.083361 0.087004 0.090735 0.094557 0.098470 0.102478 0.106582 0.110785 0.115089 0.119497 0.124012 0.128636 0.133372 0.138223 0.143190 0.148279 0.153490 0.158828 0.164292 0.169884 0.175600 0.181441 0.187403 0.193490 0.199701 0.206036 0.212494 0.219076 0.225782 0.232611 0.239562 0.246636 0.253831 0.261148 0.268584 0.276141 0.283816 0.291608 0.299518 0.307544 0.315685 0.323939 0.332307 0.340786
0.059434 0.063246 0.066661 0.070007 0.073378 0.076804 0.080297 0.083865 0.087511 0.091239 0.095052 0.098954 0.102947 0.107035 0.111221 0.115506 0.119895 0.124389 0.128992 0.133706 0.138534 0.143479 0.148544 0.153731 0.159044 0.164483 0.170051 0.175746 0.181570 0.187519 0.193589 0.199783 0.206101 0.212541 0.219105 0.225792 0.232602 0.239534 0.246588 0.253763 0.261058 0.268474 0.276009 0.283663 0.291434 0.299323 0.307327 0.315446 0.323679 0.332025
0.058322 0.060833 0.063875 0.067087 0.070380 0.073734 0.077151 0.080633 0.084186 0.087815 0.091523 0.095315 0.099194 0.103163 0.107226 0.111386 0.115645 0.120007 0.124473 0.129048 0.133733 0.138532 0.143448 0.148482 0.153638 0.158919 0.164327 0.169863 0.175529 0.181325 0.187254 0.193308 0.199481 0.205779 0.212199 0.218743 0.225408 0.232197 0.239107 0.246139 0.253292 0.260565 0.267959 0.275471 0.283102 0.290851 0.298717 0.306698 0.314795 0.323005
0.054370 0.057791 0.060997 0.064181 0.067395 0.070655 0.073971 0.077350 0.080796 0.084315 0.087910 0.091585 0.095345 0.099192 0.103129 0.107160 0.111287 0.115514 0.119842 0.124275 0.128816 0.133467 0.138231 0.143110 0.148108 0.153227 0.158470 0.163840 0.169338 0.174966 0.180727 0.186621 0.192648 0.198804 0.205080 0.211477 0.217998 0.224641 0.231407 0.238294 0.245303 0.252433 0.259683 0.267054 0.274543 0.282151 0.289877 0.297720 0.305679 0.313753
0.052126 0.055275 0.058320 0.061364 0.064444 0.067577 0.070770 0.074028 0.077356 0.080756 0.084232 0.087787 0.091425 0.095147 0.098957 0.102857 0.106851 0.110941 0.115130 0.119421 0.123815 0.128317 0.132928 0.137652 0.142490 0.147447 0.152523 0.157723 0.163048 0.168502 0.174086 0.179802 0.185653 0.191640 0.197762 0.204012 0.210390 0.216888 0.223507 0.230248 0.237113 0.244099 0.251206 0.258433 0.265780 0.273248 0.280834 0.288537 0.296359 0.304296
0.050893 0.053070 0.055716 0.058537 0.061455 0.064451 0.067518 0.070656 0.073866 0.077150 0.080508 0.083945 0.087461 0.091059 0.094742 0.098513 0.102374 0.106327 0.110377 0.114524 0.118773 0.123125 0.127583 0.132150 0.136829 0.141622 0.146532 0.151561 0.156712 0.161989 0.167392 0.172926 0.178591 0.184391 0.190328 0.196400 0.202611 0.208954 0.215426 0.222024 0.228746 0.235586 0.242548 0.249633 0.256839 0.264166 0.271612 0.279177 0.286861 0.294663
0.046737 0.049906 0.052708 0.055489 0.058323 0.061225 0.064195 0.067233 0.070341 0.073518 0.076767 0.080090 0.083489 0.086967 0.090526 0.094168 0.097898 0.101717 0.105627 0.109633 0.113736 0.117938 0.122244 0.126655 0.131174 0.135804 0.140547 0.145405 0.150383 0.155482 0.160704 0.166053 0.171531 0.177141 0.182884 0.188763 0.194780 0.200934 0.207227 0.213657 0.220221 0.226913 0.233732 0.240677 0.247744 0.254929 0.262235 0.269663 0.277212 0.284879
0.044889 0.047013 0.049586 0.052302 0.055092 0.057940 0.060844 0.063804 0.066825 0.069907 0.073055 0.076271 0.079558 0.082918 0.086356 0.089873 0.093472 0.097157 0.100931 0.104795 0.108753 0.112807 0.116961 0.121217 0.125577 0.130044 0.134621 0.139311 0.144115 0.149037 0.154080 0.159245 0.164536 0.169954 0.175503 0.181185 0.187002 0.192957 0.199049 0.205281 0.211652 0.218164 0.224813 0.231596 0.238511 0.245554 0.252723 0.260017 0.267435 0.274969
0.040544 0.043555 0.046361 0.049133 0.051914 0.054722 0.057567 0.060456 0.063393 0.066384 0.069433 0.072544 0.075721 0.078966 0.082283 0.085676 0.089147 0.092699 0.096336 0.100061 0.103875 0.107783 0.111786 0.115887 0.120090 0.124396 0.128809 0.133331 0.137964 0.142711 0.147575 0.152559 0.157664 0.162893 0.168250 0.173736 0.179353 0.185105 0.190994 0.197020 0.203185 0.209492 0.215940 0.222528 0.229258 0.236127 0.243133 0.250272 0.257543 0.264942
0.038051 0.040818 0.043550 0.046259 0.048972 0.051706 0.054470 0.057272 0.060118 0.063012 0.065959 0.068963 0.072029 0.075158 0.078356 0.081625 0.084968 0.088389 0.091891 0.095477 0.099150 0.102912 0.106766 0.110715 0.114762 0.118910 0.123160 0.127517 0.131981 0.136556 0.141245 0.146049 0.150972 0.156015 0.161182 0.166475 0.171897 0.177449 0.183134 0.188955 0.194913 0.201010 0.207247 0.213627 0.220149 0.226814 0.233623 0.240573 0.247667 0.254900
0.036269 0.038695 0.041181 0.043724 0.046311 0.048935 0.051597 0.054298 0.057042 0.059833 0.062674 0.065568 0.068521 0.071535 0.074613 0.077759 0.080976 0.084268 0.087637 0.091086 0.094619 0.098238 0.101946 0.105746 0.109640 0.113632 0.117723 0.121917 0.126216 0.130622 0.135139 0.139768 0.144512 0.149374 0.154356 0.159460 0.164689 0.170046 0.175532 0.181151 0.186904 0.192794 0.198823 0.204991 0.211302 0.217756 0.224353 0.231096 0.237984 0.245017
0.034411 0.036555 0.038917 0.041360 0.043848 0.046373 0.048935 0.051536 0.054177 0.056864 0.059599 0.062384 0.065225 0.068124 0.071085 0.074111 0.077204 0.080369 0.083608 0.086924 0.090320 0.093799 0.097364 0.101018 0.104763 0.108602 0.112539 0.116574 0.120711 0.124953 0.129302 0.133761 0.138331 0.143016 0.147818 0.152740 0.157783 0.162950 0.168244 0.173667 0.179221 0.184909 0.190733 0.196695 0.202796 0.209039 0.215426 0.221957 0.228634 0.235458
0.031368 0.034165 0.036680 0.039120 0.041551 0.043999 0.046474 0.048982 0.051527 0.054115 0.056747 0.059428 0.062161 0.064950 0.067797 0.070705 0.073679 0.076721 0.079833 0.083020 0.086284 0.089628 0.093054 0.096566 0.100167 0.103858 0.107644 0.111525 0.115506 0.119589 0.123776 0.128069 0.132471 0.136986 0.141614 0.146359 0.151222 0.156207 0.161316 0.166550 0.171913 0.177407 0.183034 0.188796 0.194695 0.200734 0.206914 0.213238 0.219706 0.226321
0.030351 0.032535 0.034814 0.037131 0.039471 0.041835 0.044225 0.046646 0.049102 0.051596 0.054132 0.056714 0.059345 0.062028 0.064766 0.067563 0.070422 0.073345 0.076337 0.079400 0.082536 0.085749 0.089042 0.092418 0.095879 0.099428 0.103068 0.106802 0.110632 0.114561 0.118592 0.122727 0.126968 0.131318 0.135779 0.140355 0.145047 0.149857 0.154789 0.159843 0.165024 0.170333 0.175772 0.181343 0.187050 0.192893 0.198876 0.205000 0.211267 0.217679
0.029049 0.030996 0.033145 0.035362 0.037615 0.039895 0.042203 0.044541 0.046912 0.049319 0.051765 0.054254 0.056788 0.059372 0.062007 0.064698 0.067448 0.070259 0.073135 0.076079 0.079093 0.082182 0.085347 0.088592 0.091920 0.095333 0.098835 0.102427 0.106113 0.109896 0.113777 0.117760 0.121848 0.126041 0.130344 0.134759 0.139287 0.143932 0.148695 0.153580 0.158588 0.163722 0.168983 0.174375 0.179900 0.185559 0.191355 0.197291 0.203367 0.209587
0.026860 0.029341 0.031579 0.033768 0.035959 0.038170 0.040405 0.042668 0.044962 0.047289 0.049652 0.052054 0.054498 0.056988 0.059527 0.062118 0.064764 0.067469 0.070235 0.073067 0.075966 0.078936 0.081980 0.085102 0.088303 0.091587 0.094957 0.098416 0.101966 0.105609 0.109350 0.113190 0.117131 0.121177 0.125330 0.129593 0.133967 0.138456 0.143061 0.147786 0.152632 0.157601 0.162697 0.167921 0.173275 0.178763 0.184385 0.190145 0.196044 0.202084
0.026243 0.028180 0.030246 0.032354 0.034488 0.036643 0.038821 0.041021 0.043247 0.045502 0.047789 0.050111 0.052472 0.054875 0.057323 0.059819 0.062369 0.064973 0.067637 0.070362 0.073153 0.076012 0.078943 0.081949 0.085032 0.088195 0.091442 0.094775 0.098197 0.101711 0.105319 0.109025 0.112831 0.116739 0.120752 0.124872 0.129103 0.133446 0.137904 0.142479 0.147174 0.151991 0.156933 0.162001 0.167198 0.172526 0.177988 0.183585 0.189321 0.195196
0.024918 0.026920 0.028985 0.031079 0.033188 0.035309 0.037442 0.039590 0.041758 0.043948 0.046164 0.048412 0.050695 0.053016 0.055380 0.057790 0.060249 0.062761 0.065329 0.067957 0.070648 0.073405 0.076231 0.079129 0.082103 0.085155 0.088288 0.091505 0.094809 0.098203 0.101689 0.105271 0.108951 0.112731 0.116614 0.120604 0.124701 0.128910 0.133232 0.137670 0.142226 0.146902 0.151702 0.156627 0.161680 0.166863 0.172178 0.177627 0.183214 0.188939
0.023455 0.025707 0.027863 0.029982 0.032082 0.034174 0.036265 0.038363 0.040474 0.042602 0.044754 0.046933 0.049144 0.051391 0.053678 0.056009 0.058387 0.060815 0.063297 0.065837 0.068437 0.071101 0.073833 0.076634 0.079508 0.082459 0.085489 0.088601 0.091797 0.095082 0.098457 0.101926 0.105490 0.109154 0.112919 0.116789 0.120765 0.124851 0.129049 0.133361 0.137790 0.142339 0.147010 0.151805 0.156727 0.161778 0.166961 0.172277 0.177730 0.183321
0.022797 0.024914 0.027040 0.029128 0.031186 0.033229 0.035267 0.037310 0.039364 0.041434 0.043526 0.045644 0.047792 0.049974 0.052194 0.054456 0.056762 0.059118 0.061525 0.063987 0.066508 0.069090 0.071738 0.074453 0.077239 0.080100 0.083037 0.086055 0.089155 0.092342 0.095617 0.098984 0.102445 0.106004 0.109663 0.113424 0.117291 0.121266 0.125352 0.129551 0.133867 0.138301 0.142856 0.147535 0.152340 0.157273 0.162338 0.167536 0.172869 0.178341
0.022087 0.024391 0.026459 0.028459 0.030438 0.032414 0.034394 0.036384 0.038387 0.040409 0.042451 0.044519 0.046615 0.048745 0.050910 0.053114 0.055362 0.057656 0.059999 0.062396 0.064849 0.067361 0.069936 0.072577 0.075286 0.078068 0.080925 0.083859 0.086875 0.089975 0.093161 0.096438 0.099808 0.103273 0.106837 0.110502 0.114272 0.118148 0.122135 0.126234 0.130448 0.134780 0.139233 0.143809 0.148511 0.153342 0.158303 0.163398 0.168628 0.173997
0.022689 0.024171 0.025943 0.027810 0.029716 0.031644 0.033587 0.035543 0.037515 0.039504 0.041514 0.043547 0.045606 0.047696 0.049819 0.051979 0.054180 0.056425 0.058717 0.061059 0.063455 0.065909 0.068422 0.070999 0.073643 0.076356 0.079143 0.082005 0.084947 0.087971 0.091080 0.094278 0.097567 0.100950 0.104431 0.108012 0.111696 0.115487 0.119386 0.123398 0.127524 0.131768 0.136132 0.140620 0.145233 0.149975 0.154848 0.159856 0.164999 0.170281
0.021134 0.023157 0.025086 0.027013 0.028948 0.030889 0.032837 0.034792 0.036756 0.038733 0.040726 0.042739 0.044775 0.046837 0.048931 0.051058 0.053223 0.055429 0.057679 0.059977 0.062326 0.064730 0.067192 0.069715 0.072302 0.074957 0.077684 0.080484 0.083362 0.086320 0.089362 0.092491 0.095711 0.099023 0.102432 0.105940 0.109551 0.113268 0.117093 0.121030 0.125081 0.129251 0.133541 0.137954 0.142494 0.147163 0.151963 0.156899 0.161971 0.167184
0.020087 0.022123 0.024201 0.026245 0.028256 0.030245 0.032220 0.034189 0.036159 0.038135 0.040122 0.042124 0.044145 0.046189 0.048260 0.050362 0.052498 0.054673 0.056889 0.059150 0.061460 0.063822 0.066240 0.068717 0.071256 0.073862 0.076536 0.079283 0.082106 0.085008 0.087993 0.091063 0.094223 0.097475 0.100824 0.104271 0.107820 0.111475 0.115239 0.119115 0.123106 0.127214 0.131444 0.135799 0.140280 0.144892 0.149636 0.154516 0.159535 0.164695
0.018938 0.021466 0.023695 0.025798 0.027839 0.029846 0.031832 0.033809 0.035781 0.037756 0.039737 0.041730 0.043738 0.045767 0.047819 0.049900 0.052012 0.054159 0.056346 0.058576 0.060852 0.063178 0.065557 0.067995 0.070492 0.073055 0.075685 0.078386 0.081162 0.084017 0.086953 0.089975 0.093086 0.096289 0.099588 0.102986 0.106486 0.110093 0.113808 0.117636 0.121580 0.125644 0.129829 0.134140 0.138579 0.143149 0.147854 0.152697 0.157680 0.162805
0.020015 0.021832 0.023780 0.025763 0.027751 0.029732 0.031705 0.033673 0.035639 0.037606 0.039578 0.041560 0.043556 0.045569 0.047604 0.049664 0.051754 0.053877 0.056037 0.058239 0.060485 0.062779 0.065126 0.067528 0.069991 0.072516 0.075109 0.077772 0.080510 0.083326 0.086224 0.089207 0.092280 0.095444 0.098706 0.102067 0.105531 0.109102 0.112784 0.116579 0.120492 0.124525 0.128681 0.132965 0.137379 0.141926 0.146609 0.151432 0.156397 0.161506
0.020185 0.021987 0.023911 0.025872 0.027843 0.029813 0.031778 0.033740 0.035698 0.037657 0.039620 0.041591 0.043573 0.045571 0.047589 0.049631 0.051700 0.053801 0.055938 0.058114 0.060334 0.062601 0.064919 0.067293 0.069726 0.072222 0.074785 0.077419 0.080127 0.082914 0.085783 0.088739 0.091784 0.094923 0.098160 0.101497 0.104940 0.108491 0.112153 0.115932 0.119829 0.123848 0.127993 0.132268 0.136674 0.141215 0.145895 0.150716 0.155682 0.160794
0.019370 0.021751 0.023898 0.025962 0.027985 0.029984 0.031965 0.033934 0.035895 0.037852 0.039810 0.041773 0.043746 0.045732 0.047735 0.049761 0.051813 0.053896 0.056013 0.058169 0.060367 0.062612 0.064909 0.067261 0.069672 0.072147 0.074689 0.077302 0.079992 0.082761 0.085613 0.088553 0.091585 0.094712 0.097938 0.101267 0.104703 0.108249 0.111910 0.115688 0.119586 0.123610 0.127761 0.132044 0.136461 0.141016 0.145711 0.150549 0.155534 0.160669
0.019669 0.021807 0.023966 0.026087 0.028163 0.030201 0.032210 0.034197 0.036169 0.038132 0.040092 0.042054 0.044022 0.046002 0.047997 0.050012 0.052053 0.054123 0.056226 0.058368 0.060552 0.062783 0.065066 0.067405 0.069804 0.072267 0.074800 0.077405 0.080087 0.082851 0.085701 0.088640 0.091673 0.094803 0.098035 0.101372 0.104818 0.108377 0.112052 0.115847 0.119766 0.123812 0.127988 0.132298 0.136744 0.141330 0.146059 0.150934 0.155957 0.161131
0.019689 0.021897 0.024105 0.026266 0.028377 0.030445 0.032479 0.034487 0.036476 0.038453 0.040422 0.042390 0.044361 0.046341 0.048335 0.050348 0.052384 0.054449 0.056547 0.058684 0.060863 0.063090 0.065370 0.067707 0.070105 0.072570 0.075106 0.077717 0.080407 0.083181 0.086043 0.088997 0.092048 0.095198 0.098452 0.101815 0.105289 0.108878 0.112587 0.116418 0.120375 0.124461 0.128680 0.133035 0.137529 0.142165 0.146946 0.151875 0.156954 0.162186
0.019334 0.021963 0.024275 0.026469 0.028602 0.030693 0.032751 0.034783 0.036794 0.038789 0.040775 0.042756 0.044739 0.046727 0.048728 0.050746 0.052787 0.054856 0.056959 0.059100 0.061286 0.063521 0.065811 0.068159 0.070571 0.073053 0.075607 0.078239 0.080953 0.083754 0.086646 0.089632 0.092717 0.095905 0.099200 0.102606 0.106126 0.109764 0.113524 0.117409 0.121423 0.125568 0.129848 0.134266 0.138826 0.143530 0.148380 0.153380 0.158531 0.163837
0.020505 0.022357 0.024481 0.026648 0.028799 0.030922 0.033015 0.035079 0.037120 0.039141 0.041150 0.043151 0.045150 0.047154 0.049169 0.051200 0.053255 0.055339 0.057457 0.059616 0.061821 0.064078 0.066391 0.068766 0.071208 0.073722 0.076311 0.078982 0.081737 0.084582 0.087520 0.090557 0.093695 0.096939 0.100293 0.103760 0.107344 0.111049 0.114878 0.118835 0.122922 0.127143 0.131502 0.136001 0.140642 0.145430 0.150365 0.155452 0.160691 0.166086
0.019376 0.022052 0.024440 0.026731 0.028964 0.031148 0.033291 0.035398 0.037474 0.039525 0.041560 0.043584 0.045605 0.047630 0.049665 0.051718 0.053796 0.055905 0.058051 0.060241 0.062479 0.064772 0.067125 0.069544 0.072031 0.074594 0.077236 0.079962 0.082776 0.085683 0.088686 0.091790 0.094999 0.098317 0.101747 0.105293 0.108958 0.112747 0.116662 0.120707 0.124885 0.129199 0.133652 0.138247 0.142986 0.147872 0.152908 0.158095 0.163436 0.168933
0.019793 0.022080 0.024500 0.026880 0.029192 0.031439 0.033630 0.035776 0.037884 0.039964 0.042023 0.044072 0.046117 0.048167 0.050230 0.052313 0.054425 0.056571 0.058759 0.060993 0.063281 0.065626 0.068035 0.070513 0.073064 0.075693 0.078404 0.081203 0.084093 0.087079 0.090165 0.093354 0.096650 0.100058 0.103581 0.107223 0.110986 0.114875 0.118893 0.123042 0.127326 0.131748 0.136310 0.141015 0.145866 0.150865 0.156014 0.161314 0.166769 0.172380
0.019122 0.022115 0.024742 0.027203 0.029560 0.031840 0.034059 0.036229 0.038360 0.040462 0.042545 0.044618 0.046691 0.048774 0.050875 0.053001 0.055160 0.057359 0.059603 0.061899 0.064251 0.066666 0.069148 0.071702 0.074333 0.077045 0.079843 0.082732 0.085715 0.088797 0.091981 0.095272 0.098673 0.102187 0.105819 0.109572 0.113449 0.117453 0.121588 0.125857 0.130261 0.134805 0.139490 0.144319 0.149294 0.154417 0.159691 0.165116 0.170695 0.176429
0.020373 0.022816 0.025277 0.027685 0.030030 0.032315 0.034546 0.036732 0.038882 0.041006 0.043115 0.045221 0.047334 0.049463 0.051617 0.053803 0.056027 0.058296 0.060615 0.062989 0.065424 0.067926 0.070498 0.073145 0.075873 0.078686 0.081588 0.084583 0.087676 0.090870 0.094169 0.097577 0.101098 0.104735 0.108491 0.112370 0.116375 0.120509 0.124776 0.129177 0.133715 0.138393 0.143212 0.148176 0.153285 0.158542 0.163949 0.169507 0.175217 0.181081
0.020750 0.023225 0.025675 0.028091 0.030456 0.032766 0.035024 0.037237 0.039416 0.041575 0.043728 0.045886 0.048060 0.050258 0.052488 0.054755 0.057064 0.059423 0.061835 0.064307 0.066843 0.069448 0.072128 0.074886 0.077729 0.080659 0.083681 0.086799 0.090017 0.093340 0.096770 0.100311 0.103967 0.107740 0.111634 0.115652 0.119799 0.124075 0.128484 0.133027 0.137708 0.142528 0.147490 0.152594 0.157843 0.163239 0.168783 0.174476 0.180319 0.186315
0.020438 0.023109 0.025758 0.028312 0.030773 0.033152 0.035465 0.037727 0.039958 0.042181 0.044407 0.046647 0.048911 0.051204 0.053532 0.055901 0.058316 0.060783 0.063307 0.065894 0.068548 0.071275 0.074080 0.076966 0.079939 0.083003 0.086161 0.089418 0.092777 0.096242 0.099817 0.103504 0.107306 0.111228 0.115270 0.119437 0.123731 0.128154 0.132709 0.137398 0.142223 0.147185 0.152287 0.157530 0.162915 0.168444 0.174119 0.179940 0.185908 0.192025
0.019459 0.022883 0.025816 0.028521 0.031082 0.033538 0.035915 0.038243 0.040559 0.042879 0.045208 0.047555 0.049926 0.052329 0.054770 0.057255 0.059791 0.062382 0.065033 0.067751 0.070540 0.073405 0.076350 0.079380 0.082498 0.085710 0.089017 0.092425 0.095936 0.099554 0.103282 0.107122 0.111078 0.115152 0.119347 0.123665 0.128109 0.132679 0.137380 0.142212 0.147176 0.152276 0.157512 0.162886 0.168398 0.174051 0.179846 0.185782 0.191862 0.198087
0.020893 0.023476 0.026235 0.028924 0.031512 0.034009 0.036440 0.038857 0.041272 0.043695 0.046134 0.048595 0.051086 0.053613 0.056183 0.058801 0.061473 0.064205 0.067001 0.069866 0.072806 0.075823 0.078923 0.082110 0.085387 0.088757 0.092224 0.095792 0.099462 0.103239 0.107124 0.111121 0.115232 0.119458 0.123803 0.128268 0.132856 0.137567 0.142405 0.147370 0.152464 0.157688 0.163044 0.168534 0.174157 0.179916 0.185812 0.191845 0.198016 0.204327
0.020650 0.023927 0.026767 0.029453 0.032047 0.034573 0.037070 0.039574 0.042090 0.044623 0.047180 0.049767 0.052390 0.055056 0.057769 0.060535 0.063360 0.066248 0.069204 0.072231 0.075334 0.078517 0.081784 0.085136 0.088579 0.092114 0.095746 0.099475 0.103306 0.107240 0.111280 0.115427 0.119685 0.124055 0.128539 0.133138 0.137855 0.142691 0.147647 0.152726 0.157928 0.163255 0.168707 0.174288 0.179997 0.185835 0.191805 0.197906 0.204140 0.210508
0.022258 0.024627 0.027289 0.029966 0.032597 0.035181 0.037767 0.040372 0.043000 0.045655 0.048343 0.051069 0.053838 0.056656 0.059527 0.062456 0.065447 0.068503 0.071630 0.074829 0.078104 0.081458 0.084894 0.088415 0.092023 0.095721 0.099511 0.103395 0.107376 0.111456 0.115636 0.119918 0.124305 0.128797 0.133397 0.138106 0.142926 0.147859 0.152905 0.158066 0.163344 0.168740 0.174256 0.179893 0.185652 0.191534 0.197541 0.203675 0.209935 0.216323
0.021095 0.024511 0.027525 0.030368 0.033114 0.035805 0.038507 0.041233 0.043990 0.046782 0.049615 0.052493 0.055422 0.058405 0.061445 0.064546 0.067711 0.070942 0.074242 0.077613 0.081058 0.084579 0.088178 0.091857 0.095619 0.099464 0.103395 0.107415 0.111523 0.115723 0.120016 0.124404 0.128888 0.133469 0.138150 0.142932 0.147817 0.152806 0.157901 0.163103 0.168415 0.173838 0.179373 0.185023 0.190789 0.196672 0.202674 0.208796 0.215041 0.221408
0.021866 0.024897 0.027900 0.030818 0.033660 0.036463 0.039289 0.042147 0.045044 0.047985 0.050975 0.054016 0.057113 0.060268 0.063481 0.066755 0.070091 0.073492 0.076957 0.080488 0.084088 0.087758 0.091498 0.095312 0.099199 0.103163 0.107203 0.111323 0.115522 0.119804 0.124169 0.128618 0.133154 0.137779 0.142493 0.147299 0.152199 0.157195 0.162289 0.167483 0.172778 0.178178 0.183684 0.189299 0.195023 0.200860 0.206810 0.212876 0.219060 0.225361
0.022248 0.025323 0.028348 0.031319 0.034237 0.037144 0.040090 0.043082 0.046125 0.049220 0.052372 0.055579 0.058844 0.062165 0.065543 0.068977 0.072467 0.076015 0.079620 0.083283 0.087006 0.090790 0.094634 0.098542 0.102513 0.106550 0.110653 0.114824 0.119064 0.123374 0.127757 0.132213 0.136746 0.141357 0.146048 0.150822 0.155682 0.160629 0.165668 0.170799 0.176027 0.181353 0.186780 0.192311 0.197947 0.203692 0.209546 0.215513 0.221593 0.227789
0.022388 0.025614 0.028731 0.031773 0.034767 0.037775 0.040840 0.043966 0.047155 0.050404 0.053711 0.057074 0.060490 0.063955 0.067468 0.071029 0.074637 0.078291 0.081993 0.085742 0.089539 0.093386 0.097283 0.101230 0.105229 0.109281 0.113388 0.117549 0.121768 0.126045 0.130383 0.134785 0.139253 0.143790 0.148399 0.153084 0.157848 0.162694 0.167625 0.172646 0.177759 0.182966 0.188272 0.193678 0.199188 0.204803 0.210525 0.216357 0.222301 0.228357
0.022686 0.025898 0.029013 0.032090 0.035151 0.038259 0.041445 0.044705 0.048033 0.051419 0.054858 0.058343 0.061867 0.065430 0.069028 0.072661 0.076330 0.080033 0.083772 0.087546 0.091357 0.095204 0.099089 0.103011 0.106973 0.110975 0.115018 0.119104 0.123235 0.127415 0.131646 0.135932 0.140277 0.144685 0.149161 0.153708 0.158332 0.163035 0.167822 0.172696 0.177660 0.182719 0.187875 0.193130 0.198488 0.203949 0.209517 0.215192 0.220977 0.226873
0.023026 0.025965 0.029046 0.032166 0.035307 0.038524 0.041831 0.045210 0.048645 0.052125 0.055640 0.059182 0.062749 0.066340 0.069954 0.073592 0.077253 0.080938 0.084647 0.088379 0.092135 0.095915 0.099720 0.103550 0.107407 0.111291 0.115205 0.119152 0.123136 0.127160 0.131231 0.135354 0.139534 0.143777 0.148087 0.152470 0.156928 0.161468 0.166093 0.170806 0.175611 0.180511 0.185508 0.190605 0.195803 0.201104 0.206509 0.212021 0.217640 0.223367
0.022094 0.025514 0.028775 0.032000 0.035240 0.038562 0.041961 0.045403 0.048874 0.052368 0.055875 0.059394 0.062927 0.066474 0.070036 0.073610 0.077198 0.080799 0.084412 0.088037 0.091674 0.095323 0.098985 0.102660 0.106350 0.110058 0.113788 0.117547 0.121340 0.125174 0.129057 0.132996 0.136997 0.141066 0.145206 0.149423 0.153721 0.158103 0.162574 0.167136 0.171791 0.176543 0.181391 0.186339 0.191386 0.196535 0.201786 0.207140 0.212599 0.218163
0.022288 0.025335 0.028510 0.031748 0.035039 0.038412 0.041809 0.045212 0.048628 0.052055 0.055492 0.058935 0.062383 0.065836 0.069292 0.072752 0.076213 0.079676 0.083140 0.086605 0.090069 0.093533 0.096999 0.100469 0.103947 0.107440 0.110958 0.114508 0.118099 0.121743 0.125447 0.129218 0.133061 0.136979 0.140975 0.145052 0.149216 0.153471 0.157816 0.162254 0.166786 0.171413 0.176135 0.180954 0.185871 0.190886 0.196000 0.201215 0.206530 0.211946
0.021946 0.025044 0.028219 0.031463 0.034765 0.038081 0.041404 0.044730 0.048056 0.051383 0.054710 0.058034 0.061355 0.064670 0.067979 0.071280 0.074574 0.077857 0.081130 0.084392 0.087642 0.090883 0.094119 0.097357 0.100608 0.103884 0.107200 0.110564 0.113988 0.117484 0.121055 0.124705 0.128434 0.132243 0.136135 0.140112 0.144181 0.148341 0.152590 0.156931 0.161362 0.165886 0.170503 0.175214 0.180019 0.184919 0.189915 0.195008 0.200198 0.205486
0.021559 0.024762 0.027956 0.031199 0.034439 0.037663 0.040880 0.044090 0.047292 0.050486 0.053669 0.056840 0.059999 0.063144 0.066272 0.069384 0.072476 0.075548 0.078599 0.081629 0.084639 0.087638 0.090637 0.093654 0.096704 0.099810 0.102979 0.106217 0.109539 0.112946 0.116434 0.120002 0.123652 0.127384 0.131198 0.135096 0.139080 0.143152 0.147312 0.151562 0.155901 0.160332 0.164853 0.169467 0.174173 0.178973 0.183866 0.188854 0.193937 0.199115
0.021888 0.024751 0.027834 0.030999 0.034114 0.037206 0.040283 0.043346 0.046395 0.049427 0.052442 0.055437 0.058411 0.061362 0.064288 0.067186 0.070057 0.072897 0.075706 0.078489 0.081257 0.084028 0.086831 0.089685 0.092612 0.095623 0.098709 0.101871 0.105108 0.108427 0.111827 0.115309 0.118873 0.122521 0.126252 0.130067 0.133967 0.137954 0.142028 0.146191 0.150443 0.154785 0.159217 0.163741 0.168356 0.173063 0.177864 0.182758 0.187745 0.192827
0.021495 0.024721 0.027751 0.030779 0.033731 0.036662 0.039578 0.042478 0.045359 0.048217 0.051051 0.053858 0.056636 0.059382 0.062094 0.064770 0.067408 0.070007 0.072573 0.075123 0.077689 0.080303 0.082998 0.085768 0.088609 0.091526 0.094522 0.097595 0.100746 0.103976 0.107288 0.110682 0.114158 0.117718 0.121363 0.125093 0.128908 0.132810 0.136800 0.140878 0.145044 0.149301 0.153648 0.158086 0.162615 0.167237 0.171951 0.176758 0.181658 0.186653
0.022602 0.024859 0.027532 0.030358 0.033146 0.035926 0.038690 0.041433 0.044150 0.046838 0.049493 0.052113 0.054695 0.057236 0.059735 0.062189 0.064596 0.066964 0.069318 0.071700 0.074161 0.076692 0.079294 0.081972 0.084724 0.087552 0.090457 0.093440 0.096503 0.099646 0.102869 0.106175 0.109565 0.113038 0.116596 0.120241 0.123971 0.127789 0.131695 0.135689 0.139773 0.143947 0.148212 0.152568 0.157016 0.161556 0.166189 0.170915 0.175734 0.180648
0.021268 0.023985 0.026760 0.029557 0.032264 0.034938 0.037579 0.040185 0.042754 0.045284 0.047771 0.050213 0.052609 0.054955 0.057250 0.059492 0.061687 0.063867 0.066097 0.068400 0.070773 0.073217 0.075734 0.078325 0.080991 0.083733 0.086552 0.089449 0.092426 0.095484 0.098623 0.101844 0.105149 0.108539 0.112014 0.115575 0.119223 0.122959 0.126784 0.130698 0.134702 0.138797 0.142983 0.147261 0.151631 0.156095 0.160651 0.165302 0.170046 0.174885
0.019884 0.022928 0.025770 0.028537 0.031174 0.033755 0.036286 0.038768 0.041201 0.043585 0.045916 0.048194 0.050418 0.052584 0.054691 0.056743 0.058774 0.060864 0.063021 0.065247 0.067542 0.069909 0.072347 0.074859 0.077446 0.080108 0.082848 0.085666 0.088563 0.091542 0.094601 0.097744 0.100970 0.104281 0.107678 0.111161 0.114732 0.118391 0.122140 0.125978 0.129907 0.133928 0.138040 0.142245 0.146544 0.150935 0.155421 0.160001 0.164677 0.169447
0.020322 0.022414 0.024921 0.027515 0.030028 0.032492 0.034903 0.037259 0.039559 0.041803 0.043990 0.046117 0.048184 0.050188 0.052129 0.054037 0.055999 0.058025 0.060117 0.062276 0.064504 0.066802 0.069172 0.071615 0.074132 0.076724 0.079394 0.082141 0.084967 0.087874 0.090863 0.093934 0.097089 0.100329 0.103655 0.107068 0.110569 0.114158 0.117837 0.121607 0.125467 0.129420 0.133465 0.137604 0.141836 0.146163 0.150584 0.155101 0.159713 0.164421
0.018863 0.021475 0.024010 0.026504 0.028893 0.031228 0.033508 0.035734 0.037903 0.040016 0.042069 0.044061 0.045991 0.047854 0.049664 0.051512 0.053421 0.055394 0.057432 0.059536 0.061708 0.063950 0.066262 0.068646 0.071104 0.073637 0.076246 0.078933 0.081698 0.084544 0.087471 0.090480 0.093574 0.096752 0.100016 0.103367 0.106806 0.110334 0.113952 0.117661 0.121461 0.125354 0.129340 0.133420 0.137594 0.141863 0.146227 0.150687 0.155244 0.159897
0.018421 0.020819 0.023203 0.025548 0.027797 0.029997 0.032149 0.034252 0.036303 0.038299 0.040238 0.042117 0.043933 0.045683 0.047430 0.049237 0.051105 0.053036 0.055030 0.057091 0.059218 0.061414 0.063680 0.066017 0.068427 0.070911 0.073471 0.076108 0.078823 0.081618 0.084494 0.087452 0.090494 0.093621 0.096833 0.100132 0.103519 0.106996 0.110562 0.114219 0.117969 0.121810 0.125746 0.129775 0.133900 0.138119 0.142435 0.146848 0.151357 0.155964
0.018447 0.020335 0.022443 0.024609 0.026726 0.028812 0.030862 0.032868 0.034827 0.036736 0.038589 0.040382 0.042113 0.043791 0.045509 0.047286 0.049124 0.051023 0.052985 0.055012 0.057105 0.059266 0.061496 0.063797 0.066169 0.068616 0.071138 0.073736 0.076411 0.079167 0.082002 0.084920 0.087921 0.091006 0.094177 0.097435 0.100781 0.104216 0.107741 0.111357 0.115064 0.118865 0.122760 0.126749 0.130833 0.135013 0.139289 0.143663 0.148133 0.152702
0.017419 0.019446 0.021523 0.023629 0.025687 0.027716 0.029709 0.031661 0.033566 0.035421 0.037220 0.038960 0.040636 0.042282 0.043980 0.045737 0.047553 0.049429 0.051369 0.053372 0.055441 0.057577 0.059781 0.062055 0.064401 0.066821 0.069314 0.071884 0.074531 0.077257 0.080063 0.082951 0.085921 0.088976 0.092116 0.095343 0.098658 0.102062 0.105556 0.109141 0.112817 0.116587 0.120451 0.124409 0.128463 0.132613 0.136860 0.141203 0.145645 0.150185
0.016499 0.018552 0.020641 0.022752 0.024812 0.026834 0.028813 0.030747 0.032631 0.034462 0.036236 0.037948 0.039596 0.041227 0.042914 0.044658 0.046460 0.048323 0.050248 0.052237 0.054290 0.056410 0.058598 0.060855 0.063184 0.065585 0.068061 0.070612 0.073240 0.075947 0.078733 0.081601 0.084552 0.087587 0.090707 0.093914 0.097208 0.100591 0.104064 0.107628 0.111285 0.115034 0.118877 0.122815 0.126848 0.130978 0.135205 0.139529 0.143951 0.148471
0.015983 0.018012 0.020099 0.022224 0.024302 0.026334 0.028318 0.030251 0.032131 0.033956 0.035721 0.037423 0.039060 0.040685 0.042366 0.044104 0.045900 0.047756 0.049674 0.051655 0.053701 0.055813 0.057993 0.060242 0.062562 0.064955 0.067422 0.069964 0.072583 0.075280 0.078057 0.080915 0.083856 0.086881 0.089991 0.093187 0.096471 0.099844 0.103307 0.106861 0.110507 0.114246 0.118079 0.122007 0.126030 0.130149 0.134366 0.138680 0.143093 0.147603
