0.033990 0.032640 0.030924 0.028954 0.026771 0.024386 0.021796 0.018996 0.015988 0.012784 0.009411 0.005911 0.002353 0.000001 0.000001 0.000001 0.000001 0.000001 0.000001 0.000001 0.000001 0.000001 0.000001 0.000001 0.000001 0.000001 0.000001 0.000001 0.000001 0.000001 0.000001 0.000001 0.000001 0.000001 0.000001 0.000001 0.000001 0.000001 0.000001 0.000001 0.000001 0.000001 0.000001 0.000001 0.000001 0.000001 0.000001 0.000001 0.000001 0.000001
0.035646 0.033393 0.031190 0.028903 0.026459 0.023821 0.020970 0.017908 0.014659 0.011269 0.007801 0.004337 0.001063 0.000001 0.000001 0.000001 0.000001 0.000001 0.000001 0.000001 0.000001 0.000001 0.000001 0.000001 0.000001 0.000001 0.000001 0.000001 0.000001 0.000001 0.000001 0.000001 0.000001 0.000001 0.000001 0.000001 0.000001 0.000001 0.000001 0.000001 0.000001 0.000001 0.000001 0.000001 0.000001 0.000001 0.000001 0.000001 0.000001 0.000001
0.035963 0.033416 0.030887 0.028198 0.025286 0.022131 0.018741 0.015174 0.011541 0.007951 0.004562 0.001574 0.000001 0.000001 0.000001 0.000001 0.000001 0.000001 0.000001 0.000001 0.000001 0.000001 0.000001 0.000001 0.000001 0.000001 0.000001 0.000001 0.000001 0.000001 0.000001 0.000001 0.000001 0.000001 0.000001 0.000001 0.000001 0.000001 0.000001 0.000001 0.000001 0.000001 0.000001 0.000001 0.000001 0.000001 0.000001 0.000001 0.000001 0.000001
0.034725 0.032491 0.029567 0.026202 0.022476 0.018445 0.014247 0.010126 0.006332 0.003116 0.000645 0.000001 0.000001 0.000001 0.000001 0.000001 0.000001 0.000001 0.000001 0.000001 0.000001 0.000001 0.000001 0.000001 0.000001 0.000001 0.000001 0.000001 0.000001 0.000001 0.000001 0.000001 0.000001 0.000001 0.000001 0.000001 0.000001 0.000001 0.000001 0.000001 0.000001 0.000001 0.000001 0.000001 0.000001 0.000001 0.000001 0.000001 0.000001 0.000001
0.035530 0.031560 0.027224 0.022476 0.017364 0.012098 0.007185 0.003357 0.000500 0.000001 0.000001 0.000001 0.000001 0.000001 0.000001 0.000001 0.000001 0.000001 0.000001 0.000001 0.000001 0.000001 0.000001 0.000001 0.000001 0.000001 0.000001 0.000001 0.000001 0.000001 0.000001 0.000001 0.000001 0.000001 0.000001 0.000001 0.000001 0.000001 0.000001 0.000001 0.000001 0.000001 0.000001 0.000001 0.000001 0.000001 0.000001 0.000001 0.000001 0.000001
0.036335 0.030248 0.023734 0.016906 0.009937 0.003954 0.000001 0.000001 0.000001 0.000001 0.000001 0.000001 0.000001 0.000001 0.000001 0.000001 0.000001 0.000001 0.000001 0.000001 0.000001 0.000001 0.000001 0.000001 0.000001 0.000001 0.000001 0.000001 0.000001 0.000001 0.000001 0.000001 0.000001 0.000001 0.000001 0.000001 0.000001 0.000001 0.000001 0.000001 0.000001 0.000001 0.000001 0.000001 0.000001 0.000001 0.000001 0.000001 0.000001 0.000001
0.037659 0.028344 0.019118 0.009801 0.001722 0.000001 0.000001 0.000001 0.000001 0.000001 0.000001 0.000001 0.000001 0.000001 0.000001 0.000001 0.000001 0.000001 0.000001 0.000001 0.000001 0.000001 0.000001 0.000001 0.000001 0.000001 0.000001 0.000001 0.000001 0.000001 0.000001 0.000001 0.000001 0.000001 0.000001 0.000001 0.000001 0.000001 0.000001 0.000001 0.000001 0.000001 0.000001 0.000001 0.000001 0.000001 0.000001 0.000001 0.000001 0.000001
0.036795 0.025344 0.013582 0.002177 0.000001 0.000001 0.000001 0.000001 0.000001 0.000001 0.000001 0.000001 0.000001 0.000001 0.000001 0.000001 0.000001 0.000001 0.000001 0.000001 0.000001 0.000001 0.000001 0.000001 0.000001 0.000001 0.000001 0.000001 0.000001 0.000001 0.000001 0.000001 0.000001 0.000001 0.000001 0.000001 0.000001 0.000001 0.000001 0.000001 0.000001 0.000001 0.000001 0.000001 0.000001 0.000001 0.000001 0.000001 0.000001 0.000001
0.036797 0.022438 0.007895 0.000001 0.000001 0.000001 0.000001 0.000001 0.000001 0.000001 0.000001 0.000001 0.000001 0.000001 0.000001 0.000001 0.000001 0.000001 0.000001 0.000001 0.000001 0.000001 0.000001 0.000001 0.000001 0.000001 0.000001 0.000001 0.000001 0.000001 0.000001 0.000001 0.000001 0.000001 0.000001 0.000001 0.000001 0.000001 0.000001 0.000001 0.000001 0.000001 0.000001 0.000001 0.000001 0.000001 0.000001 0.000001 0.000001 0.000001
0.037634 0.020057 0.002615 0.000001 0.000001 0.000001 0.000001 0.000001 0.000001 0.000001 0.000001 0.000001 0.000001 0.000001 0.000001 0.000001 0.000001 0.000001 0.000001 0.000001 0.000001 0.000001 0.000001 0.000001 0.000001 0.000001 0.000001 0.000001 0.000001 0.000001 0.000001 0.000001 0.000001 0.000001 0.000001 0.000001 0.000001 0.000001 0.000001 0.000001 0.000001 0.000001 0.000001 0.000001 0.000001 0.000001 0.000001 0.000001 0.000001 0.000001
0.037875 0.017577 0.000001 0.000001 0.000001 0.000001 0.000001 0.000001 0.000001 0.000001 0.000001 0.000001 0.000001 0.000001 0.000001 0.000001 0.000001 0.000001 0.000001 0.000001 0.000001 0.000001 0.000001 0.000001 0.000001 0.000001 0.000001 0.000001 0.000001 0.000001 0.000001 0.000001 0.000001 0.000001 0.000001 0.000001 0.000001 0.000001 0.000001 0.000001 0.000001 0.000001 0.000001 0.000001 0.000001 0.000001 0.000001 0.000001 0.000001 0.000001
0.036451 0.015163 0.000001 0.000001 0.000001 0.000001 0.000001 0.000001 0.000001 0.000001 0.000001 0.000001 0.000001 0.000001 0.000001 0.000001 0.000001 0.000001 0.000001 0.000001 0.000001 0.000001 0.000001 0.000001 0.000001 0.000001 0.000001 0.000001 0.000001 0.000001 0.000001 0.000001 0.000001 0.000001 0.000001 0.000001 0.000001 0.000001 0.000001 0.000001 0.000001 0.000001 0.000001 0.000001 0.000001 0.000001 0.000001 0.000001 0.000001 0.000001
0.037196 0.014080 0.000001 0.000001 0.000001 0.000001 0.000001 0.000001 0.000001 0.000001 0.000001 0.000001 0.000001 0.000001 0.000001 0.000001 0.000001 0.000001 0.000001 0.000001 0.000001 0.000001 0.000001 0.000001 0.000001 0.000001 0.000001 0.000001 0.000001 0.000001 0.000001 0.000001 0.000001 0.000001 0.000001 0.000001 0.000001 0.000001 0.000001 0.000001 0.000001 0.000001 0.000001 0.000001 0.000001 0.000001 0.000001 0.000001 0.000001 0.000001
0.038078 0.013947 0.000001 0.000001 0.000001 0.000001 0.000001 0.000001 0.000001 0.000001 0.000001 0.000001 0.000001 0.000001 0.000001 0.000001 0.000001 0.000001 0.000001 0.000001 0.000001 0.000001 0.000001 0.000001 0.000001 0.000001 0.000001 0.000001 0.000001 0.000001 0.000001 0.000001 0.000001 0.000001 0.000001 0.000001 0.000001 0.000001 0.000001 0.000001 0.000001 0.000001 0.000001 0.000001 0.000001 0.000001 0.000001 0.000001 0.000001 0.000001
0.037445 0.014144 0.000001 0.000001 0.000001 0.000001 0.000001 0.000001 0.000001 0.000001 0.000001 0.000001 0.000001 0.000001 0.000001 0.000001 0.000001 0.000001 0.000001 0.000001 0.000001 0.000001 0.000001 0.000001 0.000001 0.000001 0.000001 0.000001 0.000001 0.000001 0.000001 0.000001 0.000001 0.000001 0.000001 0.000001 0.000001 0.000001 0.000001 0.000001 0.000001 0.000001 0.000001 0.000001 0.000001 0.000001 0.000001 0.000001 0.000001 0.000001
0.037348 0.015479 0.000001 0.000001 0.000001 0.000001 0.000001 0.000001 0.000001 0.000001 0.000001 0.000001 0.000001 0.000001 0.000001 0.000001 0.000001 0.000001 0.000001 0.000001 0.000001 0.000001 0.000001 0.000001 0.000001 0.000001 0.000001 0.000001 0.000001 0.000001 0.000001 0.000001 0.000001 0.000001 0.000001 0.000001 0.000001 0.000001 0.000001 0.000001 0.000001 0.000001 0.000001 0.000001 0.000001 0.000001 0.000001 0.000001 0.000001 0.000001
0.038234 0.018146 0.000001 0.000001 0.000001 0.000001 0.000001 0.000001 0.000001 0.000001 0.000001 0.000001 0.000001 0.000001 0.000001 0.000001 0.000001 0.000001 0.000001 0.000001 0.000001 0.000001 0.000001 0.000001 0.000001 0.000001 0.000001 0.000001 0.000001 0.000001 0.000001 0.000001 0.000001 0.000001 0.000001 0.000001 0.000001 0.000001 0.000001 0.000001 0.000001 0.000001 0.000001 0.000001 0.000001 0.000001 0.000001 0.000001 0.000001 0.000001
0.038145 0.021512 0.004625 0.000001 0.000001 0.000001 0.000001 0.000001 0.000001 0.000001 0.000001 0.000001 0.000001 0.000001 0.000001 0.000001 0.000001 0.000001 0.000001 0.000001 0.000001 0.000001 0.000001 0.000001 0.000001 0.000001 0.000001 0.000001 0.000001 0.000001 0.000001 0.000001 0.000001 0.000001 0.000001 0.000001 0.000001 0.000001 0.000001 0.000001 0.000001 0.000001 0.000001 0.000001 0.000001 0.000001 0.000001 0.000001 0.000001 0.000001
0.039780 0.025613 0.011501 0.000001 0.000001 0.000001 0.000001 0.000001 0.000001 0.000001 0.000001 0.000001 0.000001 0.000001 0.000001 0.000001 0.000001 0.000001 0.000001 0.000001 0.000001 0.000001 0.000001 0.000001 0.000001 0.000001 0.000001 0.000001 0.000001 0.000001 0.000001 0.000001 0.000001 0.000001 0.000001 0.000001 0.000001 0.000001 0.000001 0.000001 0.000001 0.000001 0.000001 0.000001 0.000001 0.000001 0.000001 0.000001 0.000001 0.000001
0.039921 0.029015 0.017976 0.006893 0.000001 0.000001 0.000001 0.000001 0.000001 0.000001 0.000001 0.000001 0.000001 0.000001 0.000001 0.000001 0.000001 0.000001 0.000001 0.000001 0.000001 0.000001 0.000001 0.000001 0.000001 0.000001 0.000001 0.000001 0.000001 0.000001 0.000001 0.000001 0.000001 0.000001 0.000001 0.000001 0.000001 0.000001 0.000001 0.000001 0.000001 0.000001 0.000001 0.000001 0.000001 0.000001 0.000001 0.000001 0.000001 0.000001
0.039362 0.031691 0.023576 0.015096 0.006745 0.000525 0.000001 0.000001 0.000001 0.000001 0.000001 0.000001 0.000001 0.000001 0.000001 0.000001 0.000001 0.000001 0.000001 0.000001 0.000001 0.000001 0.000001 0.000001 0.000001 0.000001 0.000001 0.000001 0.000001 0.000001 0.000001 0.000001 0.000001 0.000001 0.000001 0.000001 0.000001 0.000001 0.000001 0.000001 0.000001 0.000001 0.000001 0.000001 0.000001 0.000001 0.000001 0.000001 0.000001 0.000001
0.039480 0.034154 0.028271 0.021984 0.015385 0.008915 0.003658 0.000001 0.000001 0.000001 0.000001 0.000001 0.000001 0.000001 0.000001 0.000001 0.000001 0.000001 0.000001 0.000001 0.000001 0.000001 0.000001 0.000001 0.000001 0.000001 0.000001 0.000001 0.000001 0.000001 0.000001 0.000001 0.000001 0.000001 0.000001 0.000001 0.000001 0.000001 0.000001 0.000001 0.000001 0.000001 0.000001 0.000001 0.000001 0.000001 0.000001 0.000001 0.000001 0.000001
0.040730 0.036324 0.031892 0.027206 0.022228 0.017017 0.011824 0.007057 0.003288 0.000443 0.000001 0.000001 0.000001 0.000001 0.000001 0.000001 0.000001 0.000001 0.000001 0.000001 0.000001 0.000001 0.000001 0.000001 0.000001 0.000001 0.000001 0.000001 0.000001 0.000001 0.000001 0.000001 0.000001 0.000001 0.000001 0.000001 0.000001 0.000001 0.000001 0.000001 0.000001 0.000001 0.000001 0.000001 0.000001 0.000001 0.000001 0.000001 0.000001 0.000001
0.039903 0.037344 0.034183 0.030705 0.026959 0.022955 0.018739 0.014444 0.010275 0.006447 0.003214 0.000733 0.000001 0.000001 0.000001 0.000001 0.000001 0.000001 0.000001 0.000001 0.000001 0.000001 0.000001 0.000001 0.000001 0.000001 0.000001 0.000001 0.000001 0.000001 0.000001 0.000001 0.000001 0.000001 0.000001 0.000001 0.000001 0.000001 0.000001 0.000001 0.000001 0.000001 0.000001 0.000001 0.000001 0.000001 0.000001 0.000001 0.000001 0.000001
0.040798 0.038013 0.035460 0.032789 0.029912 0.026806 0.023472 0.019937 0.016268 0.012571 0.008950 0.005568 0.002594 0.000277 0.000001 0.000001 0.000001 0.000001 0.000001 0.000001 0.000001 0.000001 0.000001 0.000001 0.000001 0.000001 0.000001 0.000001 0.000001 0.000001 0.000001 0.000001 0.000001 0.000001 0.000001 0.000001 0.000001 0.000001 0.000001 0.000001 0.000001 0.000001 0.000001 0.000001 0.000001 0.000001 0.000001 0.000001 0.000001 0.000001
0.039051 0.037781 0.036020 0.033962 0.031667 0.029155 0.026435 0.023514 0.020412 0.017161 0.013810 0.010425 0.007084 0.003913 0.001192 0.000001 0.000001 0.000001 0.000001 0.000001 0.000001 0.000001 0.000001 0.000001 0.000001 0.000001 0.000001 0.000001 0.000001 0.000001 0.000001 0.000001 0.000001 0.000001 0.000001 0.000001 0.000001 0.000001 0.000001 0.000001 0.000001 0.000001 0.000001 0.000001 0.000001 0.000001 0.000001 0.000001 0.000001 0.000001
0.039532 0.038290 0.036678 0.034838 0.032818 0.030630 0.028278 0.025759 0.023076 0.020233 0.017247 0.014139 0.010944 0.007709 0.004511 0.001557 0.000001 0.000001 0.000001 0.000001 0.000001 0.000001 0.000001 0.000001 0.000001 0.000001 0.000001 0.000001 0.000001 0.000001 0.000001 0.000001 0.000001 0.000001 0.000001 0.000001 0.000001 0.000001 0.000001 0.000001 0.000001 0.000001 0.000001 0.000001 0.000001 0.000001 0.000001 0.000001 0.000001 0.000001
0.041593 0.039396 0.037493 0.035623 0.033693 0.031665 0.029518 0.027244 0.024834 0.022285 0.019598 0.016777 0.013832 0.010780 0.007647 0.004483 0.001467 0.000001 0.000001 0.000001 0.000001 0.000001 0.000001 0.000001 0.000001 0.000001 0.000001 0.000001 0.000001 0.000001 0.000001 0.000001 0.000001 0.000001 0.000001 0.000001 0.000001 0.000001 0.000001 0.000001 0.000001 0.000001 0.000001 0.000001 0.000001 0.000001 0.000001 0.000001 0.000001 0.000001
0.041280 0.039623 0.037929 0.036185 0.034367 0.032461 0.030455 0.028342 0.026115 0.023770 0.021302 0.018710 0.015994 0.013159 0.010210 0.007164 0.004054 0.001075 0.000001 0.000001 0.000001 0.000001 0.000001 0.000001 0.000001 0.000001 0.000001 0.000001 0.000001 0.000001 0.000001 0.000001 0.000001 0.000001 0.000001 0.000001 0.000001 0.000001 0.000001 0.000001 0.000001 0.000001 0.000001 0.000001 0.000001 0.000001 0.000001 0.000001 0.000001 0.000001
0.040427 0.039474 0.038138 0.036595 0.034917 0.033130 0.031244 0.029258 0.027170 0.024977 0.022674 0.020260 0.017732 0.015087 0.012328 0.009456 0.006480 0.003429 0.000563 0.000001 0.000001 0.000001 0.000001 0.000001 0.000001 0.000001 0.000001 0.000001 0.000001 0.000001 0.000001 0.000001 0.000001 0.000001 0.000001 0.000001 0.000001 0.000001 0.000001 0.000001 0.000001 0.000001 0.000001 0.000001 0.000001 0.000001 0.000001 0.000001 0.000001 0.000001
0.041401 0.040007 0.038560 0.037042 0.035441 0.033752 0.031972 0.030100 0.028133 0.026069 0.023905 0.021638 0.019266 0.016786 0.014196 0.011495 0.008684 0.005767 0.002778 0.000082 0.000001 0.000001 0.000001 0.000001 0.000001 0.000001 0.000001 0.000001 0.000001 0.000001 0.000001 0.000001 0.000001 0.000001 0.000001 0.000001 0.000001 0.000001 0.000001 0.000001 0.000001 0.000001 0.000001 0.000001 0.000001 0.000001 0.000001 0.000001 0.000001 0.000001
0.042033 0.040386 0.038918 0.037456 0.035942 0.034354 0.032683 0.030926 0.029078 0.027138 0.025104 0.022971 0.020740 0.018407 0.015969 0.013426 0.010776 0.008018 0.005156 0.002238 0.000001 0.000001 0.000001 0.000001 0.000001 0.000001 0.000001 0.000001 0.000001 0.000001 0.000001 0.000001 0.000001 0.000001 0.000001 0.000001 0.000001 0.000001 0.000001 0.000001 0.000001 0.000001 0.000001 0.000001 0.000001 0.000001 0.000001 0.000001 0.000001 0.000001
0.041127 0.040219 0.039067 0.037789 0.036417 0.034958 0.033412 0.031778 0.030056 0.028242 0.026336 0.024336 0.022241 0.020048 0.017756 0.015362 0.012866 0.010265 0.007559 0.004753 0.001920 0.000001 0.000001 0.000001 0.000001 0.000001 0.000001 0.000001 0.000001 0.000001 0.000001 0.000001 0.000001 0.000001 0.000001 0.000001 0.000001 0.000001 0.000001 0.000001 0.000001 0.000001 0.000001 0.000001 0.000001 0.000001 0.000001 0.000001 0.000001 0.000001
0.041094 0.040299 0.039294 0.038165 0.036935 0.035611 0.034198 0.032694 0.031101 0.029418 0.027644 0.025779 0.023821 0.021768 0.019620 0.017375 0.015030 0.012585 0.010038 0.007387 0.004642 0.001905 0.000001 0.000001 0.000001 0.000001 0.000001 0.000001 0.000001 0.000001 0.000001 0.000001 0.000001 0.000001 0.000001 0.000001 0.000001 0.000001 0.000001 0.000001 0.000001 0.000001 0.000001 0.000001 0.000001 0.000001 0.000001 0.000001 0.000001 0.000001
0.041929 0.040710 0.039697 0.038663 0.037555 0.036359 0.035074 0.033701 0.032240 0.030691 0.029054 0.027327 0.025511 0.023603 0.021602 0.019508 0.017317 0.015030 0.012644 0.010157 0.007570 0.004893 0.002235 0.000069 0.000001 0.000001 0.000001 0.000001 0.000001 0.000001 0.000001 0.000001 0.000001 0.000001 0.000001 0.000001 0.000001 0.000001 0.000001 0.000001 0.000001 0.000001 0.000001 0.000001 0.000001 0.000001 0.000001 0.000001 0.000001 0.000001
0.041187 0.040864 0.040152 0.039272 0.038285 0.037208 0.036048 0.034805 0.033479 0.032069 0.030575 0.028994 0.027326 0.025570 0.023724 0.021787 0.019757 0.017633 0.015414 0.013096 0.010680 0.008165 0.005566 0.002975 0.000770 0.000001 0.000001 0.000001 0.000001 0.000001 0.000001 0.000001 0.000001 0.000001 0.000001 0.000001 0.000001 0.000001 0.000001 0.000001 0.000001 0.000001 0.000001 0.000001 0.000001 0.000001 0.000001 0.000001 0.000001 0.000001
0.042408 0.041617 0.040821 0.039982 0.039085 0.038125 0.037094 0.035990 0.034809 0.033549 0.032208 0.030784 0.029276 0.027681 0.026000 0.024229 0.022369 0.020416 0.018371 0.016230 0.013994 0.011659 0.009228 0.006713 0.004187 0.001870 0.000056 0.000001 0.000001 0.000001 0.000001 0.000001 0.000001 0.000001 0.000001 0.000001 0.000001 0.000001 0.000001 0.000001 0.000001 0.000001 0.000001 0.000001 0.000001 0.000001 0.000001 0.000001 0.000001 0.000001
0.043059 0.042095 0.041334 0.040608 0.039855 0.039050 0.038180 0.037238 0.036223 0.035130 0.033957 0.032703 0.031367 0.029946 0.028440 0.026847 0.025166 0.023395 0.021532 0.019578 0.017529 0.015384 0.013143 0.010807 0.008385 0.005922 0.003536 0.001507 0.000001 0.000001 0.000001 0.000001 0.000001 0.000001 0.000001 0.000001 0.000001 0.000001 0.000001 0.000001 0.000001 0.000001 0.000001 0.000001 0.000001 0.000001 0.000001 0.000001 0.000001 0.000001
0.041814 0.041796 0.041511 0.041093 0.040581 0.039987 0.039314 0.038563 0.037734 0.036826 0.035838 0.034768 0.033617 0.032382 0.031062 0.029657 0.028164 0.026584 0.024914 0.023154 0.021301 0.019355 0.017315 0.015178 0.012947 0.010627 0.008247 0.005874 0.003612 0.001727 0.000201 0.000001 0.000001 0.000001 0.000001 0.000001 0.000001 0.000001 0.000001 0.000001 0.000001 0.000001 0.000001 0.000001 0.000001 0.000001 0.000001 0.000001 0.000001 0.000001
0.041845 0.041910 0.041863 0.041689 0.041406 0.041029 0.040564 0.040016 0.039386 0.038674 0.037881 0.037006 0.036048 0.035008 0.033884 0.032675 0.031381 0.030000 0.028531 0.026973 0.025325 0.023585 0.021753 0.019827 0.017806 0.015690 0.013484 0.011203 0.008882 0.006587 0.004406 0.002503 0.000978 0.000001 0.000001 0.000001 0.000001 0.000001 0.000001 0.000001 0.000001 0.000001 0.000001 0.000001 0.000001 0.000001 0.000001 0.000001 0.000001 0.000001
0.042279 0.042518 0.042583 0.042561 0.042458 0.042274 0.042007 0.041658 0.041227 0.040714 0.040120 0.039445 0.038687 0.037848 0.036926 0.035921 0.034831 0.033656 0.032395 0.031047 0.029610 0.028085 0.026468 0.024760 0.022959 0.021063 0.019074 0.016992 0.014827 0.012595 0.010333 0.008086 0.005940 0.003928 0.002279 0.000898 0.000001 0.000001 0.000001 0.000001 0.000001 0.000001 0.000001 0.000001 0.000001 0.000001 0.000001 0.000001 0.000001 0.000001
0.043570 0.043443 0.043561 0.043688 0.043759 0.043759 0.043681 0.043524 0.043288 0.042973 0.042578 0.042104 0.041550 0.040915 0.040200 0.039403 0.038523 0.037560 0.036513 0.035381 0.034163 0.032857 0.031463 0.029979 0.028405 0.026738 0.024979 0.023125 0.021179 0.019144 0.017030 0.014853 0.012641 0.010428 0.008269 0.006222 0.004299 0.002709 0.001365 0.000159 0.000001 0.000001 0.000001 0.000001 0.000001 0.000001 0.000001 0.000001 0.000001 0.000001
0.043192 0.044121 0.044653 0.045022 0.045289 0.045474 0.045582 0.045614 0.045570 0.045451 0.045256 0.044985 0.044636 0.044210 0.043705 0.043120 0.042456 0.041710 0.040883 0.039973 0.038978 0.037899 0.036733 0.035480 0.034139 0.032708 0.031186 0.029572 0.027865 0.026065 0.024174 0.022196 0.020140 0.018019 0.015853 0.013672 0.011499 0.009383 0.007373 0.005464 0.003767 0.002367 0.001129 0.000001 0.000001 0.000001 0.000001 0.000001 0.000001 0.000001
0.044944 0.045529 0.046092 0.046590 0.047019 0.047380 0.047672 0.047895 0.048047 0.048128 0.048137 0.048073 0.047934 0.047721 0.047432 0.047066 0.046622 0.046099 0.045497 0.044814 0.044049 0.043202 0.042271 0.041255 0.040152 0.038963 0.037684 0.036317 0.034858 0.033307 0.031664 0.029929 0.028104 0.026192 0.024200 0.022140 0.020025 0.017871 0.015707 0.013552 0.011427 0.009393 0.007461 0.005610 0.003993 0.002635 0.001419 0.000289 0.000001 0.000001
0.046494 0.046984 0.047613 0.048254 0.048860 0.049411 0.049902 0.050329 0.050689 0.050981 0.051204 0.051355 0.051435 0.051442 0.051375 0.051234 0.051017 0.050723 0.050352 0.049902 0.049372 0.048763 0.048071 0.047298 0.046440 0.045497 0.044469 0.043353 0.042149 0.040855 0.039470 0.037994 0.036426 0.034766 0.033015 0.031178 0.029259 0.027265 0.025207 0.023097 0.020948 0.018781 0.016619 0.014471 0.012361 0.010345 0.008421 0.006571 0.004874 0.003460
0.046734 0.047950 0.048977 0.049900 0.050749 0.051533 0.052252 0.052905 0.053490 0.054007 0.054455 0.054833 0.055140 0.055375 0.055538 0.055627 0.055643 0.055584 0.055449 0.055238 0.054950 0.054583 0.054137 0.053611 0.053004 0.052314 0.051540 0.050682 0.049737 0.048706 0.047586 0.046377 0.045077 0.043685 0.042202 0.040627 0.038962 0.037209 0.035370 0.033452 0.031461 0.029405 0.027296 0.025145 0.022963 0.020770 0.018584 0.016415 0.014273 0.012208
0.047647 0.049167 0.050453 0.051639 0.052749 0.053787 0.054754 0.055649 0.056473 0.057225 0.057908 0.058519 0.059060 0.059529 0.059927 0.060254 0.060508 0.060689 0.060796 0.060829 0.060787 0.060668 0.060473 0.060200 0.059847 0.059415 0.058901 0.058306 0.057626 0.056862 0.056013 0.055076 0.054051 0.052936 0.051732 0.050435 0.049047 0.047567 0.045996 0.044335 0.042587 0.040754 0.038841 0.036855 0.034801 0.032689 0.030528 0.028328 0.026100 0.023856
0.049768 0.050775 0.052169 0.053594 0.054963 0.056256 0.057469 0.058607 0.059669 0.060659 0.061578 0.062425 0.063203 0.063910 0.064547 0.065114 0.065611 0.066036 0.066390 0.066672 0.066880 0.067015 0.067075 0.067060 0.066968 0.066798 0.066549 0.066221 0.065812 0.065321 0.064746 0.064087 0.063342 0.062510 0.061589 0.060580 0.059480 0.058288 0.057004 0.055628 0.054160 0.052601 0.050951 0.049213 0.047391 0.045486 0.043505 0.041453 0.039336 0.037161
0.049508 0.052090 0.054087 0.055844 0.057468 0.058993 0.060434 0.061799 0.063090 0.064311 0.065462 0.066545 0.067559 0.068506 0.069385 0.070196 0.070938 0.071612 0.072217 0.072751 0.073215 0.073608 0.073928 0.074176 0.074349 0.074446 0.074468 0.074412 0.074278 0.074064 0.073769 0.073392 0.072932 0.072387 0.071756 0.071038 0.070232 0.069336 0.068349 0.067271 0.066100 0.064837 0.063480 0.062030 0.060487 0.058854 0.057131 0.055320 0.053425 0.051450
0.052678 0.054697 0.056635 0.058486 0.060263 0.061971 0.063613 0.065189 0.066700 0.068146 0.069527 0.070844 0.072097 0.073285 0.074408 0.075466 0.076459 0.077386 0.078245 0.079038 0.079762 0.080418 0.081004 0.081519 0.081962 0.082332 0.082629 0.082850 0.082996 0.083064 0.083054 0.082964 0.082793 0.082539 0.082202 0.081780 0.081272 0.080677 0.079993 0.079218 0.078353 0.077395 0.076345 0.075200 0.073961 0.072628 0.071200 0.069678 0.068063 0.066356
0.055977 0.057492 0.059318 0.061237 0.063161 0.065053 0.066898 0.068688 0.070422 0.072098 0.073714 0.075270 0.076766 0.078200 0.079574 0.080885 0.082133 0.083318 0.084439 0.085496 0.086486 0.087410 0.088267 0.089056 0.089774 0.090423 0.090999 0.091503 0.091934 0.092289 0.092567 0.092768 0.092891 0.092933 0.092894 0.092772 0.092566 0.092274 0.091896 0.091430 0.090875 0.090228 0.089491 0.088660 0.087735 0.086715 0.085600 0.084389 0.083081 0.081677
0.056859 0.059231 0.061529 0.063770 0.065957 0.068092 0.070175 0.072204 0.074178 0.076097 0.077960 0.079766 0.081515 0.083205 0.084837 0.086410 0.087922 0.089374 0.090763 0.092090 0.093354 0.094553 0.095687 0.096754 0.097754 0.098686 0.099548 0.100340 0.101059 0.101705 0.102278 0.102774 0.103194 0.103535 0.103797 0.103979 0.104078 0.104094 0.104025 0.103870 0.103627 0.103296 0.102874 0.102361 0.101755 0.101056 0.100261 0.099370 0.098382 0.097296
0.057563 0.060772 0.063555 0.066145 0.068628 0.071036 0.073384 0.075675 0.077911 0.080092 0.082218 0.084290 0.086305 0.088264 0.090166 0.092011 0.093796 0.095523 0.097189 0.098794 0.100338 0.101819 0.103236 0.104589 0.105876 0.107096 0.108248 0.109332 0.110345 0.111287 0.112157 0.112952 0.113673 0.114317 0.114884 0.115372 0.115779 0.116105 0.116348 0.116506 0.116579 0.116564 0.116461 0.116268 0.115984 0.115607 0.115136 0.114569 0.113907 0.113147
0.060331 0.062964 0.065722 0.068483 0.071209 0.073887 0.076512 0.079083 0.081600 0.084062 0.086470 0.088822 0.091118 0.093358 0.095542 0.097668 0.099736 0.101746 0.103697 0.105588 0.107418 0.109187 0.110894 0.112537 0.114116 0.115629 0.117076 0.118456 0.119767 0.121009 0.122180 0.123278 0.124303 0.125253 0.126127 0.126924 0.127643 0.128281 0.128837 0.129311 0.129701 0.130005 0.130221 0.130350 0.130388 0.130335 0.130189 0.129949 0.129614 0.129182
0.061808 0.064610 0.067610 0.070649 0.073669 0.076646 0.079573 0.082445 0.085261 0.088020 0.090722 0.093367 0.095956 0.098487 0.100961 0.103378 0.105736 0.108037 0.110278 0.112461 0.114583 0.116645 0.118645 0.120583 0.122458 0.124269 0.126015 0.127695 0.129308 0.130852 0.132327 0.133731 0.135063 0.136322 0.137506 0.138615 0.139646 0.140598 0.141471 0.142262 0.142970 0.143594 0.144132 0.144582 0.144944 0.145216 0.145396 0.145483 0.145475 0.145371
0.061525 0.065536 0.069175 0.072659 0.076050 0.079367 0.082619 0.085807 0.088932 0.091997 0.095002 0.097947 0.100834 0.103662 0.106431 0.109143 0.111796 0.114391 0.116928 0.119405 0.121823 0.124182 0.126479 0.128716 0.130890 0.133002 0.135050 0.137033 0.138950 0.140800 0.142582 0.144294 0.145936 0.147506 0.149003 0.150425 0.151772 0.153041 0.154231 0.155341 0.156369 0.157314 0.158174 0.158947 0.159633 0.160230 0.160736 0.161149 0.161469 0.161692
0.063137 0.067049 0.070960 0.074781 0.078509 0.082155 0.085726 0.089226 0.092660 0.096028 0.099334 0.102578 0.105762 0.108887 0.111952 0.114960 0.117909 0.120800 0.123633 0.126408 0.129124 0.131782 0.134380 0.136917 0.139394 0.141809 0.144162 0.146451 0.148676 0.150834 0.152926 0.154950 0.156905 0.158789 0.160601 0.162339 0.164003 0.165590 0.167100 0.168530 0.169880 0.171147 0.172330 0.173427 0.174437 0.175359 0.176190 0.176929 0.177575 0.178125
0.064522 0.068871 0.073041 0.077127 0.081137 0.085073 0.088937 0.092730 0.096456 0.100117 0.103714 0.107251 0.110727 0.114145 0.117504 0.120806 0.124051 0.127239 0.130370 0.133444 0.136460 0.139419 0.142320 0.145162 0.147945 0.150667 0.153328 0.155927 0.158462 0.160933 0.163339 0.165677 0.167948 0.170149 0.172279 0.174336 0.176320 0.178228 0.180059 0.181811 0.183483 0.185074 0.186580 0.188002 0.189337 0.190583 0.191738 0.192802 0.193773 0.194647
0.066841 0.070969 0.075301 0.079622 0.083885 0.088082 0.092213 0.096279 0.100281 0.104221 0.108102 0.111924 0.115688 0.119396 0.123048 0.126644 0.130186 0.133672 0.137104 0.140480 0.143800 0.147065 0.150273 0.153424 0.156517 0.159551 0.162525 0.165438 0.168289 0.171077 0.173800 0.176458 0.179048 0.181570 0.184021 0.186400 0.188707 0.190938 0.193092 0.195169 0.197165 0.199079 0.200910 0.202656 0.204314 0.205884 0.207363 0.208750 0.210042 0.211239
0.067500 0.072723 0.077490 0.082094 0.086610 0.091059 0.095447 0.099776 0.104048 0.108264 0.112426 0.116533 0.120587 0.124588 0.128536 0.132432 0.136275 0.140066 0.143805 0.147490 0.151121 0.154699 0.158221 0.161688 0.165098 0.168450 0.171744 0.174978 0.178151 0.181261 0.184308 0.187289 0.190204 0.193051 0.195827 0.198532 0.201164 0.203721 0.206201 0.208602 0.210923 0.213162 0.215317 0.217386 0.219367 0.221259 0.223059 0.224765 0.226376 0.227890
0.070270 0.074830 0.079601 0.084387 0.089138 0.093842 0.098496 0.103099 0.107652 0.112155 0.116609 0.121013 0.125368 0.129674 0.133931 0.138138 0.142296 0.146403 0.150459 0.154465 0.158418 0.162319 0.166166 0.169958 0.173695 0.177375 0.180997 0.184559 0.188061 0.191501 0.194878 0.198189 0.201433 0.204609 0.207715 0.210748 0.213708 0.216592 0.219399 0.222127 0.224773 0.227335 0.229813 0.232203 0.234504 0.236714 0.238831 0.240853 0.242777 0.244603
0.070835 0.076003 0.081137 0.086231 0.091279 0.096279 0.101233 0.106141 0.111004 0.115821 0.120593 0.125318 0.129997 0.134630 0.139215 0.143753 0.148243 0.152684 0.157075 0.161416 0.165706 0.169943 0.174128 0.178258 0.182333 0.186351 0.190310 0.194211 0.198050 0.201826 0.205539 0.209185 0.212763 0.216273 0.219710 0.223075 0.226364 0.229577 0.232710 0.235762 0.238732 0.241616 0.244412 0.247120 0.249736 0.252259 0.254687 0.257017 0.259247 0.261377
0.070617 0.076491 0.082076 0.087541 0.092938 0.098284 0.103586 0.108844 0.114059 0.119229 0.124354 0.129434 0.134468 0.139456 0.144396 0.149289 0.154134 0.158929 0.163674 0.168369 0.173012 0.177602 0.182138 0.186619 0.191043 0.195409 0.199716 0.203962 0.208145 0.212265 0.216318 0.220303 0.224219 0.228064 0.231835 0.235530 0.239149 0.242687 0.246145 0.249518 0.252806 0.256006 0.259116 0.262134 0.265057 0.267885 0.270614 0.273242 0.275768 0.278189
0.071118 0.076739 0.082522 0.088324 0.094105 0.099851 0.105555 0.111216 0.116830 0.122397 0.127916 0.133386 0.138808 0.144180 0.149503 0.154776 0.159998 0.165168 0.170287 0.175353 0.180364 0.185321 0.190221 0.195063 0.199847 0.204570 0.209231 0.213828 0.218361 0.222826 0.227222 0.231548 0.235801 0.239979 0.244081 0.248104 0.252047 0.255906 0.259681 0.263368 0.266966 0.270473 0.273886 0.277203 0.280422 0.283541 0.286558 0.289470 0.292276 0.294973
0.069542 0.075931 0.082253 0.088556 0.094825 0.101048 0.107217 0.113330 0.119388 0.125389 0.131335 0.137227 0.143063 0.148846 0.154574 0.160248 0.165866 0.171429 0.176936 0.182386 0.187777 0.193110 0.198382 0.203593 0.208741 0.213825 0.218842 0.223792 0.228673 0.233483 0.238219 0.242881 0.247466 0.251972 0.256397 0.260739 0.264996 0.269166 0.273246 0.277234 0.281129 0.284927 0.288628 0.292228 0.295725 0.299118 0.302404 0.305582 0.308648 0.311602
0.067565 0.074516 0.081525 0.088457 0.095297 0.102048 0.108718 0.115314 0.121839 0.128297 0.134691 0.141022 0.147291 0.153499 0.159646 0.165732 0.171757 0.177721 0.183623 0.189463 0.195239 0.200950 0.206596 0.212174 0.217685 0.223126 0.228495 0.233792 0.239014 0.244159 0.249227 0.254213 0.259118 0.263938 0.268672 0.273318 0.277873 0.282335 0.286702 0.290972 0.295143 0.299213 0.303179 0.307039 0.310792 0.314435 0.317966 0.321383 0.324685 0.327869
0.064815 0.073114 0.080901 0.088435 0.095809 0.103065 0.110223 0.117294 0.124286 0.131202 0.138046 0.144820 0.151524 0.158160 0.164727 0.171227 0.177658 0.184021 0.190315 0.196539 0.202693 0.208776 0.214786 0.220723 0.226584 0.232370 0.238078 0.243706 0.249253 0.254717 0.260096 0.265388 0.270591 0.275704 0.280724 0.285649 0.290477 0.295206 0.299834 0.304358 0.308777 0.313089 0.317291 0.321382 0.325359 0.329221 0.332966 0.336592 0.340097 0.343479
0.064904 0.072911 0.080866 0.088732 0.096508 0.104196 0.111800 0.119321 0.126762 0.134123 0.141407 0.148613 0.155742 0.162794 0.169770 0.176670 0.183494 0.190241 0.196910 0.203502 0.210016 0.216451 0.222805 0.229078 0.235269 0.241375 0.247396 0.253330 0.259174 0.264929 0.270590 0.276158 0.281629 0.287002 0.292275 0.297445 0.302512 0.307472 0.312324 0.317066 0.321696 0.326212 0.330613 0.334896 0.339059 0.343102 0.347022 0.350817 0.354486 0.358028
0.064833 0.072752 0.080887 0.089068 0.097228 0.105332 0.113366 0.121321 0.129194 0.136982 0.144684 0.152301 0.159831 0.167276 0.174635 0.181908 0.189096 0.196198 0.203213 0.210142 0.216984 0.223738 0.230403 0.236978 0.243461 0.249852 0.256148 0.262348 0.268451 0.274455 0.280358 0.286158 0.291853 0.297442 0.302923 0.308294 0.313553 0.318698 0.323728 0.328641 0.333435 0.338108 0.342659 0.347087 0.351390 0.355566 0.359614 0.363532 0.367320 0.370975
0.062539 0.071527 0.080331 0.089057 0.097709 0.106276 0.114753 0.123136 0.131421 0.139609 0.147699 0.155691 0.163585 0.171382 0.179082 0.186686 0.194195 0.201607 0.208924 0.216144 0.223267 0.230293 0.237219 0.244046 0.250772 0.257395 0.263913 0.270327 0.276634 0.282832 0.288919 0.294896 0.300758 0.306506 0.312137 0.317650 0.323043 0.328315 0.333465 0.338490 0.343390 0.348163 0.352809 0.357325 0.361710 0.365964 0.370085 0.374072 0.377924 0.381641
0.060452 0.069912 0.079385 0.088714 0.097888 0.106920 0.115821 0.124598 0.133256 0.141797 0.150222 0.158534 0.166734 0.174825 0.182808 0.190683 0.198452 0.206115 0.213670 0.221119 0.228460 0.235692 0.242814 0.249825 0.256725 0.263511 0.270183 0.276739 0.283178 0.289499 0.295701 0.301781 0.307739 0.313573 0.319283 0.324866 0.330323 0.335651 0.340850 0.345918 0.350856 0.355661 0.360334 0.364872 0.369275 0.373542 0.377673 0.381667 0.385522 0.389239
0.057540 0.068342 0.078474 0.088267 0.097837 0.107231 0.116468 0.125559 0.134508 0.143321 0.152001 0.160554 0.168982 0.177289 0.185476 0.193544 0.201494 0.209326 0.217039 0.224632 0.232106 0.239458 0.246689 0.253798 0.260783 0.267644 0.274380 0.280989 0.287472 0.293826 0.300052 0.306148 0.312114 0.317948 0.323650 0.329218 0.334654 0.339955 0.345122 0.350154 0.355050 0.359810 0.364432 0.368917 0.373264 0.377473 0.381542 0.385472 0.389263 0.392914
0.057915 0.067909 0.077869 0.087744 0.097490 0.107089 0.116530 0.125813 0.134938 0.143912 0.152742 0.161432 0.169987 0.178409 0.186699 0.194858 0.202885 0.210780 0.218542 0.226172 0.233668 0.241031 0.248260 0.255355 0.262315 0.269140 0.275829 0.282383 0.288801 0.295082 0.301226 0.307234 0.313103 0.318836 0.324430 0.329886 0.335205 0.340385 0.345428 0.350332 0.355097 0.359723 0.364210 0.368557 0.372765 0.376834 0.380763 0.384553 0.388203 0.391714
0.057326 0.066757 0.076692 0.086659 0.096511 0.106202 0.115715 0.125049 0.134213 0.143217 0.152068 0.160768 0.169322 0.177730 0.185991 0.194105 0.202071 0.209891 0.217564 0.225091 0.232472 0.239707 0.246797 0.253742 0.260542 0.267199 0.273712 0.280081 0.286308 0.292392 0.298333 0.304133 0.309791 0.315308 0.320683 0.325918 0.331012 0.335966 0.340779 0.345453 0.349988 0.354383 0.358639 0.362757 0.366735 0.370576 0.374278 0.377842 0.381269 0.384559
0.052206 0.063846 0.074524 0.084730 0.094629 0.104278 0.113702 0.122924 0.131969 0.140848 0.149560 0.158106 0.166486 0.174702 0.182755 0.190647 0.198377 0.205948 0.213359 0.220614 0.227711 0.234654 0.241444 0.248081 0.254567 0.260904 0.267093 0.273134 0.279029 0.284780 0.290386 0.295849 0.301170 0.306349 0.311387 0.316285 0.321043 0.325662 0.330143 0.334486 0.338692 0.342761 0.346694 0.350491 0.354153 0.357681 0.361074 0.364334 0.367460 0.370454
0.051420 0.062099 0.072343 0.082243 0.091853 0.101201 0.110308 0.119218 0.127940 0.136476 0.144828 0.152999 0.160989 0.168801 0.176437 0.183898 0.191187 0.198307 0.205261 0.212050 0.218678 0.225147 0.231460 0.237619 0.243627 0.249485 0.255195 0.260761 0.266182 0.271461 0.276599 0.281597 0.286457 0.291180 0.295766 0.300217 0.304534 0.308716 0.312766 0.316684 0.320471 0.324126 0.327652 0.331049 0.334316 0.337456 0.340467 0.343353 0.346111 0.348744
0.051923 0.060799 0.070041 0.079229 0.088226 0.096985 0.105521 0.113857 0.121991 0.129926 0.137663 0.145206 0.152557 0.159720 0.166699 0.173498 0.180121 0.186572 0.192857 0.198980 0.204944 0.210754 0.216413 0.221925 0.227292 0.232518 0.237604 0.242553 0.247366 0.252047 0.256595 0.261013 0.265302 0.269463 0.273497 0.277405 0.281188 0.284847 0.288383 0.291796 0.295087 0.298257 0.301306 0.304235 0.307045 0.309736 0.312309 0.314764 0.317103 0.319325
0.048792 0.058217 0.067044 0.075530 0.083722 0.091635 0.099317 0.106783 0.114035 0.121077 0.127913 0.134548 0.140988 0.147239 0.153309 0.159203 0.164931 0.170497 0.175909 0.181173 0.186293 0.191275 0.196122 0.200837 0.205424 0.209886 0.214224 0.218441 0.222538 0.226516 0.230379 0.234125 0.237757 0.241274 0.244679 0.247972 0.251154 0.254224 0.257185 0.260035 0.262776 0.265409 0.267934 0.270350 0.272660 0.274862 0.276959 0.278949 0.280834 0.282614
0.047897 0.055983 0.063778 0.071185 0.078235 0.084973 0.091466 0.097732 0.103779 0.109614 0.115245 0.120683 0.125936 0.131018 0.135938 0.140708 0.145337 0.149834 0.154205 0.158457 0.162593 0.166619 0.170537 0.174350 0.178059 0.181667 0.185175 0.188584 0.191894 0.195107 0.198223 0.201243 0.204166 0.206994 0.209727 0.212364 0.214907 0.217355 0.219709 0.221968 0.224134 0.226206 0.228184 0.230069 0.231861 0.233559 0.235165 0.236679 0.238100 0.239430
0.047020 0.053987 0.060199 0.065989 0.071441 0.076602 0.081536 0.086253 0.090762 0.095077 0.099213 0.103186 0.107014 0.110716 0.114306 0.117796 0.121195 0.124510 0.127746 0.130906 0.133992 0.137005 0.139945 0.142813 0.145610 0.148334 0.150986 0.153564 0.156070 0.158501 0.160859 0.163141 0.165349 0.167482 0.169538 0.171519 0.173423 0.175250 0.177001 0.178674 0.180270 0.181789 0.183230 0.184593 0.185878 0.187086 0.188215 0.189267 0.190240 0.191136
0.048683 0.052096 0.055865 0.059529 0.062972 0.066190 0.069218 0.072061 0.074736 0.077267 0.079685 0.082016 0.084287 0.086519 0.088723 0.090905 0.093067 0.095209 0.097327 0.099421 0.101486 0.103520 0.105519 0.107481 0.109403 0.111283 0.113117 0.114906 0.116645 0.118335 0.119973 0.121558 0.123089 0.124565 0.125985 0.127348 0.128653 0.129899 0.131087 0.132214 0.133281 0.134287 0.135232 0.136115 0.136935 0.137694 0.138390 0.139023 0.139593 0.140100
0.045889 0.048337 0.050114 0.051579 0.052793 0.053802 0.054653 0.055376 0.056027 0.056658 0.057309 0.058024 0.058823 0.059710 0.060675 0.061706 0.062791 0.063915 0.065068 0.066241 0.067423 0.068609 0.069792 0.070965 0.072125 0.073267 0.074388 0.075484 0.076553 0.077593 0.078600 0.079574 0.080513 0.081415 0.082278 0.083103 0.083886 0.084628 0.085327 0.085983 0.086595 0.087162 0.087684 0.088159 0.088588 0.088971 0.089306 0.089593 0.089833 0.090025
0.045316 0.044383 0.043589 0.042589 0.041347 0.039930 0.038429 0.036977 0.035693 0.034624 0.033820 0.033316 0.033069 0.033025 0.033139 0.033375 0.033705 0.034106 0.034562 0.035059 0.035585 0.036132 0.036692 0.037260 0.037829 0.038395 0.038956 0.039507 0.040045 0.040569 0.041077 0.041565 0.042034 0.042480 0.042904 0.043303 0.043676 0.044023 0.044343 0.044634 0.044897 0.045130 0.045332 0.045504 0.045645 0.045755 0.045832 0.045878 0.045891 0.045872
0.042573 0.040183 0.036865 0.033182 0.029277 0.025305 0.021578 0.018448 0.015924 0.013924 0.012619 0.011805 0.011287 0.010964 0.010776 0.010688 0.010672 0.010712 0.010793 0.010907 0.011044 0.011199 0.011367 0.011544 0.011725 0.011909 0.012093 0.012275 0.012453 0.012625 0.012791 0.012949 0.013098 0.013237 0.013365 0.013481 0.013585 0.013676 0.013753 0.013816 0.013865 0.013899 0.013917 0.013920 0.013907 0.013878 0.013833 0.013771 0.013693 0.013598
0.044699 0.037301 0.030551 0.023900 0.017236 0.011005 0.006448 0.003421 0.001245 0.000001 0.000001 0.000001 0.000001 0.000001 0.000001 0.000001 0.000001 0.000001 0.000001 0.000001 0.000001 0.000001 0.000001 0.000001 0.000001 0.000001 0.000001 0.000001 0.000001 0.000001 0.000001 0.000001 0.000001 0.000001 0.000001 0.000001 0.000001 0.000001 0.000001 0.000001 0.000001 0.000001 0.000001 0.000001 0.000001 0.000001 0.000001 0.000001 0.000001 0.000001
0.042383 0.033489 0.024286 0.015035 0.006107 0.000001 0.000001 0.000001 0.000001 0.000001 0.000001 0.000001 0.000001 0.000001 0.000001 0.000001 0.000001 0.000001 0.000001 0.000001 0.000001 0.000001 0.000001 0.000001 0.000001 0.000001 0.000001 0.000001 0.000001 0.000001 0.000001 0.000001 0.000001 0.000001 0.000001 0.000001 0.000001 0.000001 0.000001 0.000001 0.000001 0.000001 0.000001 0.000001 0.000001 0.000001 0.000001 0.000001 0.000001 0.000001
0.041974 0.030264 0.018703 0.007154 0.000001 0.000001 0.000001 0.000001 0.000001 0.000001 0.000001 0.000001 0.000001 0.000001 0.000001 0.000001 0.000001 0.000001 0.000001 0.000001 0.000001 0.000001 0.000001 0.000001 0.000001 0.000001 0.000001 0.000001 0.000001 0.000001 0.000001 0.000001 0.000001 0.000001 0.000001 0.000001 0.000001 0.000001 0.000001 0.000001 0.000001 0.000001 0.000001 0.000001 0.000001 0.000001 0.000001 0.000001 0.000001 0.000001
0.041030 0.027703 0.014193 0.000880 0.000001 0.000001 0.000001 0.000001 0.000001 0.000001 0.000001 0.000001 0.000001 0.000001 0.000001 0.000001 0.000001 0.000001 0.000001 0.000001 0.000001 0.000001 0.000001 0.000001 0.000001 0.000001 0.000001 0.000001 0.000001 0.000001 0.000001 0.000001 0.000001 0.000001 0.000001 0.000001 0.000001 0.000001 0.000001 0.000001 0.000001 0.000001 0.000001 0.000001 0.000001 0.000001 0.000001 0.000001 0.000001 0.000001
0.041568 0.026070 0.010758 0.000001 0.000001 0.000001 0.000001 0.000001 0.000001 0.000001 0.000001 0.000001 0.000001 0.000001 0.000001 0.000001 0.000001 0.000001 0.000001 0.000001 0.000001 0.000001 0.000001 0.000001 0.000001 0.000001 0.000001 0.000001 0.000001 0.000001 0.000001 0.000001 0.000001 0.000001 0.000001 0.000001 0.000001 0.000001 0.000001 0.000001 0.000001 0.000001 0.000001 0.000001 0.000001 0.000001 0.000001 0.000001 0.000001 0.000001
0.041126 0.024336 0.007884 0.000001 0.000001 0.000001 0.000001 0.000001 0.000001 0.000001 0.000001 0.000001 0.000001 0.000001 0.000001 0.000001 0.000001 0.000001 0.000001 0.000001 0.000001 0.000001 0.000001 0.000001 0.000001 0.000001 0.000001 0.000001 0.000001 0.000001 0.000001 0.000001 0.000001 0.000001 0.000001 0.000001 0.000001 0.000001 0.000001 0.000001 0.000001 0.000001 0.000001 0.000001 0.000001 0.000001 0.000001 0.000001 0.000001 0.000001
0.038786 0.022262 0.005481 0.000001 0.000001 0.000001 0.000001 0.000001 0.000001 0.000001 0.000001 0.000001 0.000001 0.000001 0.000001 0.000001 0.000001 0.000001 0.000001 0.000001 0.000001 0.000001 0.000001 0.000001 0.000001 0.000001 0.000001 0.000001 0.000001 0.000001 0.000001 0.000001 0.000001 0.000001 0.000001 0.000001 0.000001 0.000001 0.000001 0.000001 0.000001 0.000001 0.000001 0.000001 0.000001 0.000001 0.000001 0.000001 0.000001 0.000001
0.038251 0.021438 0.004121 0.000001 0.000001 0.000001 0.000001 0.000001 0.000001 0.000001 0.000001 0.000001 0.000001 0.000001 0.000001 0.000001 0.000001 0.000001 0.000001 0.000001 0.000001 0.000001 0.000001 0.000001 0.000001 0.000001 0.000001 0.000001 0.000001 0.000001 0.000001 0.000001 0.000001 0.000001 0.000001 0.000001 0.000001 0.000001 0.000001 0.000001 0.000001 0.000001 0.000001 0.000001 0.000001 0.000001 0.000001 0.000001 0.000001 0.000001
0.040779 0.021732 0.003517 0.000001 0.000001 0.000001 0.000001 0.000001 0.000001 0.000001 0.000001 0.000001 0.000001 0.000001 0.000001 0.000001 0.000001 0.000001 0.000001 0.000001 0.000001 0.000001 0.000001 0.000001 0.000001 0.000001 0.000001 0.000001 0.000001 0.000001 0.000001 0.000001 0.000001 0.000001 0.000001 0.000001 0.000001 0.000001 0.000001 0.000001 0.000001 0.000001 0.000001 0.000001 0.000001 0.000001 0.000001 0.000001 0.000001 0.000001
0.037863 0.020405 0.002628 0.000001 0.000001 0.000001 0.000001 0.000001 0.000001 0.000001 0.000001 0.000001 0.000001 0.000001 0.000001 0.000001 0.000001 0.000001 0.000001 0.000001 0.000001 0.000001 0.000001 0.000001 0.000001 0.000001 0.000001 0.000001 0.000001 0.000001 0.000001 0.000001 0.000001 0.000001 0.000001 0.000001 0.000001 0.000001 0.000001 0.000001 0.000001 0.000001 0.000001 0.000001 0.000001 0.000001 0.000001 0.000001 0.000001 0.000001
0.036618 0.019313 0.001951 0.000001 0.000001 0.000001 0.000001 0.000001 0.000001 0.000001 0.000001 0.000001 0.000001 0.000001 0.000001 0.000001 0.000001 0.000001 0.000001 0.000001 0.000001 0.000001 0.000001 0.000001 0.000001 0.000001 0.000001 0.000001 0.000001 0.000001 0.000001 0.000001 0.000001 0.000001 0.000001 0.000001 0.000001 0.000001 0.000001 0.000001 0.000001 0.000001 0.000001 0.000001 0.000001 0.000001 0.000001 0.000001 0.000001 0.000001
0.035657 0.018825 0.001912 0.000001 0.000001 0.000001 0.000001 0.000001 0.000001 0.000001 0.000001 0.000001 0.000001 0.000001 0.000001 0.000001 0.000001 0.000001 0.000001 0.000001 0.000001 0.000001 0.000001 0.000001 0.000001 0.000001 0.000001 0.000001 0.000001 0.000001 0.000001 0.000001 0.000001 0.000001 0.000001 0.000001 0.000001 0.000001 0.000001 0.000001 0.000001 0.000001 0.000001 0.000001 0.000001 0.000001 0.000001 0.000001 0.000001 0.000001
0.035411 0.018817 0.002523 0.000001 0.000001 0.000001 0.000001 0.000001 0.000001 0.000001 0.000001 0.000001 0.000001 0.000001 0.000001 0.000001 0.000001 0.000001 0.000001 0.000001 0.000001 0.000001 0.000001 0.000001 0.000001 0.000001 0.000001 0.000001 0.000001 0.000001 0.000001 0.000001 0.000001 0.000001 0.000001 0.000001 0.000001 0.000001 0.000001 0.000001 0.000001 0.000001 0.000001 0.000001 0.000001 0.000001 0.000001 0.000001 0.000001 0.000001
0.033567 0.018760 0.003651 0.000001 0.000001 0.000001 0.000001 0.000001 0.000001 0.000001 0.000001 0.000001 0.000001 0.000001 0.000001 0.000001 0.000001 0.000001 0.000001 0.000001 0.000001 0.000001 0.000001 0.000001 0.000001 0.000001 0.000001 0.000001 0.000001 0.000001 0.000001 0.000001 0.000001 0.000001 0.000001 0.000001 0.000001 0.000001 0.000001 0.000001 0.000001 0.000001 0.000001 0.000001 0.000001 0.000001 0.000001 0.000001 0.000001 0.000001
0.033580 0.019522 0.005380 0.000001 0.000001 0.000001 0.000001 0.000001 0.000001 0.000001 0.000001 0.000001 0.000001 0.000001 0.000001 0.000001 0.000001 0.000001 0.000001 0.000001 0.000001 0.000001 0.000001 0.000001 0.000001 0.000001 0.000001 0.000001 0.000001 0.000001 0.000001 0.000001 0.000001 0.000001 0.000001 0.000001 0.000001 0.000001 0.000001 0.000001 0.000001 0.000001 0.000001 0.000001 0.000001 0.000001 0.000001 0.000001 0.000001 0.000001
0.033379 0.020452 0.007067 0.000001 0.000001 0.000001 0.000001 0.000001 0.000001 0.000001 0.000001 0.000001 0.000001 0.000001 0.000001 0.000001 0.000001 0.000001 0.000001 0.000001 0.000001 0.000001 0.000001 0.000001 0.000001 0.000001 0.000001 0.000001 0.000001 0.000001 0.000001 0.000001 0.000001 0.000001 0.000001 0.000001 0.000001 0.000001 0.000001 0.000001 0.000001 0.000001 0.000001 0.000001 0.000001 0.000001 0.000001 0.000001 0.000001 0.000001
