0.045484 0.043434 0.041230 0.038691 0.035727 0.032293 0.028373 0.023991 0.019236 0.014261 0.009194 0.004212 0.000001 0.000001 0.000001 0.000001 0.000001 0.000001 0.000001 0.000001 0.000001 0.000001 0.000001 0.000001 0.000001 0.000001 0.000001 0.000001 0.000001 0.000001 0.000001 0.000001 0.000001 0.000001 0.000001 0.000001 0.000001 0.000001 0.000001 0.000001 0.000001 0.000001 0.000001 0.000001 0.000001 0.000001 0.000001 0.000001 0.000001 0.000001
0.045153 0.043224 0.040602 0.037368 0.033594 0.029319 0.024599 0.019599 0.014606 0.009828 0.005293 0.001514 0.000001 0.000001 0.000001 0.000001 0.000001 0.000001 0.000001 0.000001 0.000001 0.000001 0.000001 0.000001 0.000001 0.000001 0.000001 0.000001 0.000001 0.000001 0.000001 0.000001 0.000001 0.000001 0.000001 0.000001 0.000001 0.000001 0.000001 0.000001 0.000001 0.000001 0.000001 0.000001 0.000001 0.000001 0.000001 0.000001 0.000001 0.000001
0.045508 0.042269 0.037892 0.032866 0.027352 0.021417 0.015412 0.009882 0.005630 0.002208 0.000001 0.000001 0.000001 0.000001 0.000001 0.000001 0.000001 0.000001 0.000001 0.000001 0.000001 0.000001 0.000001 0.000001 0.000001 0.000001 0.000001 0.000001 0.000001 0.000001 0.000001 0.000001 0.000001 0.000001 0.000001 0.000001 0.000001 0.000001 0.000001 0.000001 0.000001 0.000001 0.000001 0.000001 0.000001 0.000001 0.000001 0.000001 0.000001 0.000001
0.048985 0.040774 0.032982 0.025183 0.017216 0.009216 0.003113 0.000001 0.000001 0.000001 0.000001 0.000001 0.000001 0.000001 0.000001 0.000001 0.000001 0.000001 0.000001 0.000001 0.000001 0.000001 0.000001 0.000001 0.000001 0.000001 0.000001 0.000001 0.000001 0.000001 0.000001 0.000001 0.000001 0.000001 0.000001 0.000001 0.000001 0.000001 0.000001 0.000001 0.000001 0.000001 0.000001 0.000001 0.000001 0.000001 0.000001 0.000001 0.000001 0.000001
0.050040 0.038997 0.028418 0.018002 0.007559 0.000001 0.000001 0.000001 0.000001 0.000001 0.000001 0.000001 0.000001 0.000001 0.000001 0.000001 0.000001 0.000001 0.000001 0.000001 0.000001 0.000001 0.000001 0.000001 0.000001 0.000001 0.000001 0.000001 0.000001 0.000001 0.000001 0.000001 0.000001 0.000001 0.000001 0.000001 0.000001 0.000001 0.000001 0.000001 0.000001 0.000001 0.000001 0.000001 0.000001 0.000001 0.000001 0.000001 0.000001 0.000001
0.049578 0.037874 0.025770 0.013474 0.001102 0.000001 0.000001 0.000001 0.000001 0.000001 0.000001 0.000001 0.000001 0.000001 0.000001 0.000001 0.000001 0.000001 0.000001 0.000001 0.000001 0.000001 0.000001 0.000001 0.000001 0.000001 0.000001 0.000001 0.000001 0.000001 0.000001 0.000001 0.000001 0.000001 0.000001 0.000001 0.000001 0.000001 0.000001 0.000001 0.000001 0.000001 0.000001 0.000001 0.000001 0.000001 0.000001 0.000001 0.000001 0.000001
0.051758 0.038437 0.024937 0.011195 0.000001 0.000001 0.000001 0.000001 0.000001 0.000001 0.000001 0.000001 0.000001 0.000001 0.000001 0.000001 0.000001 0.000001 0.000001 0.000001 0.000001 0.000001 0.000001 0.000001 0.000001 0.000001 0.000001 0.000001 0.000001 0.000001 0.000001 0.000001 0.000001 0.000001 0.000001 0.000001 0.000001 0.000001 0.000001 0.000001 0.000001 0.000001 0.000001 0.000001 0.000001 0.000001 0.000001 0.000001 0.000001 0.000001
0.053471 0.039151 0.024751 0.010027 0.000001 0.000001 0.000001 0.000001 0.000001 0.000001 0.000001 0.000001 0.000001 0.000001 0.000001 0.000001 0.000001 0.000001 0.000001 0.000001 0.000001 0.000001 0.000001 0.000001 0.000001 0.000001 0.000001 0.000001 0.000001 0.000001 0.000001 0.000001 0.000001 0.000001 0.000001 0.000001 0.000001 0.000001 0.000001 0.000001 0.000001 0.000001 0.000001 0.000001 0.000001 0.000001 0.000001 0.000001 0.000001 0.000001
0.052815 0.039088 0.024479 0.009292 0.000001 0.000001 0.000001 0.000001 0.000001 0.000001 0.000001 0.000001 0.000001 0.000001 0.000001 0.000001 0.000001 0.000001 0.000001 0.000001 0.000001 0.000001 0.000001 0.000001 0.000001 0.000001 0.000001 0.000001 0.000001 0.000001 0.000001 0.000001 0.000001 0.000001 0.000001 0.000001 0.000001 0.000001 0.000001 0.000001 0.000001 0.000001 0.000001 0.000001 0.000001 0.000001 0.000001 0.000001 0.000001 0.000001
0.053759 0.039309 0.024345 0.008942 0.000001 0.000001 0.000001 0.000001 0.000001 0.000001 0.000001 0.000001 0.000001 0.000001 0.000001 0.000001 0.000001 0.000001 0.000001 0.000001 0.000001 0.000001 0.000001 0.000001 0.000001 0.000001 0.000001 0.000001 0.000001 0.000001 0.000001 0.000001 0.000001 0.000001 0.000001 0.000001 0.000001 0.000001 0.000001 0.000001 0.000001 0.000001 0.000001 0.000001 0.000001 0.000001 0.000001 0.000001 0.000001 0.000001
0.053575 0.039649 0.024475 0.008951 0.000001 0.000001 0.000001 0.000001 0.000001 0.000001 0.000001 0.000001 0.000001 0.000001 0.000001 0.000001 0.000001 0.000001 0.000001 0.000001 0.000001 0.000001 0.000001 0.000001 0.000001 0.000001 0.000001 0.000001 0.000001 0.000001 0.000001 0.000001 0.000001 0.000001 0.000001 0.000001 0.000001 0.000001 0.000001 0.000001 0.000001 0.000001 0.000001 0.000001 0.000001 0.000001 0.000001 0.000001 0.000001 0.000001
0.055949 0.040509 0.024877 0.009229 0.000001 0.000001 0.000001 0.000001 0.000001 0.000001 0.000001 0.000001 0.000001 0.000001 0.000001 0.000001 0.000001 0.000001 0.000001 0.000001 0.000001 0.000001 0.000001 0.000001 0.000001 0.000001 0.000001 0.000001 0.000001 0.000001 0.000001 0.000001 0.000001 0.000001 0.000001 0.000001 0.000001 0.000001 0.000001 0.000001 0.000001 0.000001 0.000001 0.000001 0.000001 0.000001 0.000001 0.000001 0.000001 0.000001
0.054148 0.040491 0.025224 0.009676 0.000001 0.000001 0.000001 0.000001 0.000001 0.000001 0.000001 0.000001 0.000001 0.000001 0.000001 0.000001 0.000001 0.000001 0.000001 0.000001 0.000001 0.000001 0.000001 0.000001 0.000001 0.000001 0.000001 0.000001 0.000001 0.000001 0.000001 0.000001 0.000001 0.000001 0.000001 0.000001 0.000001 0.000001 0.000001 0.000001 0.000001 0.000001 0.000001 0.000001 0.000001 0.000001 0.000001 0.000001 0.000001 0.000001
0.056826 0.041639 0.026091 0.010472 0.000001 0.000001 0.000001 0.000001 0.000001 0.000001 0.000001 0.000001 0.000001 0.000001 0.000001 0.000001 0.000001 0.000001 0.000001 0.000001 0.000001 0.000001 0.000001 0.000001 0.000001 0.000001 0.000001 0.000001 0.000001 0.000001 0.000001 0.000001 0.000001 0.000001 0.000001 0.000001 0.000001 0.000001 0.000001 0.000001 0.000001 0.000001 0.000001 0.000001 0.000001 0.000001 0.000001 0.000001 0.000001 0.000001
0.056496 0.042754 0.027293 0.011546 0.000001 0.000001 0.000001 0.000001 0.000001 0.000001 0.000001 0.000001 0.000001 0.000001 0.000001 0.000001 0.000001 0.000001 0.000001 0.000001 0.000001 0.000001 0.000001 0.000001 0.000001 0.000001 0.000001 0.000001 0.000001 0.000001 0.000001 0.000001 0.000001 0.000001 0.000001 0.000001 0.000001 0.000001 0.000001 0.000001 0.000001 0.000001 0.000001 0.000001 0.000001 0.000001 0.000001 0.000001 0.000001 0.000001
0.060655 0.044656 0.028565 0.012571 0.000001 0.000001 0.000001 0.000001 0.000001 0.000001 0.000001 0.000001 0.000001 0.000001 0.000001 0.000001 0.000001 0.000001 0.000001 0.000001 0.000001 0.000001 0.000001 0.000001 0.000001 0.000001 0.000001 0.000001 0.000001 0.000001 0.000001 0.000001 0.000001 0.000001 0.000001 0.000001 0.000001 0.000001 0.000001 0.000001 0.000001 0.000001 0.000001 0.000001 0.000001 0.000001 0.000001 0.000001 0.000001 0.000001
0.059401 0.044522 0.028982 0.013197 0.000001 0.000001 0.000001 0.000001 0.000001 0.000001 0.000001 0.000001 0.000001 0.000001 0.000001 0.000001 0.000001 0.000001 0.000001 0.000001 0.000001 0.000001 0.000001 0.000001 0.000001 0.000001 0.000001 0.000001 0.000001 0.000001 0.000001 0.000001 0.000001 0.000001 0.000001 0.000001 0.000001 0.000001 0.000001 0.000001 0.000001 0.000001 0.000001 0.000001 0.000001 0.000001 0.000001 0.000001 0.000001 0.000001
0.057034 0.043945 0.029267 0.013837 0.000001 0.000001 0.000001 0.000001 0.000001 0.000001 0.000001 0.000001 0.000001 0.000001 0.000001 0.000001 0.000001 0.000001 0.000001 0.000001 0.000001 0.000001 0.000001 0.000001 0.000001 0.000001 0.000001 0.000001 0.000001 0.000001 0.000001 0.000001 0.000001 0.000001 0.000001 0.000001 0.000001 0.000001 0.000001 0.000001 0.000001 0.000001 0.000001 0.000001 0.000001 0.000001 0.000001 0.000001 0.000001 0.000001
0.060265 0.045191 0.030319 0.015085 0.000001 0.000001 0.000001 0.000001 0.000001 0.000001 0.000001 0.000001 0.000001 0.000001 0.000001 0.000001 0.000001 0.000001 0.000001 0.000001 0.000001 0.000001 0.000001 0.000001 0.000001 0.000001 0.000001 0.000001 0.000001 0.000001 0.000001 0.000001 0.000001 0.000001 0.000001 0.000001 0.000001 0.000001 0.000001 0.000001 0.000001 0.000001 0.000001 0.000001 0.000001 0.000001 0.000001 0.000001 0.000001 0.000001
0.059342 0.045654 0.031544 0.016993 0.002094 0.000001 0.000001 0.000001 0.000001 0.000001 0.000001 0.000001 0.000001 0.000001 0.000001 0.000001 0.000001 0.000001 0.000001 0.000001 0.000001 0.000001 0.000001 0.000001 0.000001 0.000001 0.000001 0.000001 0.000001 0.000001 0.000001 0.000001 0.000001 0.000001 0.000001 0.000001 0.000001 0.000001 0.000001 0.000001 0.000001 0.000001 0.000001 0.000001 0.000001 0.000001 0.000001 0.000001 0.000001 0.000001
0.058807 0.046565 0.033341 0.019644 0.005609 0.000001 0.000001 0.000001 0.000001 0.000001 0.000001 0.000001 0.000001 0.000001 0.000001 0.000001 0.000001 0.000001 0.000001 0.000001 0.000001 0.000001 0.000001 0.000001 0.000001 0.000001 0.000001 0.000001 0.000001 0.000001 0.000001 0.000001 0.000001 0.000001 0.000001 0.000001 0.000001 0.000001 0.000001 0.000001 0.000001 0.000001 0.000001 0.000001 0.000001 0.000001 0.000001 0.000001 0.000001 0.000001
0.062921 0.049125 0.036123 0.023307 0.010449 0.000001 0.000001 0.000001 0.000001 0.000001 0.000001 0.000001 0.000001 0.000001 0.000001 0.000001 0.000001 0.000001 0.000001 0.000001 0.000001 0.000001 0.000001 0.000001 0.000001 0.000001 0.000001 0.000001 0.000001 0.000001 0.000001 0.000001 0.000001 0.000001 0.000001 0.000001 0.000001 0.000001 0.000001 0.000001 0.000001 0.000001 0.000001 0.000001 0.000001 0.000001 0.000001 0.000001 0.000001 0.000001
0.061839 0.050438 0.039209 0.028088 0.016948 0.005791 0.000001 0.000001 0.000001 0.000001 0.000001 0.000001 0.000001 0.000001 0.000001 0.000001 0.000001 0.000001 0.000001 0.000001 0.000001 0.000001 0.000001 0.000001 0.000001 0.000001 0.000001 0.000001 0.000001 0.000001 0.000001 0.000001 0.000001 0.000001 0.000001 0.000001 0.000001 0.000001 0.000001 0.000001 0.000001 0.000001 0.000001 0.000001 0.000001 0.000001 0.000001 0.000001 0.000001 0.000001
0.060343 0.051898 0.043299 0.034499 0.025498 0.016284 0.007389 0.000806 0.000001 0.000001 0.000001 0.000001 0.000001 0.000001 0.000001 0.000001 0.000001 0.000001 0.000001 0.000001 0.000001 0.000001 0.000001 0.000001 0.000001 0.000001 0.000001 0.000001 0.000001 0.000001 0.000001 0.000001 0.000001 0.000001 0.000001 0.000001 0.000001 0.000001 0.000001 0.000001 0.000001 0.000001 0.000001 0.000001 0.000001 0.000001 0.000001 0.000001 0.000001 0.000001
0.060484 0.055135 0.048995 0.042415 0.035504 0.028295 0.020839 0.013603 0.007561 0.003067 0.000001 0.000001 0.000001 0.000001 0.000001 0.000001 0.000001 0.000001 0.000001 0.000001 0.000001 0.000001 0.000001 0.000001 0.000001 0.000001 0.000001 0.000001 0.000001 0.000001 0.000001 0.000001 0.000001 0.000001 0.000001 0.000001 0.000001 0.000001 0.000001 0.000001 0.000001 0.000001 0.000001 0.000001 0.000001 0.000001 0.000001 0.000001 0.000001 0.000001
0.064430 0.059569 0.054794 0.049828 0.044598 0.039080 0.033269 0.027228 0.021190 0.015533 0.010345 0.006179 0.002825 0.000001 0.000001 0.000001 0.000001 0.000001 0.000001 0.000001 0.000001 0.000001 0.000001 0.000001 0.000001 0.000001 0.000001 0.000001 0.000001 0.000001 0.000001 0.000001 0.000001 0.000001 0.000001 0.000001 0.000001 0.000001 0.000001 0.000001 0.000001 0.000001 0.000001 0.000001 0.000001 0.000001 0.000001 0.000001 0.000001 0.000001
0.065035 0.061771 0.058271 0.054541 0.050564 0.046326 0.041815 0.037031 0.032013 0.026875 0.021739 0.016753 0.012078 0.007692 0.003970 0.000916 0.000001 0.000001 0.000001 0.000001 0.000001 0.000001 0.000001 0.000001 0.000001 0.000001 0.000001 0.000001 0.000001 0.000001 0.000001 0.000001 0.000001 0.000001 0.000001 0.000001 0.000001 0.000001 0.000001 0.000001 0.000001 0.000001 0.000001 0.000001 0.000001 0.000001 0.000001 0.000001 0.000001 0.000001
0.064579 0.062233 0.059577 0.056664 0.053520 0.050148 0.046544 0.042700 0.038613 0.034302 0.029810 0.025190 0.020523 0.015867 0.011294 0.006936 0.002993 0.000001 0.000001 0.000001 0.000001 0.000001 0.000001 0.000001 0.000001 0.000001 0.000001 0.000001 0.000001 0.000001 0.000001 0.000001 0.000001 0.000001 0.000001 0.000001 0.000001 0.000001 0.000001 0.000001 0.000001 0.000001 0.000001 0.000001 0.000001 0.000001 0.000001 0.000001 0.000001 0.000001
0.064427 0.062346 0.059994 0.057470 0.054783 0.051923 0.048884 0.045653 0.042220 0.038580 0.034733 0.030693 0.026481 0.022128 0.017665 0.013142 0.008620 0.004249 0.000593 0.000001 0.000001 0.000001 0.000001 0.000001 0.000001 0.000001 0.000001 0.000001 0.000001 0.000001 0.000001 0.000001 0.000001 0.000001 0.000001 0.000001 0.000001 0.000001 0.000001 0.000001 0.000001 0.000001 0.000001 0.000001 0.000001 0.000001 0.000001 0.000001 0.000001 0.000001
0.065294 0.062641 0.060271 0.057883 0.055403 0.052807 0.050082 0.047215 0.044193 0.041005 0.037638 0.034088 0.030352 0.026433 0.022341 0.018088 0.013695 0.009203 0.004730 0.000809 0.000001 0.000001 0.000001 0.000001 0.000001 0.000001 0.000001 0.000001 0.000001 0.000001 0.000001 0.000001 0.000001 0.000001 0.000001 0.000001 0.000001 0.000001 0.000001 0.000001 0.000001 0.000001 0.000001 0.000001 0.000001 0.000001 0.000001 0.000001 0.000001 0.000001
0.064495 0.062774 0.060607 0.058291 0.055893 0.053418 0.050857 0.048196 0.045421 0.042518 0.039473 0.036274 0.032910 0.029373 0.025657 0.021761 0.017684 0.013434 0.009033 0.004578 0.000627 0.000001 0.000001 0.000001 0.000001 0.000001 0.000001 0.000001 0.000001 0.000001 0.000001 0.000001 0.000001 0.000001 0.000001 0.000001 0.000001 0.000001 0.000001 0.000001 0.000001 0.000001 0.000001 0.000001 0.000001 0.000001 0.000001 0.000001 0.000001 0.000001
0.066233 0.063595 0.061157 0.058778 0.056401 0.053993 0.051531 0.048999 0.046381 0.043664 0.040834 0.037877 0.034782 0.031537 0.028131 0.024554 0.020800 0.016862 0.012737 0.008439 0.004062 0.000225 0.000001 0.000001 0.000001 0.000001 0.000001 0.000001 0.000001 0.000001 0.000001 0.000001 0.000001 0.000001 0.000001 0.000001 0.000001 0.000001 0.000001 0.000001 0.000001 0.000001 0.000001 0.000001 0.000001 0.000001 0.000001 0.000001 0.000001 0.000001
0.066409 0.063829 0.061488 0.059202 0.056911 0.054590 0.052221 0.049793 0.047293 0.044711 0.042036 0.039255 0.036359 0.033334 0.030171 0.026856 0.023381 0.019733 0.015904 0.011887 0.007690 0.003418 0.000001 0.000001 0.000001 0.000001 0.000001 0.000001 0.000001 0.000001 0.000001 0.000001 0.000001 0.000001 0.000001 0.000001 0.000001 0.000001 0.000001 0.000001 0.000001 0.000001 0.000001 0.000001 0.000001 0.000001 0.000001 0.000001 0.000001 0.000001
0.065269 0.063696 0.061735 0.059638 0.057469 0.055245 0.052968 0.050633 0.048235 0.045765 0.043217 0.040579 0.037842 0.034996 0.032031 0.028934 0.025694 0.022301 0.018743 0.015009 0.011089 0.006992 0.002841 0.000001 0.000001 0.000001 0.000001 0.000001 0.000001 0.000001 0.000001 0.000001 0.000001 0.000001 0.000001 0.000001 0.000001 0.000001 0.000001 0.000001 0.000001 0.000001 0.000001 0.000001 0.000001 0.000001 0.000001 0.000001 0.000001 0.000001
0.066548 0.064383 0.062324 0.060248 0.058131 0.055972 0.053767 0.051515 0.049210 0.046846 0.044414 0.041907 0.039315 0.036630 0.033840 0.030936 0.027908 0.024743 0.021430 0.017959 0.014316 0.010494 0.006500 0.002495 0.000001 0.000001 0.000001 0.000001 0.000001 0.000001 0.000001 0.000001 0.000001 0.000001 0.000001 0.000001 0.000001 0.000001 0.000001 0.000001 0.000001 0.000001 0.000001 0.000001 0.000001 0.000001 0.000001 0.000001 0.000001 0.000001
0.067160 0.065072 0.063001 0.060919 0.058823 0.056709 0.054570 0.052400 0.050192 0.047936 0.045625 0.043250 0.040804 0.038276 0.035657 0.032938 0.030109 0.027160 0.024079 0.020855 0.017477 0.013934 0.010215 0.006334 0.002478 0.000001 0.000001 0.000001 0.000001 0.000001 0.000001 0.000001 0.000001 0.000001 0.000001 0.000001 0.000001 0.000001 0.000001 0.000001 0.000001 0.000001 0.000001 0.000001 0.000001 0.000001 0.000001 0.000001 0.000001 0.000001
0.067433 0.065620 0.063555 0.061481 0.059425 0.057377 0.055325 0.053255 0.051158 0.049024 0.046845 0.044613 0.042318 0.039953 0.037508 0.034975 0.032344 0.029606 0.026751 0.023768 0.020646 0.017374 0.013942 0.010340 0.006585 0.002856 0.000001 0.000001 0.000001 0.000001 0.000001 0.000001 0.000001 0.000001 0.000001 0.000001 0.000001 0.000001 0.000001 0.000001 0.000001 0.000001 0.000001 0.000001 0.000001 0.000001 0.000001 0.000001 0.000001 0.000001
0.069074 0.066082 0.063864 0.061856 0.059908 0.057977 0.056044 0.054097 0.052128 0.050130 0.048093 0.046011 0.043875 0.041678 0.039412 0.037067 0.034636 0.032109 0.029478 0.026733 0.023863 0.020859 0.017709 0.014403 0.010932 0.007316 0.003698 0.000674 0.000001 0.000001 0.000001 0.000001 0.000001 0.000001 0.000001 0.000001 0.000001 0.000001 0.000001 0.000001 0.000001 0.000001 0.000001 0.000001 0.000001 0.000001 0.000001 0.000001 0.000001 0.000001
0.066086 0.065393 0.063895 0.062187 0.060417 0.058625 0.056819 0.054999 0.053161 0.051299 0.049406 0.047476 0.045500 0.043473 0.041385 0.039229 0.036997 0.034682 0.032274 0.029764 0.027143 0.024402 0.021531 0.018519 0.015355 0.012033 0.008569 0.005075 0.001936 0.000001 0.000001 0.000001 0.000001 0.000001 0.000001 0.000001 0.000001 0.000001 0.000001 0.000001 0.000001 0.000001 0.000001 0.000001 0.000001 0.000001 0.000001 0.000001 0.000001 0.000001
0.068660 0.066463 0.064649 0.062905 0.061180 0.059463 0.057749 0.056034 0.054311 0.052574 0.050816 0.049030 0.047208 0.045345 0.043432 0.041462 0.039428 0.037320 0.035132 0.032856 0.030481 0.028000 0.025403 0.022681 0.019822 0.016818 0.013662 0.010365 0.006996 0.003748 0.001108 0.000001 0.000001 0.000001 0.000001 0.000001 0.000001 0.000001 0.000001 0.000001 0.000001 0.000001 0.000001 0.000001 0.000001 0.000001 0.000001 0.000001 0.000001 0.000001
0.069594 0.067626 0.065708 0.063902 0.062173 0.060492 0.058841 0.057207 0.055581 0.053954 0.052318 0.050666 0.048990 0.047284 0.045540 0.043750 0.041908 0.040005 0.038034 0.035986 0.033854 0.031629 0.029302 0.026865 0.024307 0.021620 0.018792 0.015819 0.012704 0.009486 0.006286 0.003317 0.000949 0.000001 0.000001 0.000001 0.000001 0.000001 0.000001 0.000001 0.000001 0.000001 0.000001 0.000001 0.000001 0.000001 0.000001 0.000001 0.000001 0.000001
0.070440 0.068453 0.066637 0.064902 0.063227 0.061601 0.060013 0.058455 0.056916 0.055390 0.053867 0.052342 0.050805 0.049250 0.047670 0.046056 0.044402 0.042700 0.040941 0.039120 0.037226 0.035253 0.033192 0.031035 0.028772 0.026395 0.023894 0.021260 0.018486 0.015571 0.012536 0.009436 0.006399 0.003597 0.001349 0.000001 0.000001 0.000001 0.000001 0.000001 0.000001 0.000001 0.000001 0.000001 0.000001 0.000001 0.000001 0.000001 0.000001 0.000001
0.070710 0.069156 0.067495 0.065849 0.064242 0.062680 0.061161 0.059679 0.058228 0.056801 0.055392 0.053991 0.052592 0.051187 0.049769 0.048330 0.046862 0.045358 0.043810 0.042211 0.040553 0.038829 0.037029 0.035147 0.033174 0.031100 0.028919 0.026619 0.024193 0.021633 0.018935 0.016107 0.013177 0.010198 0.007285 0.004529 0.002270 0.000357 0.000001 0.000001 0.000001 0.000001 0.000001 0.000001 0.000001 0.000001 0.000001 0.000001 0.000001 0.000001
0.072056 0.070083 0.068352 0.066715 0.065146 0.063638 0.062187 0.060786 0.059430 0.058110 0.056819 0.055549 0.054291 0.053040 0.051785 0.050522 0.049240 0.047934 0.046596 0.045218 0.043792 0.042312 0.040770 0.039157 0.037466 0.035689 0.033818 0.031844 0.029759 0.027554 0.025221 0.022754 0.020154 0.017431 0.014613 0.011744 0.008909 0.006189 0.003748 0.001755 0.000001 0.000001 0.000001 0.000001 0.000001 0.000001 0.000001 0.000001 0.000001 0.000001
0.072166 0.070650 0.068984 0.067370 0.065841 0.064396 0.063025 0.061720 0.060471 0.059269 0.058106 0.056974 0.055865 0.054771 0.053684 0.052597 0.051503 0.050395 0.049264 0.048104 0.046907 0.045667 0.044375 0.043026 0.041610 0.040121 0.038551 0.036891 0.035135 0.033273 0.031298 0.029201 0.026976 0.024619 0.022131 0.019523 0.016816 0.014048 0.011262 0.008557 0.005954 0.003687 0.001793 0.000083 0.000001 0.000001 0.000001 0.000001 0.000001 0.000001
0.073366 0.071134 0.069341 0.067752 0.066297 0.064943 0.063676 0.062482 0.061353 0.060278 0.059251 0.058262 0.057304 0.056369 0.055451 0.054541 0.053633 0.052719 0.051792 0.050846 0.049872 0.048866 0.047818 0.046723 0.045573 0.044361 0.043080 0.041723 0.040281 0.038748 0.037115 0.035375 0.033520 0.031542 0.029436 0.027198 0.024831 0.022341 0.019743 0.017066 0.014341 0.011613 0.008970 0.006415 0.004150 0.002251 0.000535 0.000001 0.000001 0.000001
0.072432 0.070880 0.069363 0.067937 0.066607 0.065367 0.064211 0.063132 0.062122 0.061173 0.060279 0.059431 0.058621 0.057843 0.057089 0.056351 0.055623 0.054898 0.054169 0.053429 0.052671 0.051889 0.051075 0.050224 0.049328 0.048381 0.047376 0.046306 0.045164 0.043942 0.042634 0.041232 0.039728 0.038115 0.036385 0.034532 0.032550 0.030437 0.028192 0.025820 0.023332 0.020741 0.018076 0.015364 0.012641 0.009990 0.007420 0.005027 0.003032 0.001249
0.072301 0.070915 0.069531 0.068197 0.066944 0.065783 0.064713 0.063729 0.062824 0.061989 0.061217 0.060500 0.059830 0.059199 0.058600 0.058026 0.057470 0.056925 0.056384 0.055840 0.055287 0.054719 0.054128 0.053508 0.052854 0.052157 0.051413 0.050614 0.049753 0.048824 0.047821 0.046735 0.045561 0.044290 0.042915 0.041430 0.039826 0.038099 0.036242 0.034252 0.032127 0.029870 0.027485 0.024984 0.022378 0.019692 0.016954 0.014183 0.011459 0.008812
0.073235 0.071583 0.070006 0.068590 0.067327 0.066196 0.065183 0.064274 0.063458 0.062724 0.062063 0.061466 0.060925 0.060431 0.059978 0.059557 0.059163 0.058787 0.058423 0.058064 0.057704 0.057337 0.056956 0.056554 0.056126 0.055665 0.055165 0.054619 0.054022 0.053366 0.052646 0.051855 0.050986 0.050032 0.048986 0.047842 0.046593 0.045230 0.043749 0.042141 0.040403 0.038529 0.036517 0.034366 0.032079 0.029660 0.027118 0.024465 0.021719 0.018908
0.074512 0.071999 0.070232 0.068791 0.067555 0.066477 0.065532 0.064702 0.063975 0.063339 0.062784 0.062301 0.061881 0.061517 0.061200 0.060924 0.060680 0.060463 0.060265 0.060080 0.059901 0.059722 0.059537 0.059339 0.059122 0.058881 0.058608 0.058298 0.057945 0.057542 0.057084 0.056564 0.055975 0.055313 0.054569 0.053737 0.052812 0.051784 0.050649 0.049399 0.048028 0.046528 0.044896 0.043125 0.041211 0.039154 0.036951 0.034605 0.032118 0.029500
0.071763 0.070958 0.069753 0.068565 0.067484 0.066524 0.065684 0.064954 0.064326 0.063792 0.063343 0.062972 0.062669 0.062428 0.062240 0.062100 0.061999 0.061931 0.061889 0.061866 0.061856 0.061853 0.061851 0.061842 0.061822 0.061783 0.061721 0.061628 0.061500 0.061330 0.061111 0.060840 0.060508 0.060110 0.059640 0.059092 0.058459 0.057735 0.056913 0.055987 0.054949 0.053794 0.052515 0.051105 0.049558 0.047870 0.046035 0.044049 0.041911 0.039618
0.071897 0.070409 0.069231 0.068177 0.067229 0.066389 0.065656 0.065028 0.064500 0.064067 0.063721 0.063457 0.063266 0.063142 0.063077 0.063065 0.063099 0.063171 0.063275 0.063404 0.063553 0.063713 0.063880 0.064047 0.064208 0.064357 0.064487 0.064594 0.064672 0.064713 0.064714 0.064667 0.064567 0.064409 0.064186 0.063892 0.063521 0.063068 0.062525 0.061887 0.061147 0.060299 0.059336 0.058251 0.057039 0.055692 0.054204 0.052570 0.050785 0.048843
0.071435 0.070103 0.068907 0.067867 0.066962 0.066182 0.065518 0.064966 0.064520 0.064174 0.063921 0.063755 0.063668 0.063654 0.063704 0.063813 0.063972 0.064176 0.064416 0.064687 0.064982 0.065294 0.065617 0.065945 0.066272 0.066592 0.066899 0.067188 0.067452 0.067685 0.067882 0.068038 0.068147 0.068202 0.068199 0.068131 0.067993 0.067778 0.067481 0.067097 0.066618 0.066038 0.065351 0.064551 0.063632 0.062586 0.061407 0.060089 0.058626 0.057011
0.071520 0.069973 0.068712 0.067636 0.066718 0.065946 0.065309 0.064801 0.064412 0.064134 0.063959 0.063879 0.063885 0.063970 0.064127 0.064347 0.064623 0.064947 0.065313 0.065714 0.066144 0.066595 0.067061 0.067536 0.068014 0.068490 0.068956 0.069408 0.069839 0.070244 0.070617 0.070953 0.071246 0.071490 0.071680 0.071811 0.071876 0.071870 0.071787 0.071621 0.071367 0.071018 0.070568 0.070012 0.069343 0.068554 0.067640 0.066593 0.065407 0.064076
0.070764 0.069685 0.068484 0.067382 0.066432 0.065644 0.065013 0.064529 0.064180 0.063957 0.063847 0.063842 0.063932 0.064107 0.064359 0.064680 0.065062 0.065497 0.065977 0.066496 0.067048 0.067624 0.068219 0.068826 0.069440 0.070054 0.070662 0.071259 0.071839 0.072395 0.072924 0.073417 0.073872 0.074281 0.074639 0.074940 0.075180 0.075353 0.075452 0.075472 0.075408 0.075254 0.075003 0.074650 0.074189 0.073614 0.072918 0.072096 0.071140 0.070044
0.071822 0.069815 0.068281 0.067036 0.066023 0.065213 0.064587 0.064127 0.063817 0.063644 0.063596 0.063659 0.063824 0.064080 0.064418 0.064830 0.065306 0.065839 0.066422 0.067046 0.067706 0.068393 0.069102 0.069827 0.070560 0.071296 0.072029 0.072753 0.073462 0.074151 0.074813 0.075443 0.076035 0.076585 0.077086 0.077532 0.077919 0.078241 0.078492 0.078666 0.078758 0.078763 0.078674 0.078486 0.078192 0.077787 0.077265 0.076620 0.075845 0.074935
0.071273 0.069291 0.067684 0.066399 0.065380 0.064588 0.063995 0.063577 0.063317 0.063200 0.063211 0.063339 0.063573 0.063902 0.064317 0.064808 0.065368 0.065988 0.066659 0.067376 0.068130 0.068915 0.069723 0.070549 0.071386 0.072228 0.073069 0.073901 0.074721 0.075521 0.076297 0.077041 0.077750 0.078416 0.079035 0.079600 0.080106 0.080548 0.080921 0.081217 0.081432 0.081561 0.081597 0.081534 0.081368 0.081092 0.080700 0.080187 0.079546 0.078772
0.069471 0.067899 0.066529 0.065390 0.064476 0.063768 0.063245 0.062892 0.062693 0.062636 0.062707 0.062895 0.063191 0.063585 0.064066 0.064626 0.065258 0.065951 0.066700 0.067495 0.068331 0.069199 0.070092 0.071005 0.071930 0.072861 0.073791 0.074715 0.075627 0.076519 0.077387 0.078225 0.079026 0.079785 0.080496 0.081153 0.081751 0.082285 0.082747 0.083134 0.083438 0.083656 0.083780 0.083805 0.083727 0.083538 0.083233 0.082807 0.082253 0.081566
0.067766 0.066349 0.065190 0.064234 0.063460 0.062855 0.062413 0.062125 0.061983 0.061978 0.062100 0.062340 0.062687 0.063134 0.063671 0.064290 0.064981 0.065737 0.066550 0.067412 0.068316 0.069253 0.070218 0.071202 0.072200 0.073204 0.074208 0.075204 0.076188 0.077153 0.078092 0.078999 0.079869 0.080696 0.081473 0.082194 0.082855 0.083449 0.083970 0.084413 0.084773 0.085043 0.085218 0.085292 0.085261 0.085117 0.084856 0.084473 0.083960 0.083314
0.066071 0.065023 0.064088 0.063254 0.062551 0.061995 0.061591 0.061336 0.061226 0.061252 0.061408 0.061683 0.062069 0.062557 0.063138 0.063804 0.064544 0.065352 0.066218 0.067134 0.068093 0.069087 0.070109 0.071150 0.072204 0.073264 0.074322 0.075372 0.076408 0.077422 0.078409 0.079362 0.080274 0.081141 0.081955 0.082711 0.083402 0.084024 0.084570 0.085035 0.085413 0.085698 0.085885 0.085969 0.085943 0.085803 0.085543 0.085157 0.084640 0.083988
0.065675 0.064712 0.063614 0.062649 0.061862 0.061254 0.060819 0.060550 0.060437 0.060470 0.060638 0.060933 0.061344 0.061861 0.062475 0.063176 0.063955 0.064803 0.065710 0.066669 0.067670 0.068706 0.069769 0.070850 0.071942 0.073037 0.074129 0.075210 0.076274 0.077313 0.078320 0.079290 0.080216 0.081091 0.081911 0.082667 0.083356 0.083970 0.084504 0.084953 0.085311 0.085572 0.085731 0.085782 0.085721 0.085541 0.085238 0.084806 0.084241 0.083537
0.067620 0.065073 0.063437 0.062212 0.061268 0.060559 0.060058 0.059746 0.059608 0.059629 0.059796 0.060097 0.060521 0.061057 0.061692 0.062418 0.063224 0.064099 0.065034 0.066019 0.067046 0.068106 0.069190 0.070290 0.071397 0.072504 0.073603 0.074687 0.075749 0.076782 0.077778 0.078732 0.079637 0.080487 0.081275 0.081996 0.082643 0.083211 0.083694 0.084087 0.084384 0.084580 0.084669 0.084647 0.084508 0.084247 0.083859 0.083339 0.082682 0.081885
0.065601 0.064388 0.062906 0.061620 0.060592 0.059809 0.059250 0.058895 0.058727 0.058729 0.058887 0.059186 0.059612 0.060155 0.060800 0.061536 0.062353 0.063238 0.064181 0.065172 0.066202 0.067260 0.068338 0.069427 0.070519 0.071605 0.072678 0.073731 0.074756 0.075746 0.076694 0.077593 0.078438 0.079222 0.079940 0.080584 0.081149 0.081630 0.082021 0.082317 0.082513 0.082603 0.082582 0.082445 0.082188 0.081805 0.081293 0.080647 0.079861 0.078932
0.066732 0.064013 0.062251 0.060895 0.059822 0.058995 0.058395 0.058004 0.057807 0.057785 0.057925 0.058210 0.058626 0.059158 0.059794 0.060519 0.061321 0.062189 0.063110 0.064075 0.065073 0.066094 0.067128 0.068168 0.069205 0.070230 0.071235 0.072214 0.073159 0.074063 0.074920 0.075722 0.076465 0.077141 0.077745 0.078270 0.078712 0.079065 0.079324 0.079483 0.079538 0.079484 0.079315 0.079028 0.078617 0.078079 0.077410 0.076604 0.075659 0.074570
0.064000 0.062939 0.061508 0.060186 0.059076 0.058198 0.057547 0.057110 0.056870 0.056811 0.056914 0.057163 0.057542 0.058035 0.058626 0.059303 0.060052 0.060860 0.061715 0.062607 0.063525 0.064460 0.065403 0.066344 0.067276 0.068190 0.069079 0.069937 0.070755 0.071527 0.072247 0.072909 0.073505 0.074031 0.074480 0.074848 0.075128 0.075316 0.075406 0.075394 0.075274 0.075044 0.074697 0.074230 0.073640 0.072921 0.072071 0.071086 0.069961 0.068695
0.065609 0.063169 0.061279 0.059726 0.058468 0.057479 0.056739 0.056222 0.055909 0.055776 0.055805 0.055976 0.056271 0.056673 0.057167 0.057739 0.058374 0.059061 0.059788 0.060545 0.061323 0.062112 0.062904 0.063690 0.064462 0.065214 0.065937 0.066624 0.067270 0.067866 0.068407 0.068887 0.069299 0.069639 0.069899 0.070076 0.070164 0.070157 0.070052 0.069843 0.069527 0.069100 0.068557 0.067895 0.067111 0.066201 0.065163 0.063992 0.062687 0.061243
0.066193 0.063434 0.061161 0.059344 0.057901 0.056767 0.055897 0.055256 0.054816 0.054552 0.054441 0.054463 0.054600 0.054833 0.055149 0.055533 0.055974 0.056461 0.056985 0.057536 0.058106 0.058686 0.059268 0.059845 0.060407 0.060949 0.061463 0.061940 0.062376 0.062762 0.063094 0.063363 0.063565 0.063694 0.063744 0.063711 0.063589 0.063374 0.063061 0.062646 0.062127 0.061499 0.060759 0.059905 0.058934 0.057843 0.056629 0.055289 0.053823 0.052226
0.065953 0.062950 0.060623 0.058723 0.057154 0.055866 0.054819 0.053984 0.053333 0.052842 0.052490 0.052256 0.052125 0.052080 0.052112 0.052209 0.052364 0.052568 0.052814 0.053092 0.053396 0.053717 0.054045 0.054374 0.054694 0.054998 0.055277 0.055524 0.055732 0.055893 0.056002 0.056052 0.056036 0.055950 0.055787 0.055544 0.055215 0.054795 0.054283 0.053674 0.052967 0.052159 0.051247 0.050230 0.049104 0.047868 0.046519 0.045056 0.043476 0.041777
0.063926 0.061830 0.059723 0.057773 0.056027 0.054487 0.053145 0.051981 0.050977 0.050112 0.049369 0.048733 0.048194 0.047745 0.047380 0.047095 0.046886 0.046746 0.046667 0.046639 0.046652 0.046697 0.046762 0.046838 0.046915 0.046983 0.047033 0.047057 0.047046 0.046995 0.046895 0.046740 0.046524 0.046242 0.045888 0.045458 0.044948 0.044355 0.043679 0.042918 0.042070 0.041133 0.040106 0.038987 0.037773 0.036462 0.035053 0.033545 0.031934 0.030220
0.063856 0.061360 0.058841 0.056441 0.054214 0.052168 0.050297 0.048585 0.047015 0.045572 0.044248 0.043042 0.041956 0.040994 0.040162 0.039456 0.038870 0.038392 0.038009 0.037703 0.037462 0.037269 0.037111 0.036975 0.036849 0.036722 0.036584 0.036425 0.036238 0.036015 0.035748 0.035432 0.035061 0.034629 0.034131 0.033565 0.032929 0.032228 0.031461 0.030628 0.029727 0.028755 0.027711 0.026593 0.025397 0.024123 0.022769 0.021334 0.019816 0.018215
0.065885 0.061486 0.057711 0.054317 0.051197 0.048298 0.045589 0.043043 0.040645 0.038393 0.036309 0.034415 0.032726 0.031263 0.030024 0.028993 0.028143 0.027445 0.026874 0.026403 0.026011 0.025679 0.025390 0.025127 0.024879 0.024634 0.024381 0.024111 0.023817 0.023491 0.023127 0.022719 0.022264 0.021755 0.021189 0.020567 0.019907 0.019215 0.018485 0.017715 0.016900 0.016036 0.015121 0.014153 0.013130 0.012051 0.010913 0.009717 0.008460 0.007171
0.065739 0.060323 0.055369 0.050757 0.046431 0.042352 0.038488 0.034815 0.031340 0.028136 0.025277 0.022785 0.020694 0.019012 0.017673 0.016608 0.015757 0.015071 0.014514 0.014054 0.013666 0.013332 0.013033 0.012757 0.012491 0.012225 0.011952 0.011663 0.011353 0.011016 0.010648 0.010244 0.009800 0.009315 0.008783 0.008249 0.007757 0.007272 0.006778 0.006267 0.005734 0.005175 0.004589 0.003975 0.003330 0.002655 0.001948 0.001208 0.000433 0.000001
0.064455 0.058108 0.051732 0.045600 0.039763 0.034212 0.028919 0.023896 0.019303 0.015417 0.012245 0.009702 0.007949 0.006728 0.005835 0.005161 0.004640 0.004228 0.003896 0.003621 0.003387 0.003180 0.002990 0.002809 0.002630 0.002447 0.002255 0.002052 0.001833 0.001596 0.001338 0.001057 0.000751 0.000418 0.000053 0.000001 0.000001 0.000001 0.000001 0.000001 0.000001 0.000001 0.000001 0.000001 0.000001 0.000001 0.000001 0.000001 0.000001 0.000001
0.065404 0.056013 0.047441 0.039404 0.031800 0.024572 0.017684 0.011428 0.006605 0.003416 0.001148 0.000001 0.000001 0.000001 0.000001 0.000001 0.000001 0.000001 0.000001 0.000001 0.000001 0.000001 0.000001 0.000001 0.000001 0.000001 0.000001 0.000001 0.000001 0.000001 0.000001 0.000001 0.000001 0.000001 0.000001 0.000001 0.000001 0.000001 0.000001 0.000001 0.000001 0.000001 0.000001 0.000001 0.000001 0.000001 0.000001 0.000001 0.000001 0.000001
0.064603 0.053613 0.043136 0.033237 0.023861 0.014938 0.006651 0.000756 0.000001 0.000001 0.000001 0.000001 0.000001 0.000001 0.000001 0.000001 0.000001 0.000001 0.000001 0.000001 0.000001 0.000001 0.000001 0.000001 0.000001 0.000001 0.000001 0.000001 0.000001 0.000001 0.000001 0.000001 0.000001 0.000001 0.000001 0.000001 0.000001 0.000001 0.000001 0.000001 0.000001 0.000001 0.000001 0.000001 0.000001 0.000001 0.000001 0.000001 0.000001 0.000001
0.065060 0.051827 0.039591 0.028080 0.017151 0.006718 0.000001 0.000001 0.000001 0.000001 0.000001 0.000001 0.000001 0.000001 0.000001 0.000001 0.000001 0.000001 0.000001 0.000001 0.000001 0.000001 0.000001 0.000001 0.000001 0.000001 0.000001 0.000001 0.000001 0.000001 0.000001 0.000001 0.000001 0.000001 0.000001 0.000001 0.000001 0.000001 0.000001 0.000001 0.000001 0.000001 0.000001 0.000001 0.000001 0.000001 0.000001 0.000001 0.000001 0.000001
0.063671 0.049965 0.036804 0.024184 0.012061 0.000631 0.000001 0.000001 0.000001 0.000001 0.000001 0.000001 0.000001 0.000001 0.000001 0.000001 0.000001 0.000001 0.000001 0.000001 0.000001 0.000001 0.000001 0.000001 0.000001 0.000001 0.000001 0.000001 0.000001 0.000001 0.000001 0.000001 0.000001 0.000001 0.000001 0.000001 0.000001 0.000001 0.000001 0.000001 0.000001 0.000001 0.000001 0.000001 0.000001 0.000001 0.000001 0.000001 0.000001 0.000001
0.063127 0.048870 0.034951 0.021462 0.008392 0.000001 0.000001 0.000001 0.000001 0.000001 0.000001 0.000001 0.000001 0.000001 0.000001 0.000001 0.000001 0.000001 0.000001 0.000001 0.000001 0.000001 0.000001 0.000001 0.000001 0.000001 0.000001 0.000001 0.000001 0.000001 0.000001 0.000001 0.000001 0.000001 0.000001 0.000001 0.000001 0.000001 0.000001 0.000001 0.000001 0.000001 0.000001 0.000001 0.000001 0.000001 0.000001 0.000001 0.000001 0.000001
0.064358 0.048681 0.033850 0.019560 0.005683 0.000001 0.000001 0.000001 0.000001 0.000001 0.000001 0.000001 0.000001 0.000001 0.000001 0.000001 0.000001 0.000001 0.000001 0.000001 0.000001 0.000001 0.000001 0.000001 0.000001 0.000001 0.000001 0.000001 0.000001 0.000001 0.000001 0.000001 0.000001 0.000001 0.000001 0.000001 0.000001 0.000001 0.000001 0.000001 0.000001 0.000001 0.000001 0.000001 0.000001 0.000001 0.000001 0.000001 0.000001 0.000001
0.063299 0.047976 0.032824 0.017989 0.003462 0.000001 0.000001 0.000001 0.000001 0.000001 0.000001 0.000001 0.000001 0.000001 0.000001 0.000001 0.000001 0.000001 0.000001 0.000001 0.000001 0.000001 0.000001 0.000001 0.000001 0.000001 0.000001 0.000001 0.000001 0.000001 0.000001 0.000001 0.000001 0.000001 0.000001 0.000001 0.000001 0.000001 0.000001 0.000001 0.000001 0.000001 0.000001 0.000001 0.000001 0.000001 0.000001 0.000001 0.000001 0.000001
0.063834 0.047660 0.031968 0.016591 0.001467 0.000001 0.000001 0.000001 0.000001 0.000001 0.000001 0.000001 0.000001 0.000001 0.000001 0.000001 0.000001 0.000001 0.000001 0.000001 0.000001 0.000001 0.000001 0.000001 0.000001 0.000001 0.000001 0.000001 0.000001 0.000001 0.000001 0.000001 0.000001 0.000001 0.000001 0.000001 0.000001 0.000001 0.000001 0.000001 0.000001 0.000001 0.000001 0.000001 0.000001 0.000001 0.000001 0.000001 0.000001 0.000001
0.063540 0.047260 0.031139 0.015247 0.000001 0.000001 0.000001 0.000001 0.000001 0.000001 0.000001 0.000001 0.000001 0.000001 0.000001 0.000001 0.000001 0.000001 0.000001 0.000001 0.000001 0.000001 0.000001 0.000001 0.000001 0.000001 0.000001 0.000001 0.000001 0.000001 0.000001 0.000001 0.000001 0.000001 0.000001 0.000001 0.000001 0.000001 0.000001 0.000001 0.000001 0.000001 0.000001 0.000001 0.000001 0.000001 0.000001 0.000001 0.000001 0.000001
0.063661 0.046761 0.030176 0.013829 0.000001 0.000001 0.000001 0.000001 0.000001 0.000001 0.000001 0.000001 0.000001 0.000001 0.000001 0.000001 0.000001 0.000001 0.000001 0.000001 0.000001 0.000001 0.000001 0.000001 0.000001 0.000001 0.000001 0.000001 0.000001 0.000001 0.000001 0.000001 0.000001 0.000001 0.000001 0.000001 0.000001 0.000001 0.000001 0.000001 0.000001 0.000001 0.000001 0.000001 0.000001 0.000001 0.000001 0.000001 0.000001 0.000001
0.062868 0.045659 0.028900 0.012282 0.000001 0.000001 0.000001 0.000001 0.000001 0.000001 0.000001 0.000001 0.000001 0.000001 0.000001 0.000001 0.000001 0.000001 0.000001 0.000001 0.000001 0.000001 0.000001 0.000001 0.000001 0.000001 0.000001 0.000001 0.000001 0.000001 0.000001 0.000001 0.000001 0.000001 0.000001 0.000001 0.000001 0.000001 0.000001 0.000001 0.000001 0.000001 0.000001 0.000001 0.000001 0.000001 0.000001 0.000001 0.000001 0.000001
0.059924 0.044020 0.027488 0.010751 0.000001 0.000001 0.000001 0.000001 0.000001 0.000001 0.000001 0.000001 0.000001 0.000001 0.000001 0.000001 0.000001 0.000001 0.000001 0.000001 0.000001 0.000001 0.000001 0.000001 0.000001 0.000001 0.000001 0.000001 0.000001 0.000001 0.000001 0.000001 0.000001 0.000001 0.000001 0.000001 0.000001 0.000001 0.000001 0.000001 0.000001 0.000001 0.000001 0.000001 0.000001 0.000001 0.000001 0.000001 0.000001 0.000001
0.060387 0.043256 0.026434 0.009484 0.000001 0.000001 0.000001 0.000001 0.000001 0.000001 0.000001 0.000001 0.000001 0.000001 0.000001 0.000001 0.000001 0.000001 0.000001 0.000001 0.000001 0.000001 0.000001 0.000001 0.000001 0.000001 0.000001 0.000001 0.000001 0.000001 0.000001 0.000001 0.000001 0.000001 0.000001 0.000001 0.000001 0.000001 0.000001 0.000001 0.000001 0.000001 0.000001 0.000001 0.000001 0.000001 0.000001 0.000001 0.000001 0.000001
0.058303 0.042362 0.025655 0.008546 0.000001 0.000001 0.000001 0.000001 0.000001 0.000001 0.000001 0.000001 0.000001 0.000001 0.000001 0.000001 0.000001 0.000001 0.000001 0.000001 0.000001 0.000001 0.000001 0.000001 0.000001 0.000001 0.000001 0.000001 0.000001 0.000001 0.000001 0.000001 0.000001 0.000001 0.000001 0.000001 0.000001 0.000001 0.000001 0.000001 0.000001 0.000001 0.000001 0.000001 0.000001 0.000001 0.000001 0.000001 0.000001 0.000001
0.059615 0.042358 0.025241 0.007874 0.000001 0.000001 0.000001 0.000001 0.000001 0.000001 0.000001 0.000001 0.000001 0.000001 0.000001 0.000001 0.000001 0.000001 0.000001 0.000001 0.000001 0.000001 0.000001 0.000001 0.000001 0.000001 0.000001 0.000001 0.000001 0.000001 0.000001 0.000001 0.000001 0.000001 0.000001 0.000001 0.000001 0.000001 0.000001 0.000001 0.000001 0.000001 0.000001 0.000001 0.000001 0.000001 0.000001 0.000001 0.000001 0.000001
0.057815 0.041538 0.024577 0.007182 0.000001 0.000001 0.000001 0.000001 0.000001 0.000001 0.000001 0.000001 0.000001 0.000001 0.000001 0.000001 0.000001 0.000001 0.000001 0.000001 0.000001 0.000001 0.000001 0.000001 0.000001 0.000001 0.000001 0.000001 0.000001 0.000001 0.000001 0.000001 0.000001 0.000001 0.000001 0.000001 0.000001 0.000001 0.000001 0.000001 0.000001 0.000001 0.000001 0.000001 0.000001 0.000001 0.000001 0.000001 0.000001 0.000001
0.057356 0.040693 0.023698 0.006378 0.000001 0.000001 0.000001 0.000001 0.000001 0.000001 0.000001 0.000001 0.000001 0.000001 0.000001 0.000001 0.000001 0.000001 0.000001 0.000001 0.000001 0.000001 0.000001 0.000001 0.000001 0.000001 0.000001 0.000001 0.000001 0.000001 0.000001 0.000001 0.000001 0.000001 0.000001 0.000001 0.000001 0.000001 0.000001 0.000001 0.000001 0.000001 0.000001 0.000001 0.000001 0.000001 0.000001 0.000001 0.000001 0.000001
0.056178 0.039499 0.022590 0.005444 0.000001 0.000001 0.000001 0.000001 0.000001 0.000001 0.000001 0.000001 0.000001 0.000001 0.000001 0.000001 0.000001 0.000001 0.000001 0.000001 0.000001 0.000001 0.000001 0.000001 0.000001 0.000001 0.000001 0.000001 0.000001 0.000001 0.000001 0.000001 0.000001 0.000001 0.000001 0.000001 0.000001 0.000001 0.000001 0.000001 0.000001 0.000001 0.000001 0.000001 0.000001 0.000001 0.000001 0.000001 0.000001 0.000001
0.053723 0.037873 0.021315 0.004427 0.000001 0.000001 0.000001 0.000001 0.000001 0.000001 0.000001 0.000001 0.000001 0.000001 0.000001 0.000001 0.000001 0.000001 0.000001 0.000001 0.000001 0.000001 0.000001 0.000001 0.000001 0.000001 0.000001 0.000001 0.000001 0.000001 0.000001 0.000001 0.000001 0.000001 0.000001 0.000001 0.000001 0.000001 0.000001 0.000001 0.000001 0.000001 0.000001 0.000001 0.000001 0.000001 0.000001 0.000001 0.000001 0.000001
0.052747 0.036588 0.020085 0.003372 0.000001 0.000001 0.000001 0.000001 0.000001 0.000001 0.000001 0.000001 0.000001 0.000001 0.000001 0.000001 0.000001 0.000001 0.000001 0.000001 0.000001 0.000001 0.000001 0.000001 0.000001 0.000001 0.000001 0.000001 0.000001 0.000001 0.000001 0.000001 0.000001 0.000001 0.000001 0.000001 0.000001 0.000001 0.000001 0.000001 0.000001 0.000001 0.000001 0.000001 0.000001 0.000001 0.000001 0.000001 0.000001 0.000001
0.050640 0.034914 0.018632 0.002168 0.000001 0.000001 0.000001 0.000001 0.000001 0.000001 0.000001 0.000001 0.000001 0.000001 0.000001 0.000001 0.000001 0.000001 0.000001 0.000001 0.000001 0.000001 0.000001 0.000001 0.000001 0.000001 0.000001 0.000001 0.000001 0.000001 0.000001 0.000001 0.000001 0.000001 0.000001 0.000001 0.000001 0.000001 0.000001 0.000001 0.000001 0.000001 0.000001 0.000001 0.000001 0.000001 0.000001 0.000001 0.000001 0.000001
0.048799 0.032946 0.016934 0.000814 0.000001 0.000001 0.000001 0.000001 0.000001 0.000001 0.000001 0.000001 0.000001 0.000001 0.000001 0.000001 0.000001 0.000001 0.000001 0.000001 0.000001 0.000001 0.000001 0.000001 0.000001 0.000001 0.000001 0.000001 0.000001 0.000001 0.000001 0.000001 0.000001 0.000001 0.000001 0.000001 0.000001 0.000001 0.000001 0.000001 0.000001 0.000001 0.000001 0.000001 0.000001 0.000001 0.000001 0.000001 0.000001 0.000001
0.045280 0.030704 0.015263 0.000001 0.000001 0.000001 0.000001 0.000001 0.000001 0.000001 0.000001 0.000001 0.000001 0.000001 0.000001 0.000001 0.000001 0.000001 0.000001 0.000001 0.000001 0.000001 0.000001 0.000001 0.000001 0.000001 0.000001 0.000001 0.000001 0.000001 0.000001 0.000001 0.000001 0.000001 0.000001 0.000001 0.000001 0.000001 0.000001 0.000001 0.000001 0.000001 0.000001 0.000001 0.000001 0.000001 0.000001 0.000001 0.000001 0.000001
0.044822 0.029602 0.014152 0.000001 0.000001 0.000001 0.000001 0.000001 0.000001 0.000001 0.000001 0.000001 0.000001 0.000001 0.000001 0.000001 0.000001 0.000001 0.000001 0.000001 0.000001 0.000001 0.000001 0.000001 0.000001 0.000001 0.000001 0.000001 0.000001 0.000001 0.000001 0.000001 0.000001 0.000001 0.000001 0.000001 0.000001 0.000001 0.000001 0.000001 0.000001 0.000001 0.000001 0.000001 0.000001 0.000001 0.000001 0.000001 0.000001 0.000001
0.043633 0.028502 0.013254 0.000001 0.000001 0.000001 0.000001 0.000001 0.000001 0.000001 0.000001 0.000001 0.000001 0.000001 0.000001 0.000001 0.000001 0.000001 0.000001 0.000001 0.000001 0.000001 0.000001 0.000001 0.000001 0.000001 0.000001 0.000001 0.000001 0.000001 0.000001 0.000001 0.000001 0.000001 0.000001 0.000001 0.000001 0.000001 0.000001 0.000001 0.000001 0.000001 0.000001 0.000001 0.000001 0.000001 0.000001 0.000001 0.000001 0.000001
0.041122 0.027127 0.012436 0.000001 0.000001 0.000001 0.000001 0.000001 0.000001 0.000001 0.000001 0.000001 0.000001 0.000001 0.000001 0.000001 0.000001 0.000001 0.000001 0.000001 0.000001 0.000001 0.000001 0.000001 0.000001 0.000001 0.000001 0.000001 0.000001 0.000001 0.000001 0.000001 0.000001 0.000001 0.000001 0.000001 0.000001 0.000001 0.000001 0.000001 0.000001 0.000001 0.000001 0.000001 0.000001 0.000001 0.000001 0.000001 0.000001 0.000001
0.041106 0.026743 0.012103 0.000001 0.000001 0.000001 0.000001 0.000001 0.000001 0.000001 0.000001 0.000001 0.000001 0.000001 0.000001 0.000001 0.000001 0.000001 0.000001 0.000001 0.000001 0.000001 0.000001 0.000001 0.000001 0.000001 0.000001 0.000001 0.000001 0.000001 0.000001 0.000001 0.000001 0.000001 0.000001 0.000001 0.000001 0.000001 0.000001 0.000001 0.000001 0.000001 0.000001 0.000001 0.000001 0.000001 0.000001 0.000001 0.000001 0.000001
