0.000001 0.520070 0.000001 0.128965
0.000001 0.520299 0.000001 0.129044
0.000001 0.520749 0.000001 0.129201
0.000001 0.521407 0.000001 0.129435
0.000001 0.522253 0.000001 0.129745
0.000001 0.523261 0.000001 0.130127
0.000001 0.524399 0.000001 0.130574
0.000001 0.525633 0.000001 0.131077
0.000001 0.526927 0.000001 0.131627
0.000001 0.528240 0.000001 0.132208
0.000001 0.529533 0.000001 0.132804
0.000001 0.530770 0.000001 0.133396
0.000001 0.531912 0.000001 0.133963
0.000001 0.532925 0.000001 0.134485
0.000001 0.533777 0.000001 0.134941
0.000001 0.534439 0.000001 0.135309
0.000001 0.534882 0.000001 0.135573
0.000001 0.535081 0.000001 0.135715
0.000001 0.535010 0.000001 0.135722
0.000001 0.534647 0.000001 0.135585
0.000001 0.533966 0.000001 0.135296
0.000001 0.532946 0.000001 0.134852
0.000001 0.531565 0.000001 0.134251
0.000001 0.529804 0.000001 0.133493
0.000001 0.527647 0.000001 0.132583
0.000001 0.525080 0.000001 0.131523
0.000001 0.522093 0.000001 0.130322
0.000001 0.518683 0.000001 0.128987
0.000001 0.514849 0.000001 0.127526
0.000001 0.510596 0.000001 0.125953
0.000001 0.505933 0.000001 0.124280
0.000001 0.500874 0.000001 0.122524
0.000001 0.495437 0.000001 0.120704
0.000001 0.489642 0.000001 0.118844
0.000001 0.483512 0.000001 0.116974
0.000001 0.477073 0.000001 0.115128
0.000001 0.470352 0.000001 0.113349
0.000001 0.463377 0.000001 0.111686
0.000001 0.456178 0.000001 0.110198
0.000001 0.448784 0.000001 0.108953
0.000001 0.441226 0.000001 0.108036
0.000001 0.433531 0.000001 0.107548
0.000001 0.425728 0.000001 0.107611
0.000001 0.417839 0.000001 0.108371
0.000001 0.409885 0.000001 0.109995
0.000001 0.401875 0.000001 0.112678
0.000001 0.393807 0.000001 0.116646
0.001226 0.385665 0.000001 0.122159
0.009673 0.377457 0.000001 0.129343
0.022275 0.369317 0.000001 0.137838
0.037216 0.361387 0.000001 0.147267
0.053535 0.353783 0.000001 0.157369
0.070748 0.346596 0.000001 0.168012
0.088608 0.339890 0.000001 0.179147
0.106983 0.333707 0.000001 0.190784
0.125793 0.328071 0.000001 0.202958
0.144982 0.322983 0.003631 0.215766
0.164491 0.318416 0.008405 0.229467
0.184293 0.314335 0.012676 0.244100
0.204394 0.310703 0.016238 0.259582
0.224832 0.307472 0.019139 0.275784
0.245667 0.304588 0.021483 0.292569
0.266967 0.301987 0.023385 0.309798
0.288796 0.299603 0.024957 0.327339
0.311202 0.297365 0.026303 0.345061
0.334218 0.295204 0.027518 0.362844
0.357860 0.293050 0.028683 0.380573
0.382128 0.290838 0.029871 0.398146
0.406995 0.288505 0.031142 0.415471
0.432426 0.285990 0.032549 0.432476
0.458421 0.283237 0.034138 0.449101
0.485051 0.280190 0.035952 0.465295
0.512451 0.276796 0.038028 0.481019
0.540757 0.273011 0.040391 0.496244
0.570052 0.268798 0.043059 0.510951
0.600347 0.264131 0.046034 0.525126
0.631627 0.258992 0.049310 0.538751
0.663865 0.253372 0.052874 0.551801
0.696999 0.247271 0.056707 0.564244
0.730891 0.240695 0.060785 0.576037
0.765333 0.233656 0.065083 0.587127
0.800105 0.226172 0.069579 0.597447
0.835003 0.218262 0.074253 0.606918
0.869807 0.209953 0.079093 0.615452
0.904222 0.201273 0.084085 0.622956
0.937881 0.192262 0.089223 0.629343
0.970396 0.182964 0.094501 0.634532
1.001415 0.173433 0.099911 0.638465
1.030628 0.163733 0.105443 0.641111
1.057782 0.153941 0.111078 0.642482
1.082692 0.144156 0.116778 0.642639
1.105278 0.134497 0.122486 0.641697
1.125526 0.125114 0.128119 0.639829
1.143441 0.116184 0.133562 0.637258
1.158976 0.107916 0.138676 0.634253
1.172031 0.100536 0.143299 0.631109
1.182482 0.094277 0.147261 0.628131
1.190260 0.089360 0.150401 0.625602
1.195373 0.085969 0.152580 0.623767
1.197860 0.084239 0.153696 0.622804
