0.092620 0.092502 0.091586 0.090438 0.089246 0.088079 0.086963 0.085909 0.084924 0.084013 0.083180 0.082433 0.081778 0.081225 0.080783 0.080467 0.080395 0.080663 0.081285 0.082276 0.083602 0.084983 0.086378 0.087786 0.089205 0.090637 0.092079 0.093532 0.094995 0.096467 0.097949 0.099440 0.100939 0.102446 0.103960 0.105482 0.107010 0.108546 0.110087 0.111635 0.113187 0.114746 0.116309 0.117877 0.119450 0.121026 0.122607 0.124192 0.125780 0.127371
0.097901 0.094318 0.092238 0.090681 0.089343 0.088127 0.086998 0.085944 0.084964 0.084058 0.083230 0.082486 0.081834 0.081282 0.080841 0.080524 0.080449 0.080714 0.081333 0.082321 0.083648 0.085034 0.086433 0.087844 0.089267 0.090701 0.092146 0.093601 0.095066 0.096540 0.098023 0.099515 0.101015 0.102523 0.104038 0.105561 0.107090 0.108625 0.110167 0.111715 0.113268 0.114826 0.116390 0.117958 0.119530 0.121107 0.122687 0.124271 0.125859 0.127450
0.094420 0.093293 0.091922 0.090590 0.089342 0.088172 0.087073 0.086041 0.085076 0.084181 0.083360 0.082621 0.081971 0.081419 0.080977 0.080657 0.080575 0.080832 0.081444 0.082425 0.083753 0.085147 0.086553 0.087970 0.089398 0.090837 0.092286 0.093744 0.095212 0.096689 0.098175 0.099669 0.101171 0.102680 0.104197 0.105720 0.107250 0.108787 0.110329 0.111877 0.113430 0.114988 0.116551 0.118119 0.119691 0.121267 0.122847 0.124431 0.126018 0.127608
0.092514 0.092373 0.091541 0.090503 0.089415 0.088334 0.087284 0.086280 0.085330 0.084442 0.083623 0.082882 0.082228 0.081671 0.081222 0.080896 0.080799 0.081043 0.081642 0.082612 0.083937 0.085340 0.086753 0.088177 0.089611 0.091055 0.092509 0.093971 0.095443 0.096923 0.098411 0.099907 0.101411 0.102922 0.104440 0.105964 0.107495 0.109031 0.110574 0.112122 0.113675 0.115233 0.116795 0.118362 0.119934 0.121509 0.123088 0.124670 0.126255 0.127844
0.095684 0.093439 0.092124 0.090999 0.089906 0.088829 0.087777 0.086766 0.085804 0.084903 0.084070 0.083315 0.082646 0.082073 0.081610 0.081268 0.081150 0.081373 0.081953 0.082905 0.084222 0.085632 0.087052 0.088481 0.089920 0.091368 0.092826 0.094291 0.095766 0.097248 0.098738 0.100236 0.101741 0.103252 0.104770 0.106295 0.107826 0.109362 0.110904 0.112451 0.114003 0.115560 0.117121 0.118687 0.120256 0.121830 0.123406 0.124987 0.126570 0.128156
0.094304 0.094233 0.093278 0.092103 0.090903 0.089732 0.088608 0.087539 0.086532 0.085592 0.084725 0.083939 0.083242 0.082644 0.082156 0.081791 0.081644 0.081840 0.082394 0.083323 0.084627 0.086040 0.087463 0.088895 0.090336 0.091787 0.093245 0.094712 0.096188 0.097670 0.099161 0.100658 0.102163 0.103674 0.105191 0.106715 0.108244 0.109779 0.111319 0.112864 0.114414 0.115968 0.117527 0.119090 0.120657 0.122227 0.123801 0.125378 0.126958 0.128541
0.098875 0.096996 0.095228 0.093655 0.092229 0.090914 0.089689 0.088542 0.087473 0.086480 0.085567 0.084741 0.084008 0.083376 0.082858 0.082465 0.082284 0.082448 0.082973 0.083874 0.085160 0.086572 0.087994 0.089425 0.090866 0.092315 0.093772 0.095238 0.096711 0.098193 0.099681 0.101176 0.102678 0.104187 0.105701 0.107222 0.108748 0.110279 0.111816 0.113358 0.114904 0.116454 0.118009 0.119568 0.121131 0.122697 0.124266 0.125839 0.127414 0.128993
0.103116 0.098984 0.096730 0.095022 0.093525 0.092149 0.090866 0.089665 0.088544 0.087504 0.086548 0.085682 0.084912 0.084246 0.083696 0.083274 0.083057 0.083187 0.083681 0.084555 0.085819 0.087227 0.088644 0.090071 0.091506 0.092951 0.094404 0.095866 0.097335 0.098811 0.100295 0.101785 0.103283 0.104786 0.106296 0.107811 0.109332 0.110858 0.112389 0.113926 0.115466 0.117011 0.118560 0.120113 0.121670 0.123230 0.124794 0.126361 0.127930 0.129502
0.096208 0.097949 0.097284 0.096041 0.094685 0.093343 0.092053 0.090829 0.089678 0.088606 0.087617 0.086718 0.085916 0.085221 0.084642 0.084192 0.083943 0.084040 0.084505 0.085351 0.086593 0.087993 0.089402 0.090822 0.092250 0.093687 0.095133 0.096587 0.098048 0.099517 0.100994 0.102477 0.103967 0.105463 0.106965 0.108473 0.109986 0.111505 0.113029 0.114557 0.116090 0.117628 0.119170 0.120715 0.122264 0.123817 0.125373 0.126932 0.128494 0.130059
0.104151 0.100722 0.098858 0.097341 0.095923 0.094562 0.093259 0.092018 0.090847 0.089752 0.088739 0.087816 0.086990 0.086270 0.085668 0.085196 0.084918 0.084986 0.085423 0.086245 0.087465 0.088854 0.090253 0.091662 0.093080 0.094507 0.095942 0.097386 0.098837 0.100296 0.101762 0.103235 0.104715 0.106201 0.107694 0.109192 0.110696 0.112205 0.113719 0.115238 0.116762 0.118290 0.119823 0.121359 0.122899 0.124443 0.125990 0.127540 0.129093 0.130649
0.102997 0.101795 0.100227 0.098691 0.097226 0.095830 0.094500 0.093238 0.092047 0.090933 0.089901 0.088958 0.088113 0.087375 0.086753 0.086263 0.085960 0.086002 0.086414 0.087213 0.088413 0.089789 0.091175 0.092570 0.093975 0.095389 0.096811 0.098241 0.099680 0.101126 0.102580 0.104041 0.105508 0.106983 0.108463 0.109949 0.111442 0.112939 0.114442 0.115950 0.117463 0.118980 0.120501 0.122027 0.123556 0.125090 0.126626 0.128166 0.129709 0.131255
0.104702 0.103176 0.101608 0.100061 0.098567 0.097139 0.095779 0.094492 0.093280 0.092147 0.091097 0.090137 0.089275 0.088520 0.087882 0.087374 0.087049 0.087066 0.087454 0.088229 0.089408 0.090768 0.092138 0.093518 0.094907 0.096305 0.097712 0.099127 0.100551 0.101982 0.103422 0.104868 0.106321 0.107782 0.109248 0.110721 0.112200 0.113685 0.115175 0.116670 0.118170 0.119675 0.121185 0.122698 0.124216 0.125738 0.127263 0.128791 0.130323 0.131858
0.106971 0.104826 0.103089 0.101471 0.099932 0.098469 0.097083 0.095773 0.094541 0.093389 0.092321 0.091343 0.090463 0.089690 0.089034 0.088509 0.088160 0.088150 0.088512 0.089263 0.090419 0.091760 0.093112 0.094473 0.095844 0.097224 0.098614 0.100012 0.101419 0.102834 0.104257 0.105688 0.107126 0.108571 0.110023 0.111482 0.112946 0.114417 0.115893 0.117375 0.118861 0.120353 0.121850 0.123351 0.124856 0.126365 0.127878 0.129394 0.130914 0.132437
0.107170 0.106137 0.104487 0.102836 0.101271 0.099792 0.098391 0.097066 0.095816 0.094645 0.093557 0.092559 0.091657 0.090862 0.090185 0.089638 0.089263 0.089222 0.089554 0.090276 0.091405 0.092726 0.094056 0.095398 0.096749 0.098111 0.099482 0.100862 0.102251 0.103649 0.105056 0.106470 0.107892 0.109322 0.110758 0.112201 0.113651 0.115107 0.116569 0.118037 0.119510 0.120988 0.122472 0.123959 0.125452 0.126948 0.128449 0.129953 0.131460 0.132971
0.111337 0.107797 0.105755 0.104095 0.102562 0.101099 0.099698 0.098360 0.097090 0.095894 0.094779 0.093752 0.092823 0.092000 0.091296 0.090723 0.090317 0.090240 0.090538 0.091227 0.092324 0.093622 0.094931 0.096252 0.097584 0.098926 0.100279 0.101641 0.103013 0.104394 0.105784 0.107182 0.108589 0.110003 0.111424 0.112853 0.114288 0.115730 0.117178 0.118632 0.120091 0.121556 0.123026 0.124501 0.125981 0.127464 0.128952 0.130444 0.131940 0.133439
0.106890 0.107616 0.106699 0.105352 0.103899 0.102439 0.101014 0.099640 0.098331 0.097095 0.095941 0.094877 0.093912 0.093056 0.092320 0.091717 0.091276 0.091158 0.091417 0.092067 0.093129 0.094406 0.095695 0.096997 0.098310 0.099635 0.100971 0.102316 0.103672 0.105038 0.106412 0.107795 0.109187 0.110587 0.111994 0.113409 0.114830 0.116259 0.117694 0.119134 0.120581 0.122033 0.123491 0.124953 0.126420 0.127892 0.129368 0.130848 0.132331 0.133819
0.113210 0.110618 0.108740 0.107034 0.105397 0.103816 0.102297 0.100848 0.099475 0.098184 0.096981 0.095873 0.094868 0.093975 0.093205 0.092570 0.092093 0.091932 0.092148 0.092758 0.093779 0.095038 0.096311 0.097597 0.098895 0.100205 0.101526 0.102858 0.104200 0.105552 0.106913 0.108283 0.109662 0.111049 0.112444 0.113846 0.115255 0.116672 0.118094 0.119523 0.120958 0.122398 0.123844 0.125295 0.126751 0.128211 0.129676 0.131144 0.132617 0.134093
0.115493 0.112859 0.110627 0.108620 0.106766 0.105031 0.103400 0.101866 0.100425 0.099078 0.097828 0.096679 0.095637 0.094710 0.093908 0.093243 0.092734 0.092528 0.092700 0.093267 0.094245 0.095490 0.096752 0.098027 0.099314 0.100612 0.101923 0.103243 0.104575 0.105916 0.107266 0.108625 0.109993 0.111370 0.112754 0.114145 0.115544 0.116950 0.118362 0.119780 0.121204 0.122634 0.124070 0.125510 0.126955 0.128405 0.129859 0.131317 0.132780 0.134245
0.115195 0.113686 0.111621 0.109575 0.107649 0.105847 0.104160 0.102578 0.101097 0.099716 0.098435 0.097257 0.096188 0.095236 0.094409 0.093719 0.093181 0.092931 0.093060 0.093582 0.094515 0.095748 0.097004 0.098272 0.099552 0.100844 0.102146 0.103460 0.104783 0.106116 0.107458 0.108809 0.110168 0.111536 0.112911 0.114294 0.115684 0.117080 0.118483 0.119892 0.121307 0.122728 0.124154 0.125584 0.127020 0.128460 0.129905 0.131354 0.132806 0.134262
0.117984 0.114278 0.111879 0.109848 0.107973 0.106208 0.104540 0.102965 0.101483 0.100095 0.098803 0.097612 0.096528 0.095558 0.094712 0.094002 0.093442 0.093149 0.093232 0.093708 0.094593 0.095811 0.097065 0.098331 0.099608 0.100895 0.102194 0.103502 0.104820 0.106147 0.107483 0.108827 0.110180 0.111541 0.112909 0.114284 0.115666 0.117055 0.118450 0.119851 0.121257 0.122669 0.124087 0.125509 0.126936 0.128368 0.129804 0.131243 0.132687 0.134134
0.112886 0.112786 0.111371 0.109678 0.107959 0.106282 0.104667 0.103124 0.101659 0.100278 0.098986 0.097789 0.096695 0.095713 0.094852 0.094123 0.093542 0.093205 0.093240 0.093665 0.094497 0.095694 0.096948 0.098213 0.099488 0.100774 0.102069 0.103374 0.104688 0.106010 0.107341 0.108680 0.110027 0.111382 0.112744 0.114112 0.115488 0.116869 0.118257 0.119651 0.121050 0.122455 0.123864 0.125279 0.126698 0.128121 0.129549 0.130980 0.132416 0.133854
0.116480 0.113520 0.111480 0.109682 0.107973 0.106322 0.104729 0.103199 0.101739 0.100357 0.099059 0.097854 0.096747 0.095749 0.094870 0.094122 0.093517 0.093133 0.093115 0.093482 0.094253 0.095415 0.096670 0.097934 0.099207 0.100490 0.101783 0.103084 0.104394 0.105712 0.107038 0.108372 0.109714 0.111063 0.112419 0.113781 0.115150 0.116525 0.117906 0.119293 0.120685 0.122082 0.123484 0.124891 0.126302 0.127718 0.129137 0.130561 0.131988 0.133418
0.115148 0.113421 0.111632 0.109866 0.108139 0.106462 0.104842 0.103288 0.101807 0.100404 0.099086 0.097859 0.096732 0.095711 0.094808 0.094034 0.093402 0.092967 0.092886 0.093188 0.093888 0.094998 0.096249 0.097510 0.098780 0.100060 0.101348 0.102644 0.103949 0.105262 0.106583 0.107911 0.109247 0.110589 0.111939 0.113295 0.114657 0.116025 0.117399 0.118778 0.120163 0.121552 0.122947 0.124346 0.125750 0.127157 0.128569 0.129984 0.131403 0.132825
0.114918 0.113785 0.112098 0.110272 0.108455 0.106696 0.105011 0.103404 0.101879 0.100439 0.099088 0.097831 0.096674 0.095625 0.094692 0.093886 0.093221 0.092731 0.092578 0.092804 0.093425 0.094459 0.095704 0.096958 0.098222 0.099495 0.100776 0.102066 0.103364 0.104670 0.105984 0.107305 0.108634 0.109969 0.111311 0.112659 0.114014 0.115374 0.116741 0.118112 0.119489 0.120871 0.122257 0.123648 0.125043 0.126442 0.127846 0.129253 0.130663 0.132077
0.118375 0.115379 0.112924 0.110758 0.108769 0.106908 0.105153 0.103493 0.101924 0.100446 0.099059 0.097769 0.096579 0.095496 0.094529 0.093688 0.092985 0.092442 0.092207 0.092347 0.092878 0.093817 0.095044 0.096289 0.097543 0.098806 0.100078 0.101359 0.102649 0.103946 0.105251 0.106563 0.107883 0.109210 0.110543 0.111883 0.113229 0.114581 0.115938 0.117301 0.118669 0.120041 0.121419 0.122801 0.124187 0.125578 0.126972 0.128369 0.129771 0.131175
0.118789 0.115494 0.113005 0.110835 0.108837 0.106960 0.105184 0.103500 0.101905 0.100398 0.098982 0.097660 0.096437 0.095321 0.094318 0.093440 0.092698 0.092105 0.091780 0.091826 0.092257 0.093092 0.094277 0.095509 0.096751 0.098002 0.099263 0.100533 0.101811 0.103098 0.104392 0.105694 0.107004 0.108320 0.109644 0.110973 0.112309 0.113651 0.114998 0.116351 0.117709 0.119072 0.120440 0.121812 0.123188 0.124568 0.125953 0.127340 0.128732 0.130126
0.114576 0.113978 0.112392 0.110556 0.108694 0.106873 0.105115 0.103429 0.101820 0.100292 0.098849 0.097498 0.096244 0.095094 0.094056 0.093140 0.092357 0.091721 0.091304 0.091247 0.091571 0.092292 0.093406 0.094623 0.095851 0.097089 0.098337 0.099594 0.100860 0.102134 0.103417 0.104707 0.106005 0.107309 0.108621 0.109939 0.111264 0.112594 0.113930 0.115272 0.116619 0.117971 0.119327 0.120688 0.122053 0.123422 0.124796 0.126172 0.127552 0.128936
0.116768 0.114439 0.112404 0.110482 0.108616 0.106797 0.105032 0.103329 0.101695 0.100140 0.098667 0.097284 0.095997 0.094813 0.093740 0.092787 0.091965 0.091286 0.090786 0.090620 0.090828 0.091428 0.092436 0.093639 0.094852 0.096075 0.097309 0.098552 0.099804 0.101065 0.102334 0.103611 0.104895 0.106187 0.107486 0.108791 0.110103 0.111420 0.112744 0.114073 0.115407 0.116746 0.118090 0.119439 0.120792 0.122148 0.123509 0.124874 0.126241 0.127612
0.118040 0.114903 0.112666 0.110646 0.108701 0.106812 0.104984 0.103227 0.101547 0.099949 0.098439 0.097020 0.095699 0.094482 0.093374 0.092385 0.091525 0.090805 0.090242 0.089959 0.090046 0.090517 0.091390 0.092564 0.093762 0.094971 0.096189 0.097417 0.098655 0.099900 0.101155 0.102417 0.103687 0.104964 0.106249 0.107540 0.108837 0.110141 0.111450 0.112765 0.114085 0.115410 0.116740 0.118075 0.119414 0.120757 0.122104 0.123454 0.124808 0.126166
0.114723 0.114697 0.113009 0.110951 0.108867 0.106849 0.104922 0.103090 0.101352 0.099709 0.098160 0.096708 0.095355 0.094107 0.092969 0.091948 0.091053 0.090294 0.089686 0.089290 0.089248 0.089583 0.090312 0.091415 0.092597 0.093790 0.094993 0.096205 0.097426 0.098656 0.099894 0.101141 0.102395 0.103656 0.104924 0.106199 0.107481 0.108768 0.110062 0.111361 0.112665 0.113975 0.115289 0.116608 0.117932 0.119259 0.120591 0.121926 0.123265 0.124608
0.121623 0.116982 0.113825 0.111212 0.108880 0.106735 0.104733 0.102852 0.101079 0.099406 0.097832 0.096357 0.094981 0.093708 0.092544 0.091494 0.090568 0.089775 0.089126 0.088644 0.088466 0.088658 0.089235 0.090210 0.091377 0.092553 0.093738 0.094933 0.096136 0.097349 0.098569 0.099798 0.101034 0.102277 0.103528 0.104785 0.106049 0.107318 0.108594 0.109876 0.111163 0.112455 0.113752 0.115054 0.116360 0.117670 0.118985 0.120304 0.121626 0.122951
0.119264 0.116040 0.113182 0.110691 0.108437 0.106345 0.104376 0.102511 0.100742 0.099067 0.097485 0.095997 0.094606 0.093315 0.092129 0.091055 0.090100 0.089274 0.088588 0.088054 0.087740 0.087779 0.088195 0.089003 0.090126 0.091283 0.092448 0.093623 0.094807 0.095999 0.097199 0.098408 0.099624 0.100847 0.102077 0.103315 0.104558 0.105808 0.107065 0.108326 0.109594 0.110867 0.112144 0.113427 0.114714 0.116006 0.117302 0.118602 0.119906 0.121213
0.115200 0.113386 0.111621 0.109740 0.107809 0.105885 0.104003 0.102183 0.100434 0.098765 0.097179 0.095682 0.094276 0.092968 0.091761 0.090663 0.089680 0.088822 0.088098 0.087521 0.087112 0.086988 0.087232 0.087860 0.088872 0.090005 0.091148 0.092299 0.093460 0.094629 0.095806 0.096992 0.098185 0.099386 0.100594 0.101809 0.103030 0.104258 0.105492 0.106733 0.107978 0.109230 0.110486 0.111748 0.113015 0.114286 0.115561 0.116841 0.118125 0.119413
0.112022 0.112452 0.111250 0.109532 0.107652 0.105741 0.103857 0.102027 0.100264 0.098578 0.096975 0.095458 0.094031 0.092700 0.091469 0.090344 0.089332 0.088441 0.087680 0.087060 0.086595 0.086325 0.086388 0.086824 0.087649 0.088746 0.089862 0.090987 0.092121 0.093264 0.094415 0.095574 0.096742 0.097917 0.099100 0.100290 0.101487 0.102690 0.103901 0.105117 0.106339 0.107567 0.108801 0.110040 0.111284 0.112533 0.113786 0.115045 0.116307 0.117574
0.120252 0.115797 0.112830 0.110358 0.108111 0.106001 0.103997 0.102087 0.100268 0.098537 0.096895 0.095345 0.093888 0.092528 0.091268 0.090114 0.089071 0.088145 0.087347 0.086685 0.086170 0.085822 0.085700 0.085935 0.086548 0.087532 0.088617 0.089711 0.090815 0.091928 0.093050 0.094180 0.095319 0.096466 0.097621 0.098784 0.099954 0.101131 0.102315 0.103506 0.104702 0.105906 0.107114 0.108329 0.109549 0.110775 0.112005 0.113241 0.114481 0.115725
0.120032 0.116835 0.113772 0.111066 0.108626 0.106374 0.104264 0.102272 0.100387 0.098604 0.096918 0.095329 0.093837 0.092445 0.091155 0.089970 0.088895 0.087937 0.087102 0.086400 0.085839 0.085434 0.085206 0.085231 0.085622 0.086396 0.087436 0.088497 0.089567 0.090647 0.091737 0.092836 0.093944 0.095061 0.096186 0.097320 0.098461 0.099610 0.100766 0.101929 0.103099 0.104276 0.105459 0.106648 0.107844 0.109045 0.110251 0.111463 0.112680 0.113902
0.119331 0.116149 0.113631 0.111221 0.108886 0.106644 0.104505 0.102473 0.100546 0.098721 0.096998 0.095376 0.093854 0.092433 0.091115 0.089902 0.088800 0.087812 0.086944 0.086205 0.085603 0.085148 0.084856 0.084753 0.084912 0.085445 0.086345 0.087370 0.088405 0.089451 0.090506 0.091572 0.092647 0.093732 0.094826 0.095929 0.097040 0.098159 0.099287 0.100422 0.101565 0.102714 0.103871 0.105035 0.106205 0.107381 0.108563 0.109752 0.110945 0.112145
0.114991 0.115332 0.113605 0.111392 0.109105 0.106865 0.104712 0.102657 0.100705 0.098855 0.097108 0.095462 0.093918 0.092475 0.091136 0.089902 0.088777 0.087764 0.086869 0.086099 0.085460 0.084963 0.084620 0.084444 0.084465 0.084749 0.085403 0.086361 0.087358 0.088368 0.089389 0.090420 0.091462 0.092515 0.093577 0.094648 0.095729 0.096819 0.097918 0.099025 0.100140 0.101263 0.102394 0.103532 0.104677 0.105830 0.106988 0.108154 0.109325 0.110503
0.124364 0.118288 0.114724 0.111926 0.109432 0.107110 0.104918 0.102840 0.100871 0.099006 0.097244 0.095584 0.094025 0.092569 0.091215 0.089967 0.088825 0.087794 0.086878 0.086083 0.085415 0.084882 0.084495 0.084264 0.084207 0.084351 0.084755 0.085497 0.086461 0.087435 0.088421 0.089419 0.090428 0.091449 0.092480 0.093522 0.094573 0.095635 0.096706 0.097786 0.098875 0.099973 0.101079 0.102193 0.103315 0.104445 0.105581 0.106725 0.107876 0.109034
0.119053 0.117287 0.114701 0.112116 0.109661 0.107338 0.105138 0.103052 0.101073 0.099199 0.097428 0.095759 0.094191 0.092726 0.091363 0.090104 0.088951 0.087907 0.086976 0.086162 0.085471 0.084911 0.084488 0.084214 0.084100 0.084162 0.084429 0.084945 0.085748 0.086695 0.087649 0.088615 0.089594 0.090584 0.091587 0.092601 0.093625 0.094661 0.095706 0.096762 0.097827 0.098902 0.099986 0.101079 0.102180 0.103290 0.104408 0.105533 0.106666 0.107806
0.119440 0.117036 0.114676 0.112284 0.109923 0.107638 0.105445 0.103353 0.101363 0.099477 0.097694 0.096014 0.094437 0.092963 0.091593 0.090327 0.089167 0.088115 0.087174 0.086348 0.085641 0.085060 0.084611 0.084302 0.084144 0.084149 0.084333 0.084721 0.085345 0.086208 0.087126 0.088067 0.089020 0.089983 0.090961 0.091951 0.092952 0.093965 0.094989 0.096024 0.097070 0.098125 0.099191 0.100266 0.101351 0.102444 0.103546 0.104657 0.105775 0.106902
0.120572 0.118010 0.115439 0.112933 0.110507 0.108173 0.105938 0.103809 0.101787 0.099874 0.098068 0.096371 0.094780 0.093297 0.091919 0.090648 0.089484 0.088429 0.087484 0.086653 0.085938 0.085345 0.084879 0.084547 0.084358 0.084321 0.084448 0.084755 0.085264 0.085996 0.086923 0.087862 0.088780 0.089726 0.090686 0.091654 0.092638 0.093634 0.094642 0.095661 0.096691 0.097733 0.098785 0.099848 0.100920 0.102003 0.103094 0.104195 0.105304 0.106422
0.123418 0.119891 0.116845 0.114048 0.111429 0.108958 0.106623 0.104418 0.102339 0.100383 0.098546 0.096826 0.095220 0.093728 0.092346 0.091075 0.089914 0.088863 0.087923 0.087095 0.086383 0.085789 0.085318 0.084975 0.084768 0.084703 0.084792 0.085046 0.085479 0.086111 0.086954 0.087964 0.088971 0.089926 0.090860 0.091815 0.092791 0.093776 0.094772 0.095783 0.096805 0.097839 0.098884 0.099940 0.101007 0.102084 0.103170 0.104267 0.105373 0.106488
0.124413 0.121317 0.118176 0.115201 0.112414 0.109807 0.107367 0.105083 0.102947 0.100951 0.099088 0.097353 0.095741 0.094249 0.092875 0.091615 0.090467 0.089432 0.088509 0.087698 0.087001 0.086419 0.085958 0.085619 0.085410 0.085335 0.085404 0.085625 0.086011 0.086575 0.087333 0.088292 0.089408 0.090538 0.091580 0.092576 0.093550 0.094518 0.095515 0.096527 0.097548 0.098579 0.099624 0.100682 0.101750 0.102828 0.103916 0.105016 0.106125 0.107244
0.126391 0.122475 0.119121 0.116034 0.113159 0.110482 0.107991 0.105672 0.103515 0.101510 0.099649 0.097923 0.096328 0.094858 0.093510 0.092279 0.091163 0.090160 0.089270 0.088492 0.087826 0.087274 0.086838 0.086521 0.086327 0.086261 0.086329 0.086540 0.086902 0.087427 0.088128 0.089018 0.090102 0.091343 0.092634 0.093825 0.094947 0.096011 0.097043 0.098060 0.099073 0.100114 0.101172 0.102239 0.103312 0.104399 0.105499 0.106609 0.107728 0.108857
0.125373 0.122555 0.119390 0.116343 0.113497 0.110853 0.108397 0.106117 0.104001 0.102039 0.100222 0.098544 0.096997 0.095577 0.094279 0.093100 0.092037 0.091087 0.090249 0.089522 0.088905 0.088400 0.088008 0.087731 0.087571 0.087533 0.087622 0.087844 0.088206 0.088718 0.089390 0.090235 0.091265 0.092484 0.093867 0.095334 0.096739 0.098043 0.099274 0.100441 0.101559 0.102649 0.103727 0.104795 0.105881 0.106991 0.108112 0.109239 0.110373 0.111520
0.127066 0.122572 0.119161 0.116200 0.113498 0.110995 0.108665 0.106496 0.104480 0.102609 0.100877 0.099280 0.097811 0.096468 0.095245 0.094140 0.093149 0.092271 0.091503 0.090845 0.090296 0.089855 0.089525 0.089305 0.089199 0.089208 0.089338 0.089593 0.089980 0.090504 0.091176 0.092005 0.093004 0.094183 0.095547 0.097083 0.098734 0.100395 0.101940 0.103400 0.104776 0.106080 0.107327 0.108525 0.109690 0.110841 0.111983 0.113118 0.114278 0.115457
0.123212 0.120922 0.118427 0.115927 0.113512 0.111216 0.109054 0.107026 0.105135 0.103378 0.101751 0.100253 0.098880 0.097629 0.096497 0.095481 0.094578 0.093787 0.093105 0.092531 0.092064 0.091704 0.091451 0.091306 0.091271 0.091347 0.091538 0.091847 0.092280 0.092842 0.093541 0.094384 0.095382 0.096545 0.097885 0.099409 0.101110 0.102955 0.104864 0.106717 0.108455 0.110106 0.111668 0.113151 0.114563 0.115915 0.117219 0.118481 0.119717 0.120942
0.122330 0.120943 0.118720 0.116385 0.114109 0.111940 0.109894 0.107976 0.106188 0.104530 0.103002 0.101601 0.100324 0.099169 0.098133 0.097213 0.096406 0.095711 0.095125 0.094647 0.094275 0.094009 0.093848 0.093793 0.093845 0.094005 0.094276 0.094660 0.095161 0.095785 0.096536 0.097422 0.098450 0.099630 0.100973 0.102489 0.104187 0.106067 0.108110 0.110266 0.112446 0.114520 0.116495 0.118377 0.120166 0.121870 0.123493 0.125043 0.126527 0.127957
0.128836 0.123706 0.120526 0.117928 0.115583 0.113409 0.111389 0.109514 0.107784 0.106194 0.104741 0.103422 0.102232 0.101169 0.100227 0.099405 0.098699 0.098106 0.097623 0.097249 0.096983 0.096822 0.096766 0.096815 0.096969 0.097229 0.097598 0.098076 0.098667 0.099374 0.100203 0.101158 0.102247 0.103476 0.104856 0.106396 0.108106 0.109997 0.112073 0.114326 0.116727 0.119210 0.121675 0.124019 0.126271 0.128425 0.130483 0.132449 0.134327 0.136121
0.125695 0.124976 0.122684 0.120183 0.117783 0.115554 0.113505 0.111632 0.109927 0.108382 0.106989 0.105741 0.104633 0.103658 0.102811 0.102089 0.101487 0.101001 0.100630 0.100369 0.100217 0.100172 0.100233 0.100399 0.100671 0.101048 0.101531 0.102122 0.102823 0.103636 0.104567 0.105618 0.106795 0.108105 0.109556 0.111155 0.112912 0.114839 0.116945 0.119237 0.121717 0.124369 0.127155 0.129994 0.132763 0.135423 0.137988 0.140454 0.142821 0.145091
0.133955 0.129207 0.125830 0.122957 0.120400 0.118102 0.116034 0.114174 0.112505 0.111013 0.109687 0.108517 0.107496 0.106616 0.105871 0.105256 0.104766 0.104397 0.104145 0.104008 0.103982 0.104065 0.104257 0.104555 0.104958 0.105468 0.106084 0.106806 0.107637 0.108579 0.109635 0.110807 0.112101 0.113522 0.115075 0.116768 0.118610 0.120610 0.122778 0.125124 0.127659 0.130388 0.133307 0.136392 0.139592 0.142809 0.145915 0.148928 0.151842 0.154656
0.134763 0.131521 0.128313 0.125473 0.122964 0.120732 0.118739 0.116959 0.115375 0.113974 0.112744 0.111675 0.110760 0.109991 0.109363 0.108869 0.108505 0.108266 0.108148 0.108147 0.108261 0.108487 0.108824 0.109269 0.109821 0.110481 0.111247 0.112121 0.113102 0.114194 0.115398 0.116716 0.118153 0.119713 0.121400 0.123221 0.125183 0.127294 0.129563 0.132000 0.134617 0.137424 0.140429 0.143636 0.147035 0.150595 0.154239 0.157833 0.161322 0.164716
0.136366 0.132743 0.130002 0.127574 0.125363 0.123352 0.121536 0.119909 0.118464 0.117194 0.116093 0.115153 0.114369 0.113733 0.113241 0.112886 0.112665 0.112572 0.112603 0.112755 0.113026 0.113411 0.113909 0.114518 0.115236 0.116063 0.116999 0.118043 0.119196 0.120459 0.121834 0.123322 0.124927 0.126653 0.128504 0.130484 0.132599 0.134857 0.137266 0.139834 0.142572 0.145491 0.148601 0.151915 0.155439 0.159173 0.163099 0.167167 0.171260 0.175249
0.134199 0.133600 0.131826 0.129856 0.127939 0.126152 0.124524 0.123066 0.121779 0.120661 0.119710 0.118920 0.118287 0.117804 0.117466 0.117270 0.117209 0.117279 0.117477 0.117800 0.118242 0.118803 0.119480 0.120270 0.121172 0.122186 0.123309 0.124543 0.125887 0.127342 0.128909 0.130591 0.132389 0.134306 0.136347 0.138515 0.140815 0.143254 0.145838 0.148575 0.151474 0.154545 0.157799 0.161248 0.164905 0.168779 0.172876 0.177191 0.181689 0.186277
0.141409 0.137511 0.134992 0.132886 0.131005 0.129316 0.127814 0.126495 0.125357 0.124393 0.123600 0.122972 0.122503 0.122187 0.122020 0.121997 0.122112 0.122362 0.122743 0.123251 0.123883 0.124636 0.125507 0.126495 0.127598 0.128815 0.130144 0.131585 0.133139 0.134806 0.136587 0.138483 0.140496 0.142628 0.144884 0.147266 0.149779 0.152428 0.155219 0.158159 0.161256 0.164518 0.167957 0.171582 0.175406 0.179442 0.183702 0.188196 0.192927 0.197873
0.141956 0.140618 0.138423 0.136311 0.134437 0.132808 0.131405 0.130212 0.129217 0.128408 0.127777 0.127317 0.127021 0.126883 0.126898 0.127059 0.127364 0.127806 0.128383 0.129090 0.129925 0.130884 0.131964 0.133165 0.134483 0.135919 0.137470 0.139136 0.140917 0.142813 0.144825 0.146955 0.149203 0.151572 0.154065 0.156685 0.159435 0.162321 0.165347 0.168521 0.171847 0.175336 0.178995 0.182834 0.186865 0.191101 0.195554 0.200238 0.205166 0.210346
0.149237 0.144804 0.141992 0.139825 0.138031 0.136521 0.135253 0.134206 0.133364 0.132717 0.132255 0.131969 0.131853 0.131899 0.132103 0.132458 0.132960 0.133605 0.134387 0.135303 0.136351 0.137527 0.138829 0.140254 0.141801 0.143468 0.145254 0.147159 0.149182 0.151323 0.153583 0.155963 0.158464 0.161088 0.163837 0.166715 0.169725 0.172871 0.176157 0.179589 0.183174 0.186918 0.190829 0.194917 0.199192 0.203664 0.208347 0.213255 0.218402 0.223802
0.148360 0.146792 0.144987 0.143284 0.141769 0.140465 0.139375 0.138496 0.137822 0.137343 0.137054 0.136945 0.137012 0.137246 0.137642 0.138195 0.138899 0.139750 0.140744 0.141877 0.143146 0.144547 0.146078 0.147737 0.149522 0.151431 0.153463 0.155618 0.157895 0.160294 0.162815 0.165459 0.168228 0.171123 0.174146 0.177299 0.180587 0.184012 0.187578 0.191292 0.195158 0.199183 0.203373 0.207739 0.212287 0.217030 0.221978 0.227144 0.232543 0.238190
0.151146 0.150172 0.148737 0.147268 0.145932 0.144789 0.143855 0.143133 0.142619 0.142305 0.142186 0.142253 0.142500 0.142921 0.143510 0.144260 0.145168 0.146229 0.147437 0.148790 0.150284 0.151915 0.153682 0.155581 0.157611 0.159770 0.162057 0.164471 0.167011 0.169678 0.172471 0.175392 0.178440 0.181618 0.184928 0.188372 0.191952 0.195673 0.199537 0.203550 0.207717 0.212043 0.216536 0.221202 0.226050 0.231091 0.236333 0.241789 0.247473 0.253398
0.158928 0.155858 0.153660 0.151963 0.150612 0.149541 0.148719 0.148129 0.147759 0.147599 0.147641 0.147877 0.148300 0.148904 0.149682 0.150629 0.151740 0.153010 0.154434 0.156008 0.157729 0.159594 0.161599 0.163743 0.166024 0.168438 0.170986 0.173666 0.176477 0.179420 0.182493 0.185699 0.189037 0.192509 0.196117 0.199862 0.203748 0.207777 0.211953 0.216280 0.220764 0.225408 0.230221 0.235207 0.240376 0.245736 0.251297 0.257069 0.263065 0.269298
0.163597 0.160544 0.158435 0.156827 0.155571 0.154604 0.153897 0.153433 0.153198 0.153183 0.153378 0.153776 0.154370 0.155152 0.156116 0.157257 0.158568 0.160046 0.161685 0.163482 0.165431 0.167531 0.169779 0.172170 0.174704 0.177378 0.180191 0.183142 0.186230 0.189455 0.192816 0.196314 0.199949 0.203723 0.207637 0.211694 0.215894 0.220243 0.224741 0.229395 0.234207 0.239184 0.244330 0.249652 0.255158 0.260855 0.266753 0.272862 0.279192 0.285756
0.164456 0.164113 0.162973 0.161764 0.160715 0.159891 0.159309 0.158969 0.158864 0.158987 0.159329 0.159884 0.160643 0.161599 0.162747 0.164079 0.165590 0.167276 0.169130 0.171149 0.173328 0.175665 0.178155 0.180797 0.183587 0.186524 0.189606 0.192832 0.196201 0.199712 0.203365 0.207161 0.211100 0.215182 0.219410 0.223784 0.228308 0.232983 0.237813 0.242802 0.247953 0.253271 0.258762 0.264432 0.270287 0.276335 0.282584 0.289044 0.295725 0.302639
0.172225 0.170092 0.168452 0.167146 0.166126 0.165376 0.164888 0.164656 0.164671 0.164925 0.165410 0.166117 0.167039 0.168169 0.169498 0.171022 0.172732 0.174625 0.176695 0.178937 0.181347 0.183922 0.186657 0.189551 0.192600 0.195802 0.199156 0.202660 0.206314 0.210115 0.214065 0.218163 0.222409 0.226805 0.231351 0.236049 0.240901 0.245909 0.251077 0.256408 0.261905 0.267573 0.273417 0.279443 0.285656 0.292064 0.298676 0.305498 0.312542 0.319818
0.179358 0.176103 0.174103 0.172685 0.171654 0.170945 0.170530 0.170393 0.170522 0.170905 0.171531 0.172392 0.173477 0.174780 0.176292 0.178007 0.179918 0.182019 0.184305 0.186772 0.189414 0.192227 0.195210 0.198357 0.201667 0.205136 0.208765 0.212549 0.216490 0.220585 0.224834 0.229237 0.233794 0.238507 0.243375 0.248401 0.253586 0.258932 0.264442 0.270120 0.275968 0.281991 0.288193 0.294581 0.301159 0.307935 0.314915 0.322108 0.329523 0.337171
0.180746 0.180452 0.179221 0.178015 0.177071 0.176436 0.176110 0.176078 0.176327 0.176843 0.177614 0.178629 0.179880 0.181358 0.183053 0.184960 0.187072 0.189382 0.191886 0.194577 0.197452 0.200506 0.203736 0.207138 0.210710 0.214449 0.218353 0.222420 0.226650 0.231040 0.235591 0.240302 0.245174 0.250206 0.255399 0.260755 0.266276 0.271963 0.277818 0.283846 0.290048 0.296430 0.302994 0.309747 0.316694 0.323841 0.331194 0.338762 0.346554 0.354577
0.189639 0.186474 0.184536 0.183209 0.182309 0.181768 0.181553 0.181644 0.182024 0.182679 0.183599 0.184771 0.186187 0.187838 0.189717 0.191815 0.194126 0.196645 0.199365 0.202281 0.205388 0.208683 0.212161 0.215819 0.219654 0.223664 0.227845 0.232197 0.236717 0.241404 0.246259 0.251279 0.256466 0.261819 0.267340 0.273028 0.278886 0.284916 0.291119 0.297498 0.304057 0.310798 0.317727 0.324847 0.332164 0.339683 0.347412 0.355357 0.363526 0.371928
0.193149 0.190784 0.189190 0.188078 0.187344 0.186947 0.186866 0.187087 0.187598 0.188390 0.189451 0.190774 0.192350 0.194169 0.196226 0.198511 0.201019 0.203743 0.206678 0.209817 0.213157 0.216692 0.220418 0.224332 0.228431 0.232711 0.237171 0.241807 0.246619 0.251605 0.256764 0.262095 0.267599 0.273274 0.279122 0.285144 0.291340 0.297713 0.304264 0.310995 0.317910 0.325012 0.332305 0.339792 0.347479 0.355371 0.363475 0.371796 0.380342 0.389123
0.194448 0.194474 0.193718 0.192943 0.192381 0.192100 0.192120 0.192440 0.193056 0.193960 0.195146 0.196604 0.198326 0.200304 0.202529 0.204996 0.207695 0.210621 0.213768 0.217129 0.220699 0.224473 0.228447 0.232617 0.236980 0.241532 0.246270 0.251192 0.256296 0.261581 0.267045 0.272687 0.278508 0.284506 0.290682 0.297037 0.303572 0.310287 0.317186 0.324269 0.331539 0.339000 0.346655 0.354508 0.362564 0.370826 0.379302 0.387997 0.396918 0.406074
0.203235 0.200846 0.199322 0.198282 0.197624 0.197316 0.197344 0.197698 0.198372 0.199355 0.200638 0.202211 0.204065 0.206190 0.208578 0.211219 0.214105 0.217230 0.220586 0.224167 0.227967 0.231981 0.236203 0.240629 0.245255 0.250079 0.255096 0.260304 0.265701 0.271285 0.277054 0.283008 0.289145 0.295466 0.301969 0.308657 0.315528 0.322586 0.329830 0.337263 0.344887 0.352705 0.360719 0.368935 0.377355 0.385985 0.394829 0.403893 0.413184 0.422710
0.209830 0.206918 0.204990 0.203685 0.202853 0.202435 0.202406 0.202748 0.203445 0.204483 0.205848 0.207526 0.209504 0.211772 0.214318 0.217132 0.220205 0.223529 0.227094 0.230896 0.234926 0.239179 0.243649 0.248332 0.253223 0.258318 0.263615 0.269109 0.274799 0.280681 0.286756 0.293020 0.299473 0.306115 0.312945 0.319963 0.327170 0.334567 0.342154 0.349934 0.357908 0.366079 0.374450 0.383023 0.391803 0.400795 0.410001 0.419429 0.429084 0.438972
0.212828 0.211487 0.209943 0.208605 0.207654 0.207140 0.207060 0.207395 0.208125 0.209226 0.210681 0.212471 0.214581 0.216997 0.219707 0.222698 0.225961 0.229485 0.233264 0.237287 0.241549 0.246043 0.250763 0.255704 0.260860 0.266228 0.271804 0.277585 0.283567 0.289748 0.296126 0.302700 0.309468 0.316429 0.323583 0.330929 0.338469 0.346201 0.354128 0.362250 0.370570 0.379089 0.387810 0.396736 0.405870 0.415215 0.424778 0.434561 0.444571 0.454813
0.218966 0.216730 0.214473 0.212783 0.211689 0.211141 0.211085 0.211481 0.212294 0.213500 0.215075 0.217000 0.219259 0.221837 0.224720 0.227897 0.231356 0.235087 0.239082 0.243331 0.247828 0.252565 0.257536 0.262735 0.268158 0.273799 0.279654 0.285720 0.291993 0.298472 0.305152 0.312033 0.319113 0.326391 0.333865 0.341536 0.349404 0.357468 0.365729 0.374189 0.382848 0.391709 0.400773 0.410044 0.419524 0.429216 0.439124 0.449254 0.459609 0.470195
0.227066 0.220481 0.217385 0.215668 0.214723 0.214345 0.214452 0.215001 0.215963 0.217316 0.219043 0.221126 0.223550 0.226302 0.229369 0.232738 0.236400 0.240342 0.244557 0.249035 0.253768 0.258749 0.263972 0.269431 0.275119 0.281032 0.287166 0.293516 0.300079 0.306852 0.313832 0.321017 0.328406 0.335996 0.343787 0.351778 0.359968 0.368358 0.376947 0.385737 0.394729 0.403924 0.413323 0.422930 0.432746 0.442774 0.453019 0.463484 0.474173 0.485091
0.216437 0.218413 0.218133 0.217538 0.217140 0.217085 0.217419 0.218150 0.219274 0.220785 0.222669 0.224914 0.227508 0.230437 0.233690 0.237254 0.241119 0.245275 0.249710 0.254418 0.259388 0.264614 0.270089 0.275805 0.281758 0.287942 0.294352 0.300984 0.307833 0.314898 0.322174 0.329659 0.337351 0.345249 0.353350 0.361655 0.370161 0.378869 0.387779 0.396892 0.406207 0.415727 0.425452 0.435384 0.445526 0.455880 0.466449 0.477236 0.488246 0.499483
0.223638 0.221848 0.220912 0.220261 0.219915 0.219934 0.220349 0.221173 0.222404 0.224034 0.226051 0.228442 0.231194 0.234293 0.237728 0.241484 0.245551 0.249917 0.254572 0.259508 0.264714 0.270183 0.275907 0.281880 0.288095 0.294546 0.301229 0.308139 0.315271 0.322623 0.330190 0.337969 0.345960 0.354158 0.362563 0.371173 0.379988 0.389006 0.398228 0.407653 0.417282 0.427116 0.437156 0.447402 0.457858 0.468524 0.479404 0.490501 0.501817 0.513358
0.230137 0.227500 0.225357 0.223954 0.223196 0.223004 0.223330 0.224140 0.225408 0.227112 0.229232 0.231749 0.234645 0.237905 0.241513 0.245456 0.249721 0.254295 0.259167 0.264327 0.269767 0.275476 0.281447 0.287672 0.294146 0.300861 0.307812 0.314995 0.322405 0.330037 0.337888 0.345956 0.354237 0.362728 0.371429 0.380336 0.389450 0.398769 0.408292 0.418019 0.427950 0.438086 0.448428 0.458976 0.469731 0.480696 0.491873 0.503264 0.514871 0.526699
0.237583 0.232180 0.229144 0.227270 0.226223 0.225862 0.226106 0.226899 0.228199 0.229971 0.232188 0.234825 0.237862 0.241278 0.245058 0.249185 0.253644 0.258423 0.263509 0.268891 0.274560 0.280505 0.286719 0.293192 0.299919 0.306893 0.314107 0.321557 0.329237 0.337143 0.345272 0.353619 0.362181 0.370957 0.379943 0.389138 0.398540 0.408148 0.417961 0.427978 0.438199 0.448624 0.459254 0.470089 0.481129 0.492378 0.503835 0.515504 0.527386 0.539484
0.233027 0.232600 0.230827 0.229321 0.228406 0.228116 0.228421 0.229283 0.230667 0.232540 0.234875 0.237646 0.240830 0.244408 0.248360 0.252671 0.257324 0.262305 0.267602 0.273204 0.279097 0.285274 0.291725 0.298442 0.305416 0.312642 0.320112 0.327821 0.335763 0.343935 0.352331 0.360948 0.369783 0.378832 0.388093 0.397564 0.407242 0.417127 0.427216 0.437509 0.448006 0.458706 0.469609 0.480715 0.492025 0.503541 0.515262 0.527191 0.539329 0.551680
0.239750 0.234548 0.232054 0.230643 0.229935 0.229829 0.230289 0.231290 0.232806 0.234813 0.237287 0.240206 0.243547 0.247291 0.251419 0.255914 0.260759 0.265941 0.271446 0.277261 0.283375 0.289778 0.296460 0.303412 0.310627 0.318096 0.325814 0.333773 0.341969 0.350396 0.359050 0.367926 0.377021 0.386332 0.395855 0.405589 0.415530 0.425678 0.436029 0.446584 0.457341 0.468300 0.479460 0.490821 0.502383 0.514147 0.526114 0.538285 0.550661 0.563245
0.234586 0.233988 0.232752 0.231777 0.231285 0.231333 0.231926 0.233055 0.234702 0.236844 0.239459 0.242527 0.246025 0.249934 0.254236 0.258911 0.263945 0.269323 0.275029 0.281052 0.287380 0.294001 0.300906 0.308086 0.315531 0.323235 0.331190 0.339389 0.347827 0.356499 0.365398 0.374521 0.383864 0.393423 0.403195 0.413178 0.423367 0.433762 0.444360 0.455160 0.466161 0.477361 0.488760 0.500358 0.512154 0.524149 0.536343 0.548736 0.561331 0.574127
0.238458 0.236411 0.234654 0.233438 0.232843 0.232872 0.233501 0.234698 0.236437 0.238689 0.241428 0.244631 0.248275 0.252340 0.256805 0.261653 0.266867 0.272431 0.278330 0.284552 0.291084 0.297914 0.305033 0.312429 0.320095 0.328022 0.336203 0.344631 0.353298 0.362201 0.371333 0.380689 0.390265 0.400058 0.410064 0.420278 0.430700 0.441326 0.452153 0.463181 0.474407 0.485831 0.497451 0.509266 0.521277 0.533483 0.545883 0.558479 0.571271 0.584260
0.245162 0.239976 0.236946 0.235218 0.234415 0.234368 0.234986 0.236216 0.238015 0.240349 0.243189 0.246507 0.250280 0.254485 0.259100 0.264108 0.269489 0.275229 0.281310 0.287720 0.294445 0.301472 0.308792 0.316394 0.324268 0.332406 0.340800 0.349442 0.358326 0.367445 0.376794 0.386368 0.396162 0.406172 0.416394 0.426825 0.437461 0.448300 0.459338 0.470575 0.482008 0.493636 0.505457 0.517470 0.529675 0.542071 0.554658 0.567436 0.580405 0.593565
0.243252 0.239983 0.237781 0.236350 0.235642 0.235624 0.236263 0.237523 0.239368 0.241766 0.244687 0.248102 0.251986 0.256315 0.261067 0.266220 0.271757 0.277658 0.283909 0.290495 0.297400 0.304613 0.312122 0.319916 0.327985 0.336320 0.344912 0.353754 0.362838 0.372159 0.381709 0.391484 0.401479 0.411689 0.422109 0.432737 0.443569 0.454601 0.465832 0.477258 0.488878 0.500689 0.512691 0.524882 0.537261 0.549826 0.562579 0.575517 0.588642 0.601954
0.239849 0.239908 0.238520 0.237291 0.236623 0.236606 0.237245 0.238517 0.240392 0.242839 0.245825 0.249324 0.253306 0.257747 0.262622 0.267910 0.273590 0.279643 0.286052 0.292801 0.299875 0.307261 0.314946 0.322918 0.331167 0.339684 0.348459 0.357485 0.366753 0.376258 0.385992 0.395950 0.406127 0.416517 0.427117 0.437923 0.448931 0.460137 0.471540 0.483135 0.494922 0.506897 0.519059 0.531406 0.543938 0.556653 0.569551 0.582630 0.595891 0.609333
0.250441 0.243639 0.240234 0.238321 0.237377 0.237233 0.237812 0.239065 0.240951 0.243434 0.246479 0.250053 0.254127 0.258674 0.263666 0.269081 0.274897 0.281092 0.287650 0.294552 0.301782 0.309328 0.317175 0.325311 0.333725 0.342408 0.351350 0.360542 0.369977 0.379647 0.389547 0.399669 0.410009 0.420561 0.431321 0.442285 0.453449 0.464810 0.476364 0.488108 0.500041 0.512160 0.524462 0.536947 0.549612 0.562457 0.575480 0.588681 0.602058 0.615612
0.245412 0.242974 0.240380 0.238496 0.237449 0.237213 0.237738 0.238975 0.240877 0.243401 0.246509 0.250164 0.254334 0.258987 0.264096 0.269635 0.275581 0.281912 0.288609 0.295653 0.303029 0.310720 0.318715 0.327000 0.335563 0.344395 0.353486 0.362827 0.372410 0.382227 0.392272 0.402540 0.413023 0.423718 0.434618 0.445721 0.457022 0.468518 0.480204 0.492079 0.504139 0.516383 0.528807 0.541411 0.554192 0.567148 0.580280 0.593584 0.607062 0.620711
0.246239 0.242511 0.239650 0.237666 0.236555 0.236284 0.236806 0.238068 0.240019 0.242612 0.245804 0.249556 0.253831 0.258596 0.263823 0.269485 0.275556 0.282014 0.288840 0.296014 0.303521 0.311345 0.319471 0.327887 0.336582 0.345545 0.354767 0.364237 0.373949 0.383895 0.394068 0.404462 0.415070 0.425888 0.436912 0.448135 0.459555 0.471168 0.482970 0.494958 0.507129 0.519481 0.532011 0.544718 0.557598 0.570652 0.583877 0.597272 0.610835 0.624567
0.246425 0.241142 0.237790 0.235662 0.234539 0.234313 0.234907 0.236258 0.238308 0.241007 0.244309 0.248173 0.252562 0.257443 0.262785 0.268562 0.274748 0.281321 0.288262 0.295551 0.303171 0.311109 0.319349 0.327879 0.336687 0.345762 0.355096 0.364679 0.374502 0.384559 0.394842 0.405345 0.416062 0.426988 0.438118 0.449447 0.460971 0.472686 0.484589 0.496677 0.508945 0.521393 0.534016 0.546813 0.559782 0.572921 0.586228 0.599702 0.613341 0.627145
0.239753 0.236994 0.234243 0.232362 0.231423 0.231364 0.232115 0.233611 0.235797 0.238621 0.242041 0.246017 0.250513 0.255496 0.260938 0.266812 0.273094 0.279763 0.286798 0.294181 0.301896 0.309928 0.318263 0.326888 0.335791 0.344963 0.354392 0.364071 0.373991 0.384144 0.394524 0.405123 0.415936 0.426958 0.438183 0.449606 0.461224 0.473032 0.485026 0.497203 0.509560 0.522094 0.534802 0.547682 0.560731 0.573948 0.587330 0.600876 0.614584 0.628453
0.238763 0.232879 0.229912 0.228277 0.227599 0.227756 0.228679 0.230316 0.232618 0.235542 0.239049 0.243104 0.247673 0.252726 0.258236 0.264178 0.270529 0.277267 0.284373 0.291829 0.299618 0.307727 0.316140 0.324845 0.333830 0.343085 0.352600 0.362364 0.372371 0.382612 0.393080 0.403768 0.414671 0.425781 0.437095 0.448607 0.460313 0.472208 0.484288 0.496551 0.508992 0.521608 0.534397 0.547356 0.560482 0.573773 0.587228 0.600843 0.614618 0.628550
0.226663 0.226723 0.225268 0.224108 0.223627 0.223887 0.224870 0.226542 0.228866 0.231807 0.235328 0.239398 0.243986 0.249062 0.254601 0.260578 0.266969 0.273754 0.280912 0.288425 0.296277 0.304451 0.312935 0.321713 0.330776 0.340110 0.349706 0.359555 0.369647 0.379975 0.390530 0.401307 0.412298 0.423498 0.434901 0.446502 0.458296 0.470279 0.482446 0.494795 0.507320 0.520020 0.532890 0.545928 0.559131 0.572497 0.586024 0.599709 0.613551 0.627547
0.231131 0.225267 0.222254 0.220561 0.219808 0.219872 0.220694 0.222230 0.224440 0.227288 0.230738 0.234757 0.239313 0.244376 0.249917 0.255910 0.262330 0.269154 0.276361 0.283932 0.291849 0.300094 0.308654 0.317513 0.326659 0.336081 0.345767 0.355707 0.365893 0.376315 0.386966 0.397838 0.408925 0.420221 0.431719 0.443415 0.455303 0.467379 0.479638 0.492076 0.504690 0.517477 0.530432 0.543553 0.556837 0.570281 0.583883 0.597641 0.611553 0.625616
0.225122 0.221885 0.218904 0.216777 0.215559 0.215215 0.215697 0.216961 0.218960 0.221651 0.224991 0.228940 0.233459 0.238513 0.244069 0.250096 0.256566 0.263453 0.270734 0.278387 0.286393 0.294734 0.303392 0.312354 0.321606 0.331135 0.340929 0.350979 0.361274 0.371806 0.382566 0.393547 0.404742 0.416144 0.427748 0.439548 0.451539 0.463715 0.476073 0.488609 0.501318 0.514196 0.527242 0.540450 0.553819 0.567346 0.581027 0.594861 0.608846 0.622979
0.223408 0.218336 0.214431 0.211574 0.209753 0.208931 0.209055 0.210063 0.211893 0.214484 0.217782 0.221733 0.226289 0.231407 0.237048 0.243175 0.249758 0.256766 0.264175 0.271960 0.280100 0.288577 0.297373 0.306471 0.315859 0.325524 0.335452 0.345634 0.356059 0.366719 0.377606 0.388711 0.400027 0.411549 0.423269 0.435183 0.447285 0.459570 0.472034 0.484672 0.497481 0.510457 0.523597 0.536897 0.550354 0.563965 0.577729 0.591641 0.605701 0.619906
0.218379 0.211879 0.206863 0.203293 0.201034 0.199967 0.199983 0.200985 0.202881 0.205591 0.209042 0.213170 0.217919 0.223238 0.229085 0.235419 0.242207 0.249418 0.257025 0.265005 0.273334 0.281995 0.290970 0.300242 0.309799 0.319626 0.329713 0.340048 0.350622 0.361427 0.372453 0.383694 0.395141 0.406790 0.418634 0.430668 0.442886 0.455283 0.467856 0.480599 0.493510 0.506584 0.519819 0.533210 0.546755 0.560451 0.574295 0.588286 0.602420 0.616695
0.206683 0.199134 0.193996 0.190573 0.188611 0.187934 0.188390 0.189850 0.192204 0.195359 0.199237 0.203769 0.208899 0.214577 0.220760 0.227410 0.234495 0.241984 0.249854 0.258080 0.266643 0.275525 0.284708 0.294179 0.303924 0.313931 0.324188 0.334687 0.345418 0.356372 0.367541 0.378919 0.390499 0.402275 0.414241 0.426392 0.438723 0.451229 0.463906 0.476750 0.489758 0.502925 0.516249 0.529726 0.543353 0.557128 0.571048 0.585111 0.599313 0.613654
0.182928 0.179339 0.176067 0.174109 0.173467 0.173984 0.175506 0.177910 0.181096 0.184985 0.189512 0.194622 0.200266 0.206405 0.213003 0.220029 0.227455 0.235257 0.243412 0.251902 0.260709 0.269816 0.279210 0.288877 0.298806 0.308986 0.319407 0.330060 0.340936 0.352028 0.363329 0.374832 0.386531 0.398421 0.410495 0.422750 0.435180 0.447781 0.460549 0.473481 0.486572 0.499819 0.513219 0.526770 0.540467 0.554309 0.568293 0.582417 0.596677 0.611073
0.164142 0.158649 0.157209 0.157523 0.158897 0.161086 0.163982 0.167519 0.171650 0.176334 0.181538 0.187228 0.193375 0.199954 0.206938 0.214306 0.222037 0.230113 0.238516 0.247230 0.256242 0.265537 0.275104 0.284931 0.295009 0.305327 0.315877 0.326651 0.337641 0.348840 0.360242 0.371841 0.383630 0.395606 0.407762 0.420095 0.432599 0.445271 0.458107 0.471103 0.484256 0.497562 0.511019 0.524623 0.538372 0.552263 0.566293 0.580461 0.594764 0.609200
0.134258 0.139682 0.143265 0.146414 0.149643 0.153163 0.157067 0.161397 0.166165 0.171373 0.177012 0.183069 0.189530 0.196377 0.203596 0.211169 0.219081 0.227318 0.235865 0.244710 0.253839 0.263241 0.272906 0.282823 0.292984 0.303379 0.314000 0.324841 0.335894 0.347152 0.358609 0.370260 0.382099 0.394121 0.406321 0.418696 0.431240 0.443950 0.456822 0.469853 0.483038 0.496376 0.509862 0.523495 0.537271 0.551188 0.565243 0.579435 0.593760 0.608217
