0.115488 0.119914 0.124969 0.130287 0.135770 0.141387 0.147128 0.152991 0.158977 0.165086 0.171321 0.177683 0.184175 0.190798 0.197555 0.204448 0.211452 0.218547 0.225738 0.233028 0.240426 0.247956 0.255619 0.263416 0.271346 0.279407 0.287598 0.295920 0.304370 0.312948 0.321652 0.330482 0.339435 0.348511 0.357708 0.367024 0.376459 0.386010 0.395677 0.405457 0.415349 0.425351 0.435462 0.445681 0.456005 0.466432 0.476962 0.487593 0.498322 0.509148
0.112603 0.119324 0.124995 0.130501 0.136044 0.141677 0.147417 0.153273 0.159249 0.165349 0.171576 0.177931 0.184417 0.191035 0.197788 0.204678 0.211680 0.218773 0.225963 0.233252 0.240650 0.248179 0.255842 0.263638 0.271567 0.279628 0.287821 0.296142 0.304593 0.313171 0.321876 0.330706 0.339660 0.348736 0.357933 0.367250 0.376685 0.386237 0.395904 0.405684 0.415577 0.425579 0.435691 0.445909 0.456233 0.466661 0.477191 0.487822 0.498551 0.509377
0.117253 0.120775 0.125801 0.131161 0.136653 0.142253 0.147966 0.153799 0.159756 0.165839 0.172052 0.178396 0.184873 0.191485 0.198233 0.205118 0.212118 0.219210 0.226398 0.233688 0.241084 0.248612 0.256275 0.264071 0.272001 0.280063 0.288256 0.296578 0.305030 0.313610 0.322315 0.331146 0.340101 0.349179 0.358377 0.367695 0.377131 0.386684 0.396351 0.406132 0.416025 0.426029 0.436141 0.446359 0.456684 0.467112 0.477642 0.488272 0.499001 0.509828
0.113589 0.121082 0.126704 0.132059 0.137474 0.143012 0.148683 0.154486 0.160422 0.166490 0.172692 0.179027 0.185498 0.192105 0.198850 0.205734 0.212734 0.219827 0.227018 0.234308 0.241706 0.249235 0.256899 0.264697 0.272628 0.280691 0.288886 0.297211 0.305665 0.314246 0.322954 0.331787 0.340744 0.349823 0.359023 0.368343 0.377781 0.387335 0.397004 0.406786 0.416680 0.426684 0.436797 0.447017 0.457341 0.467770 0.478300 0.488931 0.499660 0.510486
0.122194 0.123745 0.127971 0.132969 0.138279 0.143779 0.149432 0.155227 0.161159 0.167225 0.173427 0.179764 0.186238 0.192848 0.199597 0.206485 0.213492 0.220591 0.227787 0.235083 0.242486 0.250018 0.257685 0.265487 0.273422 0.281489 0.289688 0.298016 0.306473 0.315058 0.323770 0.332606 0.341566 0.350648 0.359850 0.369173 0.378612 0.388169 0.397840 0.407624 0.417520 0.427525 0.437639 0.447860 0.458186 0.468615 0.479146 0.489777 0.500506 0.511332
0.114488 0.122144 0.127926 0.133383 0.138858 0.144432 0.150126 0.155949 0.161902 0.167988 0.174207 0.180560 0.187048 0.193672 0.200434 0.207334 0.214354 0.221466 0.228673 0.235979 0.243391 0.250930 0.258604 0.266412 0.274354 0.282427 0.290631 0.298965 0.307427 0.316017 0.324733 0.333574 0.342538 0.351624 0.360830 0.370156 0.379599 0.389158 0.398832 0.408619 0.418517 0.428525 0.438640 0.448863 0.459190 0.469620 0.480152 0.490783 0.501513 0.512340
0.119184 0.123214 0.128422 0.133857 0.139392 0.145026 0.150774 0.156642 0.162635 0.168756 0.175007 0.181389 0.187903 0.194550 0.201333 0.208252 0.215291 0.222421 0.229644 0.236965 0.244388 0.251938 0.259622 0.267439 0.275389 0.283471 0.291683 0.300024 0.308493 0.317089 0.325812 0.334658 0.343628 0.352719 0.361930 0.371261 0.380708 0.390271 0.399949 0.409739 0.419640 0.429650 0.439769 0.449993 0.460322 0.470754 0.481287 0.491920 0.502651 0.513478
0.117209 0.123539 0.128985 0.134413 0.139955 0.145625 0.151419 0.157336 0.163376 0.169541 0.175830 0.182247 0.188792 0.195468 0.202276 0.209218 0.216279 0.223429 0.230671 0.238008 0.245447 0.253009 0.260705 0.268533 0.276494 0.284585 0.292806 0.301156 0.309634 0.318239 0.326968 0.335822 0.344798 0.353896 0.363114 0.372450 0.381903 0.391471 0.401153 0.410948 0.420853 0.430867 0.440989 0.451216 0.461548 0.471982 0.482517 0.493152 0.503884 0.514711
0.121294 0.124670 0.129577 0.134947 0.140528 0.146253 0.152103 0.158072 0.164159 0.170364 0.176691 0.183140 0.189714 0.196416 0.203248 0.210211 0.217294 0.224464 0.231724 0.239078 0.246532 0.254108 0.261816 0.269657 0.277629 0.285732 0.293963 0.302324 0.310812 0.319425 0.328164 0.337027 0.346011 0.355117 0.364342 0.373685 0.383145 0.392719 0.402407 0.412207 0.422117 0.432136 0.442262 0.452494 0.462829 0.473266 0.483804 0.494440 0.505174 0.516003
0.116775 0.123794 0.129714 0.135433 0.141166 0.146975 0.152880 0.158889 0.165008 0.171241 0.177591 0.184062 0.190656 0.197376 0.204224 0.211204 0.218304 0.225491 0.232767 0.240138 0.247606 0.255196 0.262917 0.270771 0.278756 0.286870 0.295114 0.303486 0.311985 0.320610 0.329360 0.338232 0.347226 0.356341 0.365575 0.374927 0.384394 0.393976 0.403672 0.413478 0.423394 0.433419 0.443550 0.453786 0.464126 0.474567 0.485108 0.495747 0.506484 0.517315
0.120105 0.125147 0.130676 0.136327 0.142056 0.147869 0.153777 0.159789 0.165911 0.172147 0.178502 0.184978 0.191579 0.198308 0.205166 0.212156 0.219269 0.226470 0.233760 0.241145 0.248628 0.256231 0.263967 0.271835 0.279833 0.287962 0.296219 0.304605 0.313117 0.321754 0.330515 0.339400 0.348405 0.357531 0.366775 0.376136 0.385613 0.395204 0.404907 0.414722 0.424645 0.434676 0.444814 0.455055 0.465400 0.475846 0.486391 0.497034 0.507773 0.518607
0.121385 0.126625 0.131978 0.137478 0.143104 0.148847 0.154706 0.160683 0.166781 0.173001 0.179346 0.185818 0.192418 0.199150 0.206014 0.213012 0.220136 0.227352 0.234657 0.242057 0.249556 0.257175 0.264927 0.272810 0.280825 0.288969 0.297242 0.305642 0.314169 0.322821 0.331596 0.340494 0.349512 0.358650 0.367906 0.377278 0.386766 0.396366 0.406079 0.415902 0.425834 0.435872 0.446016 0.456264 0.466615 0.477065 0.487615 0.498262 0.509004 0.519841
0.122609 0.127770 0.133053 0.138454 0.143989 0.149660 0.155466 0.161406 0.167478 0.173682 0.180019 0.186490 0.193094 0.199833 0.206707 0.213718 0.220858 0.228091 0.235416 0.242835 0.250353 0.257992 0.265763 0.273665 0.281699 0.289861 0.298152 0.306570 0.315113 0.323781 0.332572 0.341484 0.350517 0.359668 0.368937 0.378321 0.387820 0.397431 0.407154 0.416986 0.426926 0.436973 0.447124 0.457378 0.467735 0.478190 0.488745 0.499396 0.510141 0.520981
0.123045 0.128335 0.133552 0.138903 0.144406 0.150058 0.155854 0.161792 0.167868 0.174082 0.180433 0.186921 0.193544 0.200304 0.207201 0.214235 0.221400 0.228660 0.236010 0.243455 0.250998 0.258660 0.266454 0.274379 0.282434 0.290618 0.298928 0.307365 0.315927 0.324612 0.333419 0.342347 0.351395 0.360560 0.369842 0.379239 0.388749 0.398371 0.408104 0.417945 0.427894 0.437948 0.448106 0.458367 0.468728 0.479189 0.489748 0.500402 0.511151 0.521992
0.123928 0.128122 0.133239 0.138647 0.144220 0.149933 0.155786 0.161775 0.167901 0.174163 0.180560 0.187090 0.193756 0.200555 0.207489 0.214559 0.221759 0.229054 0.236438 0.243914 0.251487 0.259176 0.266996 0.274946 0.283024 0.291229 0.299561 0.308017 0.316597 0.325300 0.334123 0.343067 0.352129 0.361307 0.370602 0.380010 0.389531 0.399163 0.408905 0.418754 0.428710 0.438771 0.448936 0.459202 0.469568 0.480032 0.490594 0.501251 0.512001 0.522844
0.119108 0.126253 0.132146 0.137826 0.143552 0.149387 0.155347 0.161434 0.167648 0.173989 0.180457 0.187053 0.193776 0.200628 0.207610 0.214723 0.221965 0.229299 0.236720 0.244230 0.251833 0.259551 0.267396 0.275370 0.283470 0.291697 0.300047 0.308522 0.317119 0.325837 0.334675 0.343632 0.352706 0.361897 0.371201 0.380619 0.390149 0.399789 0.409538 0.419393 0.429355 0.439421 0.449589 0.459858 0.470227 0.480694 0.491256 0.501914 0.512664 0.523507
0.122546 0.126204 0.131304 0.136895 0.142712 0.148677 0.154765 0.160967 0.167283 0.173712 0.180258 0.186920 0.193703 0.200607 0.207635 0.214789 0.222069 0.229440 0.236894 0.244434 0.252065 0.259806 0.267673 0.275666 0.283784 0.292027 0.300393 0.308881 0.317490 0.326220 0.335069 0.344035 0.353118 0.362316 0.371628 0.381052 0.390587 0.400232 0.409984 0.419843 0.429807 0.439875 0.450044 0.460314 0.470683 0.481149 0.491710 0.502366 0.513114 0.523953
0.117874 0.124008 0.129964 0.135946 0.141993 0.148116 0.154324 0.160622 0.167015 0.173510 0.180110 0.186819 0.193642 0.200582 0.207640 0.214821 0.222126 0.229522 0.236998 0.244558 0.252207 0.259961 0.267841 0.275845 0.283973 0.292225 0.300599 0.309094 0.317710 0.326446 0.335299 0.344270 0.353356 0.362557 0.371870 0.381296 0.390832 0.400476 0.410229 0.420087 0.430049 0.440115 0.450282 0.460548 0.470913 0.481375 0.491932 0.502583 0.513325 0.524159
0.115740 0.122989 0.129458 0.135676 0.141838 0.148023 0.154267 0.160588 0.166998 0.173505 0.180115 0.186833 0.193663 0.200609 0.207672 0.214857 0.222166 0.229570 0.237052 0.244618 0.252271 0.260027 0.267907 0.275911 0.284039 0.292290 0.300663 0.309157 0.317772 0.326505 0.335356 0.344324 0.353407 0.362604 0.371914 0.381335 0.390866 0.400506 0.410253 0.420105 0.430061 0.440120 0.450280 0.460539 0.470897 0.481350 0.491899 0.502541 0.513274 0.524098
0.120171 0.124996 0.130601 0.136453 0.142421 0.148481 0.154635 0.160886 0.167241 0.173702 0.180274 0.186959 0.193761 0.200682 0.207724 0.214890 0.222181 0.229574 0.237046 0.244602 0.252246 0.259990 0.267858 0.275851 0.283968 0.292209 0.300571 0.309055 0.317660 0.326383 0.335224 0.344182 0.353255 0.362442 0.371741 0.381152 0.390672 0.400301 0.410037 0.419878 0.429823 0.439870 0.450018 0.460266 0.470611 0.481052 0.491588 0.502217 0.512937 0.523748
0.120944 0.126547 0.132010 0.137589 0.143318 0.149190 0.155197 0.161331 0.167589 0.173971 0.180475 0.187103 0.193854 0.200731 0.207733 0.214863 0.222122 0.229489 0.236939 0.244474 0.252098 0.259820 0.267666 0.275637 0.283734 0.291955 0.300299 0.308765 0.317351 0.326057 0.334881 0.343821 0.352878 0.362048 0.371331 0.380725 0.390229 0.399841 0.409560 0.419385 0.429313 0.439343 0.449475 0.459705 0.470034 0.480458 0.490977 0.501588 0.512292 0.523085
0.122854 0.127779 0.132967 0.138367 0.143950 0.149696 0.155591 0.161629 0.167803 0.174110 0.180549 0.187118 0.193816 0.200644 0.207603 0.214691 0.221911 0.229248 0.236669 0.244177 0.251775 0.259470 0.267286 0.275230 0.283300 0.291495 0.299814 0.308254 0.316816 0.325498 0.334299 0.343216 0.352249 0.361397 0.370657 0.380029 0.389511 0.399101 0.408799 0.418601 0.428508 0.438517 0.448627 0.458836 0.469142 0.479545 0.490042 0.500633 0.511315 0.522086
0.122880 0.127667 0.132908 0.138353 0.143945 0.149674 0.155538 0.161538 0.167671 0.173937 0.180335 0.186864 0.193524 0.200314 0.207235 0.214287 0.221471 0.228778 0.236172 0.243652 0.251223 0.258889 0.266674 0.274586 0.282625 0.290790 0.299078 0.307489 0.316022 0.324675 0.333447 0.342336 0.351342 0.360462 0.369695 0.379039 0.388494 0.398058 0.407728 0.417505 0.427385 0.437368 0.447451 0.457634 0.467915 0.478292 0.488764 0.499328 0.509985 0.520731
0.120047 0.126266 0.131980 0.137605 0.143282 0.149057 0.154949 0.160962 0.167098 0.173360 0.179747 0.186260 0.192900 0.199667 0.206563 0.213587 0.220742 0.228024 0.235394 0.242850 0.250396 0.258035 0.265786 0.273666 0.281672 0.289803 0.298059 0.306437 0.314938 0.323558 0.332298 0.341155 0.350128 0.359216 0.368418 0.377731 0.387154 0.396687 0.406326 0.416072 0.425922 0.435874 0.445927 0.456080 0.466331 0.476678 0.487120 0.497655 0.508282 0.518999
0.120440 0.125541 0.130886 0.136436 0.142137 0.147961 0.153899 0.159948 0.166111 0.172389 0.178783 0.185295 0.191928 0.198683 0.205561 0.212565 0.219696 0.226954 0.234306 0.241740 0.249262 0.256875 0.264594 0.272439 0.280411 0.288508 0.296728 0.305072 0.313536 0.322121 0.330825 0.339647 0.348585 0.357638 0.366804 0.376082 0.385470 0.394968 0.404573 0.414283 0.424099 0.434017 0.444036 0.454155 0.464372 0.474686 0.485094 0.495596 0.506190 0.516874
0.119623 0.123887 0.129229 0.134880 0.140670 0.146561 0.152547 0.158631 0.164816 0.171106 0.177505 0.184016 0.190641 0.197382 0.204244 0.211226 0.218332 0.225564 0.232897 0.240310 0.247808 0.255395 0.263081 0.270891 0.278826 0.286885 0.295068 0.303374 0.311800 0.320347 0.329012 0.337795 0.346694 0.355708 0.364836 0.374075 0.383425 0.392884 0.402451 0.412123 0.421900 0.431781 0.441762 0.451844 0.462024 0.472300 0.482672 0.493137 0.503695 0.514343
0.112747 0.120957 0.127327 0.133273 0.139156 0.145076 0.151069 0.157151 0.163328 0.169607 0.175991 0.182483 0.189087 0.195805 0.202639 0.209592 0.216667 0.223865 0.231173 0.238562 0.246033 0.253591 0.261243 0.269013 0.276908 0.284927 0.293069 0.301333 0.309718 0.318223 0.326846 0.335587 0.344444 0.353416 0.362502 0.371699 0.381007 0.390424 0.399949 0.409580 0.419316 0.429155 0.439096 0.449137 0.459276 0.469512 0.479844 0.490269 0.500787 0.511395
0.118412 0.121520 0.126570 0.132103 0.137811 0.143633 0.149556 0.155582 0.161710 0.167944 0.174286 0.180738 0.187301 0.193979 0.200773 0.207685 0.214717 0.221871 0.229144 0.236502 0.243942 0.251466 0.259081 0.266807 0.274657 0.282631 0.290728 0.298947 0.307286 0.315746 0.324324 0.333019 0.341830 0.350757 0.359796 0.368948 0.378211 0.387583 0.397063 0.406649 0.416340 0.426135 0.436031 0.446028 0.456123 0.466316 0.476604 0.486986 0.497461 0.508027
0.112674 0.119733 0.125347 0.130829 0.136410 0.142116 0.147944 0.153887 0.159943 0.166111 0.172391 0.178784 0.185291 0.191914 0.198653 0.205512 0.212491 0.219592 0.226817 0.234138 0.241539 0.249026 0.256601 0.264277 0.272078 0.280002 0.288049 0.296217 0.304507 0.312917 0.321445 0.330091 0.338853 0.347730 0.356720 0.365823 0.375037 0.384360 0.393791 0.403329 0.412972 0.422719 0.432568 0.442517 0.452565 0.462711 0.472953 0.483289 0.493718 0.504239
0.116078 0.119103 0.123918 0.129218 0.134717 0.140351 0.146106 0.151975 0.157959 0.164056 0.170268 0.176595 0.183038 0.189598 0.196276 0.203073 0.209990 0.217030 0.224194 0.231471 0.238831 0.246273 0.253804 0.261430 0.269175 0.277044 0.285037 0.293151 0.301387 0.309742 0.318217 0.326809 0.335517 0.344341 0.353279 0.362329 0.371490 0.380761 0.390140 0.399626 0.409217 0.418913 0.428710 0.438609 0.448607 0.458703 0.468895 0.479182 0.489562 0.500034
0.108663 0.115727 0.121544 0.127097 0.132642 0.138256 0.143965 0.149778 0.155701 0.161735 0.167883 0.174145 0.180523 0.187017 0.193629 0.200361 0.207213 0.214187 0.221285 0.228505 0.235819 0.243216 0.250699 0.258273 0.265959 0.273769 0.281702 0.289758 0.297935 0.306232 0.314649 0.323183 0.331834 0.340601 0.349481 0.358475 0.367580 0.376794 0.386118 0.395549 0.405085 0.414726 0.424469 0.434314 0.444258 0.454301 0.464440 0.474674 0.485002 0.495422
0.109223 0.114233 0.119484 0.124848 0.130308 0.135865 0.141523 0.147286 0.153155 0.159133 0.165221 0.171422 0.177737 0.184167 0.190714 0.197378 0.204162 0.211067 0.218095 0.225247 0.232512 0.239860 0.247294 0.254817 0.262440 0.270187 0.278057 0.286050 0.294165 0.302400 0.310754 0.319227 0.327817 0.336522 0.345342 0.354275 0.363320 0.372475 0.381740 0.391111 0.400589 0.410171 0.419857 0.429644 0.439532 0.449518 0.459601 0.469780 0.480053 0.490418
0.108504 0.112315 0.117144 0.122336 0.127709 0.133207 0.138814 0.144527 0.150346 0.156270 0.162302 0.168443 0.174696 0.181062 0.187542 0.194138 0.200852 0.207685 0.214640 0.221718 0.228918 0.236218 0.243600 0.251071 0.258634 0.266314 0.274118 0.282044 0.290093 0.298262 0.306550 0.314958 0.323482 0.332123 0.340878 0.349747 0.358728 0.367820 0.377021 0.386331 0.395746 0.405267 0.414891 0.424618 0.434445 0.444371 0.454395 0.464515 0.474730 0.485038
0.101875 0.108565 0.114114 0.119472 0.124861 0.130331 0.135896 0.141560 0.147325 0.153192 0.159165 0.165244 0.171431 0.177729 0.184140 0.190664 0.197305 0.204063 0.210941 0.217941 0.225064 0.232305 0.239636 0.247052 0.254559 0.262169 0.269902 0.277759 0.285737 0.293836 0.302056 0.310394 0.318850 0.327422 0.336109 0.344910 0.353824 0.362848 0.371983 0.381226 0.390576 0.400032 0.409592 0.419254 0.429018 0.438881 0.448843 0.458901 0.469055 0.479302
0.102970 0.106539 0.111408 0.116597 0.121916 0.127331 0.132840 0.138444 0.144147 0.149949 0.155854 0.161864 0.167981 0.174206 0.180541 0.186989 0.193552 0.200230 0.207027 0.213943 0.220982 0.228144 0.235418 0.242779 0.250228 0.257770 0.265430 0.273213 0.281118 0.289144 0.297290 0.305556 0.313939 0.322439 0.331054 0.339784 0.348627 0.357581 0.366646 0.375819 0.385100 0.394488 0.403980 0.413575 0.423272 0.433070 0.442966 0.452960 0.463050 0.473234
0.096406 0.103013 0.108405 0.113634 0.118903 0.124252 0.129691 0.135223 0.140851 0.146579 0.152408 0.158340 0.164378 0.170523 0.176777 0.183143 0.189621 0.196214 0.202924 0.209753 0.216701 0.223773 0.230967 0.238270 0.245660 0.253139 0.260723 0.268428 0.276256 0.284205 0.292275 0.300464 0.308771 0.317196 0.325736 0.334391 0.343159 0.352040 0.361031 0.370132 0.379341 0.388657 0.398079 0.407604 0.417232 0.426961 0.436790 0.446717 0.456741 0.466860
0.097881 0.100985 0.105644 0.110673 0.115841 0.121105 0.126461 0.131912 0.137458 0.143103 0.148848 0.154697 0.160649 0.166709 0.172876 0.179153 0.185542 0.192044 0.198661 0.205396 0.212250 0.219225 0.226323 0.233543 0.240872 0.248289 0.255799 0.263424 0.271171 0.279040 0.287030 0.295139 0.303367 0.311712 0.320174 0.328751 0.337442 0.346246 0.355161 0.364187 0.373321 0.382563 0.391911 0.401364 0.410921 0.420579 0.430338 0.440197 0.450153 0.460205
0.090113 0.097121 0.102496 0.107592 0.112699 0.117879 0.123149 0.128513 0.133973 0.139532 0.145191 0.150952 0.156815 0.162784 0.168859 0.175043 0.181337 0.187743 0.194263 0.200899 0.207652 0.214525 0.221520 0.228638 0.235879 0.243231 0.250674 0.258217 0.265881 0.273666 0.281572 0.289599 0.297744 0.306008 0.314388 0.322884 0.331495 0.340220 0.349057 0.358005 0.367062 0.376228 0.385501 0.394880 0.404364 0.413950 0.423638 0.433426 0.443313 0.453297
0.093056 0.095446 0.099731 0.104511 0.109478 0.114563 0.119748 0.125030 0.130407 0.135880 0.141452 0.147122 0.152894 0.158769 0.164748 0.170834 0.177029 0.183334 0.189751 0.196283 0.202931 0.209697 0.216583 0.223592 0.230725 0.237981 0.245352 0.252823 0.260399 0.268098 0.275918 0.283859 0.291920 0.300099 0.308396 0.316809 0.325338 0.333982 0.342738 0.351607 0.360586 0.369675 0.378871 0.388175 0.397584 0.407098 0.416714 0.426431 0.436249 0.446165
0.084307 0.091023 0.096211 0.101155 0.106118 0.111154 0.116275 0.121482 0.126779 0.132168 0.137650 0.143228 0.148905 0.154682 0.160561 0.166545 0.172636 0.178836 0.185146 0.191568 0.198106 0.204760 0.211534 0.218428 0.225446 0.232588 0.239855 0.247241 0.254739 0.262348 0.270080 0.277934 0.285907 0.294000 0.302212 0.310541 0.318987 0.327548 0.336223 0.345012 0.353912 0.362923 0.372043 0.381271 0.390607 0.400047 0.409592 0.419239 0.428988 0.438837
0.085580 0.088608 0.093067 0.097854 0.102755 0.107731 0.112781 0.117910 0.123122 0.128420 0.133808 0.139289 0.144866 0.150541 0.156316 0.162193 0.168176 0.174265 0.180464 0.186774 0.193197 0.199735 0.206391 0.213166 0.220064 0.227085 0.234233 0.241507 0.248904 0.256422 0.264067 0.271831 0.279717 0.287724 0.295849 0.304094 0.312456 0.320935 0.329529 0.338237 0.347059 0.355992 0.365037 0.374191 0.383453 0.392822 0.402297 0.411876 0.421558 0.431342
0.078627 0.084759 0.089791 0.094627 0.099465 0.104354 0.109310 0.114343 0.119456 0.124654 0.129941 0.135319 0.140791 0.146358 0.152025 0.157792 0.163663 0.169638 0.175722 0.181915 0.188220 0.194639 0.201174 0.207827 0.214601 0.221498 0.228520 0.235669 0.242947 0.250352 0.257886 0.265556 0.273358 0.281277 0.289316 0.297477 0.305756 0.314153 0.322668 0.331298 0.340042 0.348900 0.357871 0.366953 0.376145 0.385445 0.394853 0.404367 0.413985 0.423707
0.079156 0.082666 0.087015 0.091581 0.096253 0.101010 0.105849 0.110772 0.115779 0.120872 0.126053 0.131324 0.136688 0.142146 0.147701 0.153355 0.159111 0.164970 0.170936 0.177010 0.183194 0.189491 0.195903 0.202432 0.209080 0.215850 0.222744 0.229764 0.236912 0.244191 0.251600 0.259145 0.266833 0.274661 0.282620 0.290699 0.298896 0.307214 0.315651 0.324205 0.332876 0.341662 0.350562 0.359575 0.368700 0.377936 0.387281 0.396734 0.406293 0.415959
0.074611 0.079504 0.083937 0.088399 0.092956 0.097607 0.102345 0.107169 0.112076 0.117068 0.122146 0.127311 0.132567 0.137914 0.143357 0.148897 0.154537 0.160279 0.166125 0.172078 0.178140 0.184314 0.190601 0.197003 0.203524 0.210166 0.216930 0.223819 0.230836 0.237983 0.245261 0.252674 0.260225 0.267923 0.275771 0.283758 0.291878 0.300124 0.308486 0.316968 0.325569 0.334287 0.343122 0.352071 0.361135 0.370311 0.379599 0.388997 0.398504 0.408119
0.073049 0.076371 0.080563 0.084988 0.089515 0.094117 0.098791 0.103537 0.108358 0.113256 0.118235 0.123297 0.128446 0.133684 0.139015 0.144440 0.149963 0.155586 0.161312 0.167144 0.173083 0.179132 0.185293 0.191569 0.197963 0.204475 0.211109 0.217868 0.224752 0.231766 0.238911 0.246189 0.253604 0.261159 0.268864 0.276723 0.284732 0.292883 0.301169 0.309585 0.318126 0.326782 0.335556 0.344448 0.353458 0.362582 0.371820 0.381170 0.390632 0.400204
0.066337 0.072140 0.076949 0.081534 0.086084 0.090655 0.095270 0.099941 0.104675 0.109479 0.114358 0.119316 0.124357 0.129484 0.134701 0.140011 0.145416 0.150920 0.156526 0.162235 0.168051 0.173975 0.180011 0.186161 0.192427 0.198811 0.205316 0.211943 0.218697 0.225578 0.232589 0.239733 0.247013 0.254430 0.261990 0.269700 0.277567 0.285590 0.293765 0.302084 0.310545 0.319138 0.327860 0.336707 0.345671 0.354750 0.363946 0.373258 0.382685 0.392225
0.066554 0.069917 0.074115 0.078489 0.082916 0.087383 0.091896 0.096464 0.101094 0.105791 0.110560 0.115408 0.120336 0.125349 0.130450 0.135643 0.140930 0.146314 0.151798 0.157386 0.163078 0.168879 0.174790 0.180814 0.186953 0.193209 0.199586 0.206084 0.212708 0.219458 0.226338 0.233349 0.240495 0.247778 0.255201 0.262767 0.270483 0.278356 0.286391 0.294584 0.302931 0.311428 0.320068 0.328847 0.337761 0.346803 0.355969 0.365258 0.374661 0.384177
0.062241 0.067250 0.071556 0.075776 0.080028 0.084336 0.088707 0.093142 0.097647 0.102223 0.106874 0.111604 0.116415 0.121311 0.126295 0.131369 0.136537 0.141801 0.147165 0.152631 0.158201 0.163879 0.169666 0.175565 0.181579 0.187710 0.193960 0.200332 0.206828 0.213450 0.220200 0.227082 0.234097 0.241248 0.248538 0.255969 0.263545 0.271271 0.279153 0.287199 0.295410 0.303780 0.312308 0.320989 0.329819 0.338793 0.347906 0.357155 0.366535 0.376039
0.062854 0.065629 0.069295 0.073224 0.077277 0.081421 0.085646 0.089948 0.094326 0.098780 0.103312 0.107924 0.112618 0.117397 0.122263 0.127220 0.132271 0.137417 0.142661 0.148007 0.153457 0.159014 0.164679 0.170456 0.176347 0.182355 0.188481 0.194729 0.201100 0.207596 0.214221 0.220976 0.227864 0.234888 0.242049 0.249350 0.256795 0.264385 0.272127 0.280023 0.288082 0.296310 0.304705 0.313264 0.321983 0.330859 0.339889 0.349067 0.358392 0.367856
0.058044 0.062624 0.066588 0.070502 0.074474 0.078520 0.082642 0.086837 0.091108 0.095454 0.099876 0.104378 0.108961 0.113628 0.118382 0.123226 0.128162 0.133193 0.138321 0.143551 0.148883 0.154322 0.159868 0.165526 0.171298 0.177185 0.183191 0.189318 0.195567 0.201942 0.208445 0.215078 0.221843 0.228743 0.235780 0.242957 0.250276 0.257740 0.265351 0.273114 0.281032 0.289112 0.297360 0.305782 0.314373 0.323130 0.332052 0.341136 0.350377 0.359772
0.057025 0.060088 0.063797 0.067673 0.071621 0.075626 0.079688 0.083811 0.087998 0.092254 0.096582 0.100986 0.105467 0.110030 0.114678 0.119414 0.124241 0.129161 0.134178 0.139295 0.144514 0.149838 0.155271 0.160813 0.166469 0.172240 0.178129 0.184139 0.190272 0.196530 0.202915 0.209430 0.216078 0.222859 0.229778 0.236836 0.244035 0.251378 0.258868 0.266507 0.274299 0.282247 0.290356 0.298632 0.307084 0.315711 0.324510 0.333480 0.342619 0.351922
0.052370 0.056873 0.060943 0.064913 0.068872 0.072851 0.076867 0.080929 0.085045 0.089222 0.093465 0.097778 0.102166 0.106632 0.111180 0.115814 0.120537 0.125352 0.130263 0.135272 0.140382 0.145597 0.150919 0.156351 0.161896 0.167556 0.173333 0.179231 0.185251 0.191397 0.197670 0.204073 0.210607 0.217277 0.224082 0.231027 0.238113 0.245343 0.252718 0.260242 0.267917 0.275746 0.283732 0.291880 0.300194 0.308681 0.317350 0.326197 0.335219 0.344416
0.050956 0.054798 0.058671 0.062543 0.066428 0.070338 0.074284 0.078273 0.082313 0.086409 0.090568 0.094794 0.099092 0.103465 0.107918 0.112455 0.117079 0.121793 0.126602 0.131509 0.136516 0.141626 0.146843 0.152170 0.157608 0.163162 0.168833 0.174624 0.180538 0.186577 0.192743 0.199039 0.205468 0.212030 0.218729 0.225567 0.232547 0.239669 0.246937 0.254354 0.261920 0.269640 0.277515 0.285548 0.293743 0.302105 0.310640 0.319356 0.328256 0.337337
0.049947 0.053299 0.056889 0.060584 0.064340 0.068144 0.071994 0.075894 0.079847 0.083856 0.087928 0.092065 0.096273 0.100555 0.104916 0.109359 0.113889 0.118507 0.123220 0.128028 0.132937 0.137948 0.143066 0.148293 0.153631 0.159085 0.164655 0.170346 0.176159 0.182097 0.188163 0.194359 0.200687 0.207149 0.213748 0.220487 0.227366 0.234388 0.241557 0.248872 0.256338 0.263956 0.271729 0.279659 0.287749 0.296001 0.304421 0.313012 0.321784 0.330744
0.047919 0.051656 0.055267 0.058882 0.062536 0.066237 0.069989 0.073794 0.077655 0.081575 0.085557 0.089606 0.093725 0.097918 0.102190 0.106543 0.110982 0.115509 0.120130 0.124846 0.129662 0.134581 0.139605 0.144739 0.149983 0.155343 0.160819 0.166416 0.172135 0.177980 0.183952 0.190054 0.196288 0.202657 0.209163 0.215808 0.222594 0.229524 0.236599 0.243821 0.251194 0.258718 0.266397 0.274231 0.282225 0.290380 0.298698 0.307184 0.315841 0.324679
0.047103 0.050430 0.053875 0.057385 0.060948 0.064561 0.068225 0.071942 0.075716 0.079550 0.083447 0.087411 0.091446 0.095555 0.099742 0.104010 0.108364 0.112807 0.117342 0.121973 0.126703 0.131535 0.136473 0.141519 0.146678 0.151950 0.157340 0.162849 0.168482 0.174239 0.180124 0.186140 0.192287 0.198570 0.204989 0.211548 0.218248 0.225091 0.232080 0.239216 0.246502 0.253939 0.261531 0.269278 0.277183 0.285248 0.293475 0.301868 0.310428 0.319160
0.045799 0.049126 0.052543 0.056007 0.059512 0.063060 0.066654 0.070299 0.073999 0.077758 0.081579 0.085467 0.089425 0.093457 0.097567 0.101758 0.106035 0.110400 0.114858 0.119411 0.124062 0.128816 0.133676 0.138643 0.143722 0.148916 0.154226 0.159656 0.165209 0.170886 0.176692 0.182627 0.188695 0.194898 0.201237 0.207716 0.214336 0.221099 0.228008 0.235064 0.242270 0.249627 0.257137 0.264803 0.272625 0.280607 0.288751 0.297058 0.305530 0.314171
0.044224 0.047812 0.051284 0.054737 0.058207 0.061708 0.065249 0.068837 0.072477 0.076174 0.079932 0.083755 0.087648 0.091614 0.095658 0.099782 0.103991 0.108289 0.112678 0.117162 0.121744 0.126428 0.131217 0.136114 0.141122 0.146244 0.151482 0.156840 0.162321 0.167926 0.173658 0.179521 0.185515 0.191644 0.197910 0.204315 0.210861 0.217550 0.224385 0.231366 0.238497 0.245778 0.253212 0.260801 0.268547 0.276451 0.284515 0.292742 0.301133 0.309690
0.043521 0.046852 0.050223 0.053620 0.057045 0.060503 0.064001 0.067544 0.071137 0.074785 0.078494 0.082266 0.086107 0.090020 0.094009 0.098078 0.102230 0.106470 0.110800 0.115225 0.119747 0.124370 0.129098 0.133932 0.138877 0.143935 0.149109 0.154402 0.159817 0.165356 0.171022 0.176818 0.182745 0.188806 0.195004 0.201340 0.207817 0.214437 0.221201 0.228112 0.235172 0.242382 0.249744 0.257261 0.264933 0.272762 0.280751 0.288901 0.297214 0.305691
0.042831 0.046012 0.049297 0.052638 0.056021 0.059444 0.062908 0.066419 0.069979 0.073593 0.077266 0.081000 0.084802 0.088674 0.092620 0.096645 0.100751 0.104944 0.109225 0.113600 0.118071 0.122641 0.127315 0.132094 0.136983 0.141985 0.147101 0.152336 0.157691 0.163170 0.168775 0.174509 0.180374 0.186372 0.192506 0.198777 0.205189 0.211743 0.218441 0.225285 0.232276 0.239418 0.246710 0.254156 0.261756 0.269513 0.277429 0.285503 0.293740 0.302139
0.041776 0.045098 0.048415 0.051754 0.055124 0.058532 0.061980 0.065473 0.069015 0.072608 0.076258 0.079967 0.083741 0.087582 0.091496 0.095486 0.099556 0.103710 0.107951 0.112283 0.116710 0.121235 0.125861 0.130593 0.135432 0.140382 0.145446 0.150627 0.155928 0.161352 0.166900 0.172576 0.178382 0.184320 0.190394 0.196604 0.202953 0.209443 0.216076 0.222855 0.229780 0.236853 0.244077 0.251453 0.258983 0.266667 0.274509 0.282509 0.290668 0.298989
0.040852 0.044271 0.047629 0.050990 0.054374 0.057789 0.061240 0.064732 0.068268 0.071852 0.075488 0.079181 0.082935 0.086754 0.090643 0.094605 0.098645 0.102766 0.106972 0.111268 0.115656 0.120141 0.124726 0.129413 0.134207 0.139110 0.144126 0.149258 0.154507 0.159878 0.165372 0.170993 0.176743 0.182623 0.188638 0.194788 0.201075 0.207503 0.214072 0.220785 0.227643 0.234649 0.241804 0.249109 0.256566 0.264177 0.271944 0.279866 0.287947 0.296187
0.040506 0.043710 0.047043 0.050423 0.053832 0.057267 0.060732 0.064230 0.067767 0.071346 0.074974 0.078655 0.082393 0.086193 0.090060 0.093998 0.098011 0.102103 0.106278 0.110541 0.114894 0.119342 0.123887 0.128534 0.133285 0.138144 0.143114 0.148198 0.153398 0.158718 0.164160 0.169726 0.175420 0.181244 0.187199 0.193289 0.199515 0.205879 0.212383 0.219030 0.225820 0.232756 0.239840 0.247072 0.254455 0.261989 0.269677 0.277519 0.285518 0.293673
0.039808 0.043263 0.046696 0.050128 0.053568 0.057022 0.060495 0.063996 0.067529 0.071102 0.074719 0.078386 0.082107 0.085889 0.089735 0.093650 0.097637 0.101702 0.105848 0.110079 0.114399 0.118811 0.123319 0.127926 0.132636 0.137451 0.142376 0.147413 0.152564 0.157833 0.163222 0.168735 0.174372 0.180138 0.186033 0.192061 0.198224 0.204523 0.210960 0.217537 0.224257 0.231120 0.238129 0.245285 0.252589 0.260042 0.267647 0.275404 0.283315 0.291381
0.039626 0.043234 0.046723 0.050175 0.053618 0.057066 0.060531 0.064020 0.067540 0.071098 0.074700 0.078350 0.082053 0.085815 0.089640 0.093531 0.097494 0.101532 0.105649 0.109849 0.114135 0.118512 0.122983 0.127551 0.132220 0.136992 0.141871 0.146860 0.151962 0.157179 0.162515 0.167971 0.173551 0.179256 0.185090 0.191054 0.197150 0.203380 0.209747 0.216252 0.222897 0.229683 0.236612 0.243686 0.250907 0.258274 0.265790 0.273456 0.281273 0.289242
0.040526 0.043760 0.047127 0.050518 0.053918 0.057333 0.060771 0.064238 0.067739 0.071280 0.074865 0.078498 0.082184 0.085927 0.089732 0.093601 0.097539 0.101551 0.105639 0.109809 0.114063 0.118404 0.122838 0.127366 0.131992 0.136720 0.141553 0.146493 0.151543 0.156707 0.161987 0.167385 0.172904 0.178547 0.184315 0.190211 0.196237 0.202395 0.208687 0.215115 0.221680 0.228384 0.235228 0.242215 0.249345 0.256619 0.264040 0.271608 0.279323 0.287188
0.040717 0.044243 0.047601 0.050937 0.054291 0.057676 0.061094 0.064548 0.068040 0.071572 0.075148 0.078770 0.082444 0.086172 0.089959 0.093809 0.097725 0.101712 0.105773 0.109912 0.114133 0.118439 0.122835 0.127322 0.131906 0.136588 0.141372 0.146261 0.151258 0.156366 0.161587 0.166924 0.172379 0.177955 0.183654 0.189479 0.195430 0.201511 0.207723 0.214068 0.220547 0.227163 0.233916 0.240808 0.247841 0.255015 0.262332 0.269793 0.277399 0.285151
0.041582 0.044683 0.047888 0.051188 0.054550 0.057955 0.061394 0.064866 0.068371 0.071911 0.075490 0.079112 0.082780 0.086499 0.090273 0.094106 0.098003 0.101966 0.106001 0.110110 0.114299 0.118569 0.122926 0.127372 0.131911 0.136546 0.141280 0.146116 0.151056 0.156105 0.161264 0.166536 0.171923 0.177429 0.183054 0.188801 0.194673 0.200671 0.206797 0.213053 0.219440 0.225960 0.232614 0.239405 0.246332 0.253398 0.260603 0.267949 0.275436 0.283065
0.041413 0.044332 0.047700 0.051166 0.054653 0.058147 0.061650 0.065167 0.068704 0.072266 0.075858 0.079486 0.083154 0.086868 0.090632 0.094451 0.098329 0.102270 0.106279 0.110359 0.114514 0.118749 0.123066 0.127469 0.131961 0.136546 0.141227 0.146007 0.150889 0.155875 0.160968 0.166171 0.171486 0.176915 0.182462 0.188127 0.193913 0.199822 0.205855 0.212015 0.218303 0.224720 0.231268 0.237948 0.244762 0.251710 0.258794 0.266014 0.273372 0.280869
0.038553 0.043407 0.047420 0.051154 0.054780 0.058361 0.061924 0.065484 0.069050 0.072633 0.076238 0.079872 0.083540 0.087249 0.091004 0.094808 0.098667 0.102586 0.106568 0.110618 0.114739 0.118935 0.123211 0.127569 0.132013 0.136546 0.141171 0.145891 0.150710 0.155629 0.160652 0.165781 0.171019 0.176368 0.181829 0.187406 0.193100 0.198913 0.204847 0.210903 0.217083 0.223389 0.229822 0.236383 0.243073 0.249894 0.256847 0.263932 0.271150 0.278503
0.041055 0.044329 0.047889 0.051497 0.055099 0.058685 0.062261 0.065835 0.069413 0.073004 0.076613 0.080248 0.083913 0.087614 0.091356 0.095145 0.098984 0.102879 0.106833 0.110851 0.114936 0.119092 0.123324 0.127634 0.132026 0.136504 0.141069 0.145726 0.150478 0.155326 0.160274 0.165324 0.170478 0.175740 0.181110 0.186592 0.192186 0.197896 0.203722 0.209667 0.215731 0.221916 0.228225 0.234657 0.241214 0.247897 0.254708 0.261646 0.268713 0.275910
0.041792 0.044937 0.048379 0.051914 0.055476 0.059042 0.062609 0.066179 0.069757 0.073347 0.076955 0.080585 0.084243 0.087934 0.091663 0.095433 0.099251 0.103119 0.107043 0.111026 0.115073 0.119187 0.123371 0.127630 0.131967 0.136385 0.140887 0.145475 0.150154 0.154926 0.159793 0.164757 0.169822 0.174990 0.180262 0.185640 0.191128 0.196725 0.202435 0.208259 0.214198 0.220253 0.226427 0.232719 0.239133 0.245667 0.252324 0.259104 0.266007 0.273036
0.040339 0.044673 0.048480 0.052125 0.055719 0.059297 0.062870 0.066446 0.070028 0.073620 0.077228 0.080855 0.084506 0.088186 0.091899 0.095650 0.099444 0.103284 0.107175 0.111121 0.115125 0.119193 0.123326 0.127530 0.131806 0.136159 0.140591 0.145106 0.149707 0.154395 0.159174 0.164046 0.169014 0.174079 0.179245 0.184512 0.189883 0.195360 0.200944 0.206636 0.212440 0.218355 0.224382 0.230524 0.236782 0.243155 0.249646 0.256255 0.262982 0.269829
0.041585 0.044940 0.048526 0.052152 0.055776 0.059389 0.062995 0.066596 0.070197 0.073802 0.077415 0.081043 0.084688 0.088358 0.092055 0.095785 0.099552 0.103360 0.107214 0.111119 0.115077 0.119093 0.123170 0.127312 0.131522 0.135804 0.140161 0.144595 0.149109 0.153707 0.158390 0.163161 0.168023 0.172978 0.178028 0.183174 0.188419 0.193764 0.199212 0.204763 0.210419 0.216182 0.222052 0.228031 0.234121 0.240321 0.246632 0.253057 0.259594 0.266245
0.040742 0.044502 0.048245 0.051974 0.055680 0.059361 0.063018 0.066658 0.070287 0.073909 0.077531 0.081159 0.084799 0.088455 0.092133 0.095838 0.099574 0.103346 0.107159 0.111016 0.114921 0.118879 0.122894 0.126967 0.131104 0.135307 0.139580 0.143925 0.148345 0.152843 0.157422 0.162083 0.166830 0.171663 0.176587 0.181602 0.186710 0.191913 0.197212 0.202610 0.208107 0.213705 0.219406 0.225209 0.231117 0.237130 0.243249 0.249474 0.255807 0.262249
0.039921 0.043984 0.047933 0.051795 0.055590 0.059333 0.063035 0.066706 0.070354 0.073986 0.077611 0.081233 0.084860 0.088497 0.092149 0.095822 0.099521 0.103250 0.107013 0.110815 0.114661 0.118553 0.122496 0.126493 0.130548 0.134664 0.138843 0.143090 0.147406 0.151795 0.156258 0.160799 0.165419 0.170122 0.174908 0.179779 0.184739 0.189787 0.194927 0.200158 0.205484 0.210904 0.216421 0.222035 0.227747 0.233559 0.239470 0.245483 0.251597 0.257813
0.039777 0.043929 0.047931 0.051828 0.055647 0.059407 0.063121 0.066798 0.070446 0.074073 0.077686 0.081291 0.084895 0.088502 0.092120 0.095752 0.099404 0.103080 0.106785 0.110524 0.114300 0.118117 0.121980 0.125891 0.129854 0.133872 0.137949 0.142086 0.146288 0.150557 0.154894 0.159303 0.163786 0.168345 0.172982 0.177698 0.182496 0.187378 0.192344 0.197396 0.202537 0.207766 0.213085 0.218495 0.223998 0.229593 0.235283 0.241066 0.246946 0.252921
0.040287 0.044295 0.048202 0.052046 0.055835 0.059577 0.063277 0.066939 0.070571 0.074179 0.077767 0.081343 0.084913 0.088481 0.092053 0.095634 0.099230 0.102844 0.106482 0.110147 0.113844 0.117576 0.121348 0.125163 0.129024 0.132934 0.136897 0.140915 0.144991 0.149128 0.153328 0.157593 0.161927 0.166330 0.170805 0.175353 0.179977 0.184678 0.189458 0.194318 0.199259 0.204282 0.209390 0.214582 0.219860 0.225225 0.230677 0.236217 0.241846 0.247564
0.040865 0.044614 0.048441 0.052257 0.056033 0.059765 0.063451 0.067097 0.070708 0.074288 0.077845 0.081384 0.084911 0.088430 0.091948 0.095470 0.099000 0.102543 0.106103 0.109685 0.113293 0.116931 0.120602 0.124310 0.128058 0.131850 0.135688 0.139575 0.143514 0.147508 0.151558 0.155669 0.159840 0.164075 0.168376 0.172744 0.177181 0.181688 0.186268 0.190921 0.195649 0.200453 0.205335 0.210294 0.215333 0.220452 0.225651 0.230932 0.236296 0.241742
0.040432 0.044492 0.048469 0.052360 0.056173 0.059919 0.063606 0.067240 0.070830 0.074383 0.077904 0.081401 0.084878 0.088343 0.091799 0.095253 0.098709 0.102172 0.105646 0.109136 0.112646 0.116179 0.119739 0.123331 0.126956 0.130618 0.134320 0.138066 0.141857 0.145696 0.149586 0.153529 0.157527 0.161582 0.165696 0.169871 0.174108 0.178409 0.182775 0.187209 0.191710 0.196281 0.200923 0.205636 0.210421 0.215279 0.220212 0.225219 0.230301 0.235460
0.039808 0.044344 0.048491 0.052453 0.056300 0.060057 0.063740 0.067361 0.070927 0.074448 0.077930 0.081379 0.084802 0.088205 0.091594 0.094973 0.098348 0.101723 0.105103 0.108492 0.111895 0.115315 0.118755 0.122220 0.125712 0.129236 0.132793 0.136386 0.140019 0.143693 0.147411 0.151176 0.154989 0.158852 0.162767 0.166737 0.170762 0.174844 0.178985 0.183186 0.187449 0.191773 0.196161 0.200614 0.205132 0.209716 0.214367 0.219086 0.223874 0.228730
0.041178 0.044842 0.048747 0.052636 0.056454 0.060193 0.063856 0.067452 0.070988 0.074470 0.077906 0.081303 0.084666 0.088002 0.091317 0.094615 0.097901 0.101182 0.104460 0.107741 0.111029 0.114327 0.117639 0.120969 0.124320 0.127695 0.131098 0.134530 0.137994 0.141494 0.145030 0.148606 0.152224 0.155885 0.159591 0.163345 0.167147 0.170999 0.174902 0.178859 0.182870 0.186936 0.191058 0.195238 0.199476 0.203774 0.208131 0.212549 0.217028 0.221568
0.040402 0.044808 0.048861 0.052765 0.056569 0.060287 0.063926 0.067491 0.070990 0.074429 0.077814 0.081153 0.084451 0.087714 0.090948 0.094158 0.097351 0.100530 0.103700 0.106866 0.110032 0.113201 0.116378 0.119566 0.122768 0.125987 0.129226 0.132489 0.135777 0.139092 0.142438 0.145817 0.149230 0.152679 0.156167 0.159694 0.163263 0.166875 0.170531 0.174233 0.177982 0.181778 0.185624 0.189520 0.193467 0.197466 0.201517 0.205622 0.209781 0.213994
0.040869 0.044879 0.048871 0.052775 0.056580 0.060289 0.063908 0.067445 0.070905 0.074298 0.077628 0.080904 0.084131 0.087316 0.090465 0.093583 0.096675 0.099747 0.102804 0.105849 0.108887 0.111921 0.114957 0.117996 0.121042 0.124099 0.127168 0.130254 0.133358 0.136483 0.139631 0.142804 0.146005 0.149234 0.152495 0.155788 0.159115 0.162477 0.165877 0.169315 0.172792 0.176310 0.179870 0.183472 0.187118 0.190808 0.194544 0.198326 0.202154 0.206029
0.040455 0.044622 0.048696 0.052645 0.056468 0.060176 0.063779 0.067287 0.070708 0.074050 0.077322 0.080531 0.083684 0.086787 0.089846 0.092867 0.095855 0.098816 0.101754 0.104673 0.107579 0.110474 0.113362 0.116247 0.119133 0.122021 0.124915 0.127819 0.130733 0.133661 0.136604 0.139565 0.142547 0.145550 0.148576 0.151627 0.154706 0.157812 0.160948 0.164114 0.167313 0.170544 0.173810 0.177111 0.180448 0.183822 0.187234 0.190684 0.194174 0.197703
0.039851 0.044299 0.048459 0.052432 0.056257 0.059951 0.063530 0.067002 0.070378 0.073667 0.076877 0.080016 0.083091 0.086108 0.089074 0.091995 0.094875 0.097721 0.100537 0.103328 0.106097 0.108848 0.111586 0.114313 0.117033 0.119748 0.122463 0.125178 0.127898 0.130623 0.133357 0.136102 0.138858 0.141629 0.144416 0.147220 0.150044 0.152888 0.155754 0.158644 0.161558 0.164497 0.167464 0.170457 0.173480 0.176532 0.179615 0.182728 0.185873 0.189051
0.039912 0.044120 0.048204 0.052141 0.055938 0.059604 0.063147 0.066577 0.069904 0.073135 0.076280 0.079345 0.082340 0.085269 0.088139 0.090957 0.093728 0.096456 0.099147 0.101805 0.104435 0.107039 0.109622 0.112188 0.114739 0.117278 0.119808 0.122332 0.124853 0.127372 0.129892 0.132415 0.134943 0.137478 0.140021 0.142575 0.145140 0.147719 0.150312 0.152920 0.155546 0.158190 0.160854 0.163537 0.166242 0.168969 0.171719 0.174493 0.177292 0.180115
0.039565 0.043745 0.047792 0.051704 0.055477 0.059112 0.062618 0.066004 0.069278 0.072449 0.075526 0.078517 0.081428 0.084267 0.087040 0.089752 0.092410 0.095018 0.097582 0.100104 0.102591 0.105045 0.107470 0.109870 0.112248 0.114608 0.116950 0.119280 0.121598 0.123908 0.126211 0.128510 0.130807 0.133104 0.135401 0.137702 0.140007 0.142318 0.144636 0.146963 0.149300 0.151648 0.154008 0.156381 0.158769 0.161171 0.163589 0.166023 0.168475 0.170945
0.038837 0.043071 0.047175 0.051108 0.054873 0.058484 0.061953 0.065292 0.068511 0.071620 0.074627 0.077540 0.080365 0.083111 0.085783 0.088386 0.090927 0.093411 0.095842 0.098226 0.100565 0.102865 0.105128 0.107359 0.109561 0.111737 0.113889 0.116021 0.118135 0.120233 0.122319 0.124393 0.126457 0.128515 0.130567 0.132615 0.134661 0.136706 0.138751 0.140798 0.142848 0.144902 0.146962 0.149028 0.151100 0.153181 0.155271 0.157370 0.159480 0.161600
0.037701 0.042315 0.046511 0.050447 0.054187 0.057761 0.061184 0.064471 0.067630 0.070671 0.073603 0.076432 0.079167 0.081813 0.084377 0.086866 0.089284 0.091637 0.093931 0.096169 0.098356 0.100496 0.102594 0.104652 0.106674 0.108664 0.110624 0.112557 0.114466 0.116353 0.118221 0.120071 0.121905 0.123726 0.125535 0.127334 0.129125 0.130908 0.132685 0.134458 0.136227 0.137994 0.139760 0.141525 0.143291 0.145058 0.146827 0.148600 0.150376 0.152156
0.037980 0.042021 0.045977 0.049799 0.053468 0.056983 0.060349 0.063574 0.066665 0.069630 0.072477 0.075213 0.077846 0.080383 0.082831 0.085194 0.087481 0.089695 0.091843 0.093929 0.095959 0.097935 0.099863 0.101746 0.103587 0.105390 0.107158 0.108894 0.110599 0.112278 0.113931 0.115562 0.117171 0.118762 0.120335 0.121892 0.123435 0.124964 0.126483 0.127990 0.129489 0.130979 0.132462 0.133938 0.135409 0.136875 0.138337 0.139795 0.141251 0.142704
0.037417 0.041375 0.045298 0.049083 0.052708 0.056170 0.059475 0.062629 0.065638 0.068513 0.071260 0.073888 0.076405 0.078819 0.081136 0.083364 0.085508 0.087575 0.089571 0.091500 0.093367 0.095178 0.096934 0.098642 0.100304 0.101923 0.103502 0.105045 0.106554 0.108030 0.109478 0.110897 0.112291 0.113661 0.115009 0.116336 0.117644 0.118934 0.120207 0.121464 0.122706 0.123935 0.125151 0.126354 0.127547 0.128728 0.129900 0.131062 0.132215 0.133360
0.035958 0.040466 0.044533 0.048341 0.051939 0.055347 0.058577 0.061641 0.064549 0.067311 0.069938 0.072439 0.074823 0.077099 0.079274 0.081356 0.083351 0.085265 0.087105 0.088876 0.090582 0.092228 0.093817 0.095355 0.096844 0.098287 0.099687 0.101047 0.102370 0.103657 0.104911 0.106134 0.107327 0.108492 0.109631 0.110745 0.111835 0.112903 0.113949 0.114975 0.115981 0.116968 0.117937 0.118889 0.119824 0.120743 0.121646 0.122535 0.123409 0.124268
0.035965 0.039979 0.043932 0.047678 0.051203 0.054517 0.057638 0.060580 0.063358 0.065983 0.068469 0.070827 0.073065 0.075194 0.077221 0.079153 0.080999 0.082763 0.084452 0.086070 0.087623 0.089114 0.090548 0.091928 0.093257 0.094538 0.095775 0.096969 0.098123 0.099239 0.100318 0.101363 0.102376 0.103357 0.104308 0.105230 0.106125 0.106993 0.107835 0.108653 0.109446 0.110216 0.110964 0.111689 0.112393 0.113075 0.113737 0.114379 0.115000 0.115602
0.035088 0.039493 0.043429 0.047063 0.050449 0.053615 0.056582 0.059370 0.061993 0.064466 0.066801 0.069010 0.071103 0.073088 0.074974 0.076767 0.078474 0.080102 0.081654 0.083137 0.084553 0.085908 0.087205 0.088447 0.089638 0.090779 0.091873 0.092924 0.093931 0.094899 0.095828 0.096719 0.097575 0.098397 0.099186 0.099942 0.100667 0.101362 0.102028 0.102664 0.103273 0.103854 0.104409 0.104937 0.105438 0.105914 0.106364 0.106790 0.107190 0.107565
0.035541 0.039328 0.042951 0.046350 0.049529 0.052505 0.055296 0.057919 0.060387 0.062715 0.064912 0.066989 0.068956 0.070819 0.072586 0.074264 0.075858 0.077373 0.078814 0.080186 0.081493 0.082738 0.083924 0.085054 0.086132 0.087159 0.088138 0.089071 0.089960 0.090806 0.091611 0.092377 0.093104 0.093794 0.094448 0.095067 0.095652 0.096203 0.096721 0.097207 0.097661 0.098084 0.098477 0.098838 0.099170 0.099472 0.099743 0.099986 0.100198 0.100382
0.035055 0.038698 0.042096 0.045277 0.048263 0.051070 0.053712 0.056204 0.058554 0.060774 0.062871 0.064855 0.066733 0.068510 0.070195 0.071791 0.073305 0.074741 0.076103 0.077396 0.078623 0.079787 0.080892 0.081939 0.082933 0.083875 0.084767 0.085611 0.086408 0.087161 0.087871 0.088539 0.089167 0.089754 0.090303 0.090814 0.091288 0.091726 0.092128 0.092494 0.092825 0.093122 0.093385 0.093614 0.093809 0.093971 0.094099 0.094193 0.094255 0.094283
0.033931 0.037465 0.040716 0.043765 0.046643 0.049364 0.051935 0.054365 0.056661 0.058830 0.060880 0.062818 0.064651 0.066384 0.068024 0.069575 0.071043 0.072432 0.073747 0.074991 0.076167 0.077280 0.078331 0.079324 0.080262 0.081145 0.081977 0.082759 0.083493 0.084181 0.084823 0.085421 0.085976 0.086490 0.086963 0.087395 0.087788 0.088142 0.088458 0.088735 0.088976 0.089179 0.089345 0.089475 0.089568 0.089624 0.089644 0.089628 0.089575 0.089486
0.032706 0.035886 0.039048 0.042092 0.044985 0.047721 0.050305 0.052742 0.055041 0.057209 0.059255 0.061185 0.063007 0.064728 0.066352 0.067886 0.069334 0.070702 0.071993 0.073212 0.074362 0.075446 0.076468 0.077430 0.078334 0.079182 0.079978 0.080722 0.081417 0.082063 0.082662 0.083216 0.083726 0.084192 0.084615 0.084997 0.085337 0.085636 0.085896 0.086115 0.086296 0.086437 0.086539 0.086603 0.086628 0.086615 0.086563 0.086473 0.086344 0.086176
0.030492 0.034250 0.037696 0.040894 0.043882 0.046680 0.049306 0.051773 0.054093 0.056276 0.058332 0.060269 0.062094 0.063815 0.065438 0.066968 0.068411 0.069772 0.071055 0.072265 0.073404 0.074476 0.075485 0.076433 0.077322 0.078155 0.078933 0.079660 0.080336 0.080963 0.081542 0.082074 0.082562 0.083004 0.083404 0.083760 0.084074 0.084347 0.084579 0.084770 0.084920 0.085031 0.085102 0.085133 0.085124 0.085076 0.084988 0.084860 0.084693 0.084486
