0.047210 0.045002 0.042610 0.040065 0.037382 0.034570 0.031632 0.028572 0.025390 0.022087 0.018662 0.015116 0.011448 0.007658 0.003744 0.000001 0.000001 0.000001 0.000001 0.000001 0.000001 0.000001 0.000001 0.000001 0.000001 0.000001 0.000001 0.000001 0.000001 0.000001 0.000001 0.000001 0.000001 0.000001 0.000001 0.000001 0.000001 0.000001 0.000001 0.000001 0.000001 0.000001 0.000001 0.000001 0.000001 0.000001 0.000001 0.000001 0.000001 0.000001
0.047961 0.045492 0.042950 0.040319 0.037583 0.034736 0.031773 0.028693 0.025496 0.022180 0.018746 0.015192 0.011517 0.007720 0.003801 0.000001 0.000001 0.000001 0.000001 0.000001 0.000001 0.000001 0.000001 0.000001 0.000001 0.000001 0.000001 0.000001 0.000001 0.000001 0.000001 0.000001 0.000001 0.000001 0.000001 0.000001 0.000001 0.000001 0.000001 0.000001 0.000001 0.000001 0.000001 0.000001 0.000001 0.000001 0.000001 0.000001 0.000001 0.000001
0.048515 0.045942 0.043351 0.040672 0.037890 0.035003 0.032008 0.028901 0.025682 0.022348 0.018898 0.015331 0.011645 0.007838 0.003910 0.000001 0.000001 0.000001 0.000001 0.000001 0.000001 0.000001 0.000001 0.000001 0.000001 0.000001 0.000001 0.000001 0.000001 0.000001 0.000001 0.000001 0.000001 0.000001 0.000001 0.000001 0.000001 0.000001 0.000001 0.000001 0.000001 0.000001 0.000001 0.000001 0.000001 0.000001 0.000001 0.000001 0.000001 0.000001
0.048599 0.046292 0.043729 0.041028 0.038218 0.035302 0.032282 0.029153 0.025914 0.022563 0.019098 0.015516 0.011817 0.007998 0.004058 0.000001 0.000001 0.000001 0.000001 0.000001 0.000001 0.000001 0.000001 0.000001 0.000001 0.000001 0.000001 0.000001 0.000001 0.000001 0.000001 0.000001 0.000001 0.000001 0.000001 0.000001 0.000001 0.000001 0.000001 0.000001 0.000001 0.000001 0.000001 0.000001 0.000001 0.000001 0.000001 0.000001 0.000001 0.000001
0.049401 0.046756 0.044090 0.041350 0.038520 0.035591 0.032558 0.029417 0.026166 0.022803 0.019325 0.015731 0.012019 0.008188 0.004237 0.000163 0.000001 0.000001 0.000001 0.000001 0.000001 0.000001 0.000001 0.000001 0.000001 0.000001 0.000001 0.000001 0.000001 0.000001 0.000001 0.000001 0.000001 0.000001 0.000001 0.000001 0.000001 0.000001 0.000001 0.000001 0.000001 0.000001 0.000001 0.000001 0.000001 0.000001 0.000001 0.000001 0.000001 0.000001
0.049818 0.047032 0.044337 0.041603 0.038783 0.035860 0.032829 0.029686 0.026430 0.023058 0.019571 0.015967 0.012244 0.008401 0.004437 0.000351 0.000001 0.000001 0.000001 0.000001 0.000001 0.000001 0.000001 0.000001 0.000001 0.000001 0.000001 0.000001 0.000001 0.000001 0.000001 0.000001 0.000001 0.000001 0.000001 0.000001 0.000001 0.000001 0.000001 0.000001 0.000001 0.000001 0.000001 0.000001 0.000001 0.000001 0.000001 0.000001 0.000001 0.000001
0.048896 0.046860 0.044441 0.041816 0.039042 0.036138 0.033113 0.029969 0.026708 0.023329 0.019833 0.016218 0.012483 0.008629 0.004652 0.000554 0.000001 0.000001 0.000001 0.000001 0.000001 0.000001 0.000001 0.000001 0.000001 0.000001 0.000001 0.000001 0.000001 0.000001 0.000001 0.000001 0.000001 0.000001 0.000001 0.000001 0.000001 0.000001 0.000001 0.000001 0.000001 0.000001 0.000001 0.000001 0.000001 0.000001 0.000001 0.000001 0.000001 0.000001
0.049787 0.047342 0.044823 0.042167 0.039379 0.036465 0.033431 0.030278 0.027007 0.023617 0.020109 0.016481 0.012734 0.008866 0.004876 0.000764 0.000001 0.000001 0.000001 0.000001 0.000001 0.000001 0.000001 0.000001 0.000001 0.000001 0.000001 0.000001 0.000001 0.000001 0.000001 0.000001 0.000001 0.000001 0.000001 0.000001 0.000001 0.000001 0.000001 0.000001 0.000001 0.000001 0.000001 0.000001 0.000001 0.000001 0.000001 0.000001 0.000001 0.000001
0.050473 0.048030 0.045374 0.042624 0.039782 0.036836 0.033779 0.030607 0.027319 0.023914 0.020391 0.016749 0.012987 0.009106 0.005103 0.000978 0.000001 0.000001 0.000001 0.000001 0.000001 0.000001 0.000001 0.000001 0.000001 0.000001 0.000001 0.000001 0.000001 0.000001 0.000001 0.000001 0.000001 0.000001 0.000001 0.000001 0.000001 0.000001 0.000001 0.000001 0.000001 0.000001 0.000001 0.000001 0.000001 0.000001 0.000001 0.000001 0.000001 0.000001
0.051897 0.048637 0.045818 0.043027 0.040164 0.037199 0.034123 0.030933 0.027628 0.024207 0.020668 0.017012 0.013237 0.009342 0.005326 0.001189 0.000001 0.000001 0.000001 0.000001 0.000001 0.000001 0.000001 0.000001 0.000001 0.000001 0.000001 0.000001 0.000001 0.000001 0.000001 0.000001 0.000001 0.000001 0.000001 0.000001 0.000001 0.000001 0.000001 0.000001 0.000001 0.000001 0.000001 0.000001 0.000001 0.000001 0.000001 0.000001 0.000001 0.000001
0.049764 0.048306 0.045975 0.043321 0.040491 0.037526 0.034439 0.031235 0.027915 0.024480 0.020928 0.017260 0.013474 0.009569 0.005544 0.001398 0.000001 0.000001 0.000001 0.000001 0.000001 0.000001 0.000001 0.000001 0.000001 0.000001 0.000001 0.000001 0.000001 0.000001 0.000001 0.000001 0.000001 0.000001 0.000001 0.000001 0.000001 0.000001 0.000001 0.000001 0.000001 0.000001 0.000001 0.000001 0.000001 0.000001 0.000001 0.000001 0.000001 0.000001
0.052283 0.049204 0.046466 0.043691 0.040813 0.037822 0.034717 0.031500 0.028169 0.024725 0.021166 0.017491 0.013699 0.009789 0.005758 0.001606 0.000001 0.000001 0.000001 0.000001 0.000001 0.000001 0.000001 0.000001 0.000001 0.000001 0.000001 0.000001 0.000001 0.000001 0.000001 0.000001 0.000001 0.000001 0.000001 0.000001 0.000001 0.000001 0.000001 0.000001 0.000001 0.000001 0.000001 0.000001 0.000001 0.000001 0.000001 0.000001 0.000001 0.000001
0.051995 0.049570 0.046836 0.043999 0.041077 0.038062 0.034946 0.031723 0.028390 0.024945 0.021386 0.017711 0.013919 0.010007 0.005975 0.001822 0.000001 0.000001 0.000001 0.000001 0.000001 0.000001 0.000001 0.000001 0.000001 0.000001 0.000001 0.000001 0.000001 0.000001 0.000001 0.000001 0.000001 0.000001 0.000001 0.000001 0.000001 0.000001 0.000001 0.000001 0.000001 0.000001 0.000001 0.000001 0.000001 0.000001 0.000001 0.000001 0.000001 0.000001
0.052751 0.049774 0.046967 0.044135 0.041228 0.038227 0.035124 0.031912 0.028590 0.025154 0.021602 0.017933 0.014145 0.010237 0.006208 0.002056 0.000001 0.000001 0.000001 0.000001 0.000001 0.000001 0.000001 0.000001 0.000001 0.000001 0.000001 0.000001 0.000001 0.000001 0.000001 0.000001 0.000001 0.000001 0.000001 0.000001 0.000001 0.000001 0.000001 0.000001 0.000001 0.000001 0.000001 0.000001 0.000001 0.000001 0.000001 0.000001 0.000001 0.000001
0.051665 0.049386 0.046842 0.044139 0.041306 0.038353 0.035283 0.032097 0.028794 0.025372 0.021832 0.018173 0.014393 0.010491 0.006467 0.002319 0.000001 0.000001 0.000001 0.000001 0.000001 0.000001 0.000001 0.000001 0.000001 0.000001 0.000001 0.000001 0.000001 0.000001 0.000001 0.000001 0.000001 0.000001 0.000001 0.000001 0.000001 0.000001 0.000001 0.000001 0.000001 0.000001 0.000001 0.000001 0.000001 0.000001 0.000001 0.000001 0.000001 0.000001
0.051655 0.049353 0.046864 0.044218 0.041433 0.038518 0.035478 0.032314 0.029029 0.025622 0.022093 0.018443 0.014671 0.010776 0.006758 0.002615 0.000001 0.000001 0.000001 0.000001 0.000001 0.000001 0.000001 0.000001 0.000001 0.000001 0.000001 0.000001 0.000001 0.000001 0.000001 0.000001 0.000001 0.000001 0.000001 0.000001 0.000001 0.000001 0.000001 0.000001 0.000001 0.000001 0.000001 0.000001 0.000001 0.000001 0.000001 0.000001 0.000001 0.000001
0.052125 0.049666 0.047112 0.044449 0.041666 0.038760 0.035731 0.032579 0.029305 0.025908 0.022388 0.018746 0.014982 0.011094 0.007082 0.002946 0.000001 0.000001 0.000001 0.000001 0.000001 0.000001 0.000001 0.000001 0.000001 0.000001 0.000001 0.000001 0.000001 0.000001 0.000001 0.000001 0.000001 0.000001 0.000001 0.000001 0.000001 0.000001 0.000001 0.000001 0.000001 0.000001 0.000001 0.000001 0.000001 0.000001 0.000001 0.000001 0.000001 0.000001
0.052713 0.050043 0.047437 0.044752 0.041960 0.039052 0.036025 0.032878 0.029609 0.026219 0.022707 0.019073 0.015316 0.011437 0.007433 0.003306 0.000001 0.000001 0.000001 0.000001 0.000001 0.000001 0.000001 0.000001 0.000001 0.000001 0.000001 0.000001 0.000001 0.000001 0.000001 0.000001 0.000001 0.000001 0.000001 0.000001 0.000001 0.000001 0.000001 0.000001 0.000001 0.000001 0.000001 0.000001 0.000001 0.000001 0.000001 0.000001 0.000001 0.000001
0.052072 0.050126 0.047667 0.045018 0.042239 0.039339 0.036320 0.033180 0.029920 0.026539 0.023036 0.019413 0.015667 0.011799 0.007808 0.003693 0.000001 0.000001 0.000001 0.000001 0.000001 0.000001 0.000001 0.000001 0.000001 0.000001 0.000001 0.000001 0.000001 0.000001 0.000001 0.000001 0.000001 0.000001 0.000001 0.000001 0.000001 0.000001 0.000001 0.000001 0.000001 0.000001 0.000001 0.000001 0.000001 0.000001 0.000001 0.000001 0.000001 0.000001
0.053667 0.050538 0.047899 0.045246 0.042485 0.039602 0.036597 0.033471 0.030224 0.026857 0.023370 0.019762 0.016033 0.012181 0.008207 0.004110 0.000001 0.000001 0.000001 0.000001 0.000001 0.000001 0.000001 0.000001 0.000001 0.000001 0.000001 0.000001 0.000001 0.000001 0.000001 0.000001 0.000001 0.000001 0.000001 0.000001 0.000001 0.000001 0.000001 0.000001 0.000001 0.000001 0.000001 0.000001 0.000001 0.000001 0.000001 0.000001 0.000001 0.000001
0.051593 0.050297 0.048039 0.045467 0.042729 0.039860 0.036869 0.033760 0.030531 0.027184 0.023717 0.020130 0.016422 0.012593 0.008641 0.004566 0.000368 0.000001 0.000001 0.000001 0.000001 0.000001 0.000001 0.000001 0.000001 0.000001 0.000001 0.000001 0.000001 0.000001 0.000001 0.000001 0.000001 0.000001 0.000001 0.000001 0.000001 0.000001 0.000001 0.000001 0.000001 0.000001 0.000001 0.000001 0.000001 0.000001 0.000001 0.000001 0.000001 0.000001
0.054719 0.051289 0.048499 0.045784 0.043009 0.040139 0.037160 0.034068 0.030862 0.027538 0.024095 0.020534 0.016853 0.013051 0.009127 0.005080 0.000910 0.000001 0.000001 0.000001 0.000001 0.000001 0.000001 0.000001 0.000001 0.000001 0.000001 0.000001 0.000001 0.000001 0.000001 0.000001 0.000001 0.000001 0.000001 0.000001 0.000001 0.000001 0.000001 0.000001 0.000001 0.000001 0.000001 0.000001 0.000001 0.000001 0.000001 0.000001 0.000001 0.000001
0.053240 0.051145 0.048651 0.046017 0.043278 0.040434 0.037481 0.034416 0.031237 0.027941 0.024528 0.020997 0.017346 0.013576 0.009684 0.005670 0.001533 0.000001 0.000001 0.000001 0.000001 0.000001 0.000001 0.000001 0.000001 0.000001 0.000001 0.000001 0.000001 0.000001 0.000001 0.000001 0.000001 0.000001 0.000001 0.000001 0.000001 0.000001 0.000001 0.000001 0.000001 0.000001 0.000001 0.000001 0.000001 0.000001 0.000001 0.000001 0.000001 0.000001
0.053553 0.051201 0.048786 0.046236 0.043559 0.040761 0.037847 0.034818 0.031672 0.028411 0.025032 0.021535 0.017919 0.014184 0.010329 0.006352 0.002253 0.000001 0.000001 0.000001 0.000001 0.000001 0.000001 0.000001 0.000001 0.000001 0.000001 0.000001 0.000001 0.000001 0.000001 0.000001 0.000001 0.000001 0.000001 0.000001 0.000001 0.000001 0.000001 0.000001 0.000001 0.000001 0.000001 0.000001 0.000001 0.000001 0.000001 0.000001 0.000001 0.000001
0.053528 0.051400 0.049041 0.046535 0.043900 0.041144 0.038271 0.035281 0.032175 0.028952 0.025612 0.022156 0.018581 0.014887 0.011073 0.007139 0.003084 0.000001 0.000001 0.000001 0.000001 0.000001 0.000001 0.000001 0.000001 0.000001 0.000001 0.000001 0.000001 0.000001 0.000001 0.000001 0.000001 0.000001 0.000001 0.000001 0.000001 0.000001 0.000001 0.000001 0.000001 0.000001 0.000001 0.000001 0.000001 0.000001 0.000001 0.000001 0.000001 0.000001
0.054302 0.051855 0.049414 0.046903 0.044294 0.041576 0.038746 0.035800 0.032739 0.029562 0.026269 0.022859 0.019332 0.015686 0.011922 0.008038 0.004034 0.000001 0.000001 0.000001 0.000001 0.000001 0.000001 0.000001 0.000001 0.000001 0.000001 0.000001 0.000001 0.000001 0.000001 0.000001 0.000001 0.000001 0.000001 0.000001 0.000001 0.000001 0.000001 0.000001 0.000001 0.000001 0.000001 0.000001 0.000001 0.000001 0.000001 0.000001 0.000001 0.000001
0.054353 0.052039 0.049686 0.047243 0.044693 0.042031 0.039255 0.036364 0.033357 0.030236 0.026998 0.023644 0.020173 0.016585 0.012878 0.009053 0.005108 0.001043 0.000001 0.000001 0.000001 0.000001 0.000001 0.000001 0.000001 0.000001 0.000001 0.000001 0.000001 0.000001 0.000001 0.000001 0.000001 0.000001 0.000001 0.000001 0.000001 0.000001 0.000001 0.000001 0.000001 0.000001 0.000001 0.000001 0.000001 0.000001 0.000001 0.000001 0.000001 0.000001
0.053754 0.052003 0.049884 0.047563 0.045096 0.042504 0.039794 0.036968 0.034027 0.030970 0.027799 0.024511 0.021107 0.017586 0.013947 0.010190 0.006313 0.002316 0.000001 0.000001 0.000001 0.000001 0.000001 0.000001 0.000001 0.000001 0.000001 0.000001 0.000001 0.000001 0.000001 0.000001 0.000001 0.000001 0.000001 0.000001 0.000001 0.000001 0.000001 0.000001 0.000001 0.000001 0.000001 0.000001 0.000001 0.000001 0.000001 0.000001 0.000001 0.000001
0.054851 0.052534 0.050280 0.047960 0.045540 0.043012 0.040372 0.037620 0.034755 0.031775 0.028680 0.025470 0.022143 0.018699 0.015138 0.011459 0.007660 0.003741 0.000001 0.000001 0.000001 0.000001 0.000001 0.000001 0.000001 0.000001 0.000001 0.000001 0.000001 0.000001 0.000001 0.000001 0.000001 0.000001 0.000001 0.000001 0.000001 0.000001 0.000001 0.000001 0.000001 0.000001 0.000001 0.000001 0.000001 0.000001 0.000001 0.000001 0.000001 0.000001
0.054773 0.052779 0.050614 0.048357 0.046009 0.043561 0.041005 0.038339 0.035560 0.032667 0.029659 0.026535 0.023295 0.019938 0.016464 0.012871 0.009160 0.005329 0.001386 0.000001 0.000001 0.000001 0.000001 0.000001 0.000001 0.000001 0.000001 0.000001 0.000001 0.000001 0.000001 0.000001 0.000001 0.000001 0.000001 0.000001 0.000001 0.000001 0.000001 0.000001 0.000001 0.000001 0.000001 0.000001 0.000001 0.000001 0.000001 0.000001 0.000001 0.000001
0.055177 0.052944 0.050868 0.048738 0.046508 0.044167 0.041714 0.039147 0.036465 0.033667 0.030754 0.027725 0.024580 0.021318 0.017938 0.014441 0.010825 0.007091 0.003237 0.000001 0.000001 0.000001 0.000001 0.000001 0.000001 0.000001 0.000001 0.000001 0.000001 0.000001 0.000001 0.000001 0.000001 0.000001 0.000001 0.000001 0.000001 0.000001 0.000001 0.000001 0.000001 0.000001 0.000001 0.000001 0.000001 0.000001 0.000001 0.000001 0.000001 0.000001
0.053859 0.052795 0.051116 0.049187 0.047098 0.044877 0.042533 0.040070 0.037490 0.034793 0.031981 0.029054 0.026010 0.022850 0.019573 0.016179 0.012667 0.009037 0.005288 0.001452 0.000001 0.000001 0.000001 0.000001 0.000001 0.000001 0.000001 0.000001 0.000001 0.000001 0.000001 0.000001 0.000001 0.000001 0.000001 0.000001 0.000001 0.000001 0.000001 0.000001 0.000001 0.000001 0.000001 0.000001 0.000001 0.000001 0.000001 0.000001 0.000001 0.000001
0.055796 0.053627 0.051767 0.049865 0.047855 0.045727 0.043481 0.041120 0.038643 0.036052 0.033346 0.030525 0.027590 0.024539 0.021372 0.018089 0.014689 0.011172 0.007536 0.003784 0.000191 0.000001 0.000001 0.000001 0.000001 0.000001 0.000001 0.000001 0.000001 0.000001 0.000001 0.000001 0.000001 0.000001 0.000001 0.000001 0.000001 0.000001 0.000001 0.000001 0.000001 0.000001 0.000001 0.000001 0.000001 0.000001 0.000001 0.000001 0.000001 0.000001
0.055382 0.054157 0.052490 0.050665 0.048729 0.046688 0.044539 0.042281 0.039912 0.037432 0.034840 0.032134 0.029315 0.026382 0.023334 0.020171 0.016892 0.013496 0.009983 0.006352 0.002626 0.000001 0.000001 0.000001 0.000001 0.000001 0.000001 0.000001 0.000001 0.000001 0.000001 0.000001 0.000001 0.000001 0.000001 0.000001 0.000001 0.000001 0.000001 0.000001 0.000001 0.000001 0.000001 0.000001 0.000001 0.000001 0.000001 0.000001 0.000001 0.000001
0.056889 0.054946 0.053219 0.051462 0.049624 0.047691 0.045658 0.043519 0.041272 0.038915 0.036447 0.033868 0.031176 0.028370 0.025451 0.022417 0.019268 0.016004 0.012624 0.009127 0.005513 0.001880 0.000001 0.000001 0.000001 0.000001 0.000001 0.000001 0.000001 0.000001 0.000001 0.000001 0.000001 0.000001 0.000001 0.000001 0.000001 0.000001 0.000001 0.000001 0.000001 0.000001 0.000001 0.000001 0.000001 0.000001 0.000001 0.000001 0.000001 0.000001
0.056287 0.055171 0.053728 0.052156 0.050479 0.048698 0.046810 0.044812 0.042705 0.040486 0.038156 0.035714 0.033160 0.030493 0.027713 0.024820 0.021812 0.018690 0.015453 0.012100 0.008630 0.005051 0.001564 0.000001 0.000001 0.000001 0.000001 0.000001 0.000001 0.000001 0.000001 0.000001 0.000001 0.000001 0.000001 0.000001 0.000001 0.000001 0.000001 0.000001 0.000001 0.000001 0.000001 0.000001 0.000001 0.000001 0.000001 0.000001 0.000001 0.000001
0.056890 0.055472 0.054192 0.052826 0.051340 0.049733 0.048007 0.046165 0.044210 0.042141 0.039960 0.037667 0.035262 0.032745 0.030116 0.027374 0.024518 0.021549 0.018466 0.015268 0.011955 0.008526 0.005001 0.001632 0.000001 0.000001 0.000001 0.000001 0.000001 0.000001 0.000001 0.000001 0.000001 0.000001 0.000001 0.000001 0.000001 0.000001 0.000001 0.000001 0.000001 0.000001 0.000001 0.000001 0.000001 0.000001 0.000001 0.000001 0.000001 0.000001
0.056171 0.055715 0.054773 0.053611 0.052296 0.050850 0.049281 0.047595 0.045795 0.043883 0.041860 0.039726 0.037481 0.035124 0.032657 0.030077 0.027386 0.024581 0.021664 0.018633 0.015487 0.012226 0.008852 0.005393 0.002085 0.000001 0.000001 0.000001 0.000001 0.000001 0.000001 0.000001 0.000001 0.000001 0.000001 0.000001 0.000001 0.000001 0.000001 0.000001 0.000001 0.000001 0.000001 0.000001 0.000001 0.000001 0.000001 0.000001 0.000001 0.000001
0.057795 0.056690 0.055679 0.054581 0.053375 0.052059 0.050635 0.049103 0.047463 0.045715 0.043859 0.041894 0.039820 0.037636 0.035342 0.032937 0.030421 0.027794 0.025054 0.022202 0.019235 0.016155 0.012960 0.009653 0.006266 0.002973 0.000320 0.000001 0.000001 0.000001 0.000001 0.000001 0.000001 0.000001 0.000001 0.000001 0.000001 0.000001 0.000001 0.000001 0.000001 0.000001 0.000001 0.000001 0.000001 0.000001 0.000001 0.000001 0.000001 0.000001
0.058265 0.057546 0.056594 0.055571 0.054478 0.053304 0.052038 0.050675 0.049209 0.047640 0.045965 0.044183 0.042294 0.040295 0.038188 0.035971 0.033643 0.031204 0.028654 0.025992 0.023217 0.020328 0.017326 0.014209 0.010982 0.007672 0.004405 0.001570 0.000001 0.000001 0.000001 0.000001 0.000001 0.000001 0.000001 0.000001 0.000001 0.000001 0.000001 0.000001 0.000001 0.000001 0.000001 0.000001 0.000001 0.000001 0.000001 0.000001 0.000001 0.000001
0.059193 0.058050 0.057215 0.056392 0.055507 0.054538 0.053475 0.052312 0.051047 0.049678 0.048202 0.046620 0.044930 0.043131 0.041223 0.039205 0.037077 0.034839 0.032490 0.030029 0.027456 0.024770 0.021972 0.019059 0.016032 0.012895 0.009671 0.006439 0.003388 0.000950 0.000001 0.000001 0.000001 0.000001 0.000001 0.000001 0.000001 0.000001 0.000001 0.000001 0.000001 0.000001 0.000001 0.000001 0.000001 0.000001 0.000001 0.000001 0.000001 0.000001
0.057537 0.057787 0.057557 0.057114 0.056528 0.055820 0.054999 0.054068 0.053026 0.051876 0.050616 0.049247 0.047769 0.046181 0.044483 0.042676 0.040759 0.038731 0.036592 0.034343 0.031982 0.029509 0.026923 0.024225 0.021413 0.018487 0.015451 0.012319 0.009138 0.006029 0.003191 0.000957 0.000001 0.000001 0.000001 0.000001 0.000001 0.000001 0.000001 0.000001 0.000001 0.000001 0.000001 0.000001 0.000001 0.000001 0.000001 0.000001 0.000001 0.000001
0.058236 0.058299 0.058269 0.058087 0.057762 0.057308 0.056731 0.056036 0.055226 0.054302 0.053265 0.052117 0.050858 0.049489 0.048010 0.046421 0.044721 0.042912 0.040993 0.038963 0.036822 0.034571 0.032207 0.029732 0.027144 0.024442 0.021627 0.018701 0.015674 0.012573 0.009456 0.006450 0.003708 0.001535 0.000001 0.000001 0.000001 0.000001 0.000001 0.000001 0.000001 0.000001 0.000001 0.000001 0.000001 0.000001 0.000001 0.000001 0.000001 0.000001
0.059264 0.059440 0.059509 0.059493 0.059374 0.059139 0.058785 0.058314 0.057726 0.057024 0.056209 0.055283 0.054245 0.053098 0.051842 0.050476 0.049001 0.047416 0.045723 0.043920 0.042007 0.039984 0.037851 0.035606 0.033250 0.030781 0.028200 0.025506 0.022699 0.019787 0.016784 0.013724 0.010664 0.007722 0.004971 0.002706 0.000842 0.000001 0.000001 0.000001 0.000001 0.000001 0.000001 0.000001 0.000001 0.000001 0.000001 0.000001 0.000001 0.000001
0.060746 0.060878 0.061131 0.061321 0.061403 0.061369 0.061219 0.060954 0.060577 0.060089 0.059491 0.058784 0.057969 0.057046 0.056015 0.054877 0.053631 0.052278 0.050816 0.049246 0.047568 0.045781 0.043884 0.041877 0.039760 0.037532 0.035192 0.032740 0.030175 0.027498 0.024711 0.021824 0.018854 0.015835 0.012821 0.009893 0.007135 0.004607 0.002568 0.000836 0.000001 0.000001 0.000001 0.000001 0.000001 0.000001 0.000001 0.000001 0.000001 0.000001
0.061316 0.062464 0.063133 0.063563 0.063839 0.063991 0.064031 0.063964 0.063791 0.063515 0.063134 0.062648 0.062058 0.061364 0.060564 0.059659 0.058648 0.057531 0.056308 0.054978 0.053541 0.051996 0.050342 0.048581 0.046709 0.044728 0.042637 0.040434 0.038119 0.035692 0.033152 0.030501 0.027744 0.024889 0.021956 0.018975 0.015996 0.013057 0.010236 0.007581 0.005128 0.003132 0.001427 0.000001 0.000001 0.000001 0.000001 0.000001 0.000001 0.000001
0.064348 0.065094 0.065698 0.066202 0.066615 0.066939 0.067172 0.067310 0.067353 0.067298 0.067144 0.066890 0.066534 0.066076 0.065515 0.064851 0.064082 0.063209 0.062231 0.061148 0.059958 0.058662 0.057259 0.055749 0.054130 0.052402 0.050565 0.048618 0.046560 0.044391 0.042109 0.039715 0.037208 0.034592 0.031870 0.029054 0.026161 0.023217 0.020257 0.017316 0.014418 0.011633 0.009004 0.006516 0.004390 0.002615 0.001039 0.000001 0.000001 0.000001
0.067705 0.067824 0.068353 0.068974 0.069578 0.070121 0.070586 0.070964 0.071248 0.071437 0.071528 0.071520 0.071411 0.071201 0.070888 0.070474 0.069956 0.069334 0.068609 0.067779 0.066843 0.065803 0.064656 0.063403 0.062043 0.060575 0.058998 0.057312 0.055517 0.053611 0.051594 0.049465 0.047224 0.044869 0.042403 0.039827 0.037148 0.034373 0.031521 0.028615 0.025675 0.022723 0.019790 0.016896 0.014078 0.011404 0.008872 0.006479 0.004476 0.002767
0.067852 0.069458 0.070672 0.071726 0.072674 0.073526 0.074280 0.074936 0.075491 0.075946 0.076299 0.076551 0.076701 0.076749 0.076694 0.076537 0.076277 0.075913 0.075447 0.074876 0.074201 0.073422 0.072538 0.071547 0.070451 0.069248 0.067937 0.066518 0.064991 0.063354 0.061607 0.059749 0.057779 0.055696 0.053501 0.051192 0.048772 0.046242 0.043608 0.040880 0.038072 0.035204 0.032287 0.029339 0.026373 0.023416 0.020494 0.017616 0.014828 0.012184
0.070078 0.071758 0.073348 0.074796 0.076105 0.077285 0.078345 0.079291 0.080127 0.080855 0.081478 0.081996 0.082410 0.082721 0.082930 0.083035 0.083038 0.082938 0.082735 0.082429 0.082020 0.081506 0.080889 0.080166 0.079339 0.078405 0.077365 0.076218 0.074963 0.073600 0.072128 0.070545 0.068852 0.067046 0.065129 0.063098 0.060954 0.058696 0.056326 0.053847 0.051263 0.048584 0.045824 0.042997 0.040109 0.037172 0.034200 0.031206 0.028204 0.025220
0.072822 0.074847 0.076748 0.078491 0.080085 0.081543 0.082876 0.084091 0.085194 0.086187 0.087074 0.087856 0.088533 0.089108 0.089581 0.089951 0.090219 0.090386 0.090450 0.090412 0.090272 0.090029 0.089682 0.089232 0.088677 0.088018 0.087253 0.086382 0.085404 0.084319 0.083125 0.081822 0.080410 0.078886 0.077251 0.075504 0.073643 0.071668 0.069579 0.067376 0.065060 0.062634 0.060104 0.057478 0.054770 0.051987 0.049136 0.046223 0.043258 0.040251
0.076429 0.078870 0.080952 0.082863 0.084649 0.086320 0.087881 0.089335 0.090683 0.091927 0.093068 0.094107 0.095044 0.095881 0.096617 0.097253 0.097788 0.098223 0.098558 0.098791 0.098923 0.098954 0.098882 0.098708 0.098430 0.098049 0.097563 0.096972 0.096275 0.095472 0.094561 0.093542 0.092414 0.091176 0.089828 0.088368 0.086795 0.085109 0.083309 0.081393 0.079363 0.077218 0.074959 0.072590 0.070116 0.067547 0.064895 0.062163 0.059355 0.056477
0.081954 0.083682 0.085670 0.087672 0.089618 0.091482 0.093257 0.094937 0.096522 0.098011 0.099402 0.100696 0.101892 0.102991 0.103992 0.104896 0.105701 0.106407 0.107015 0.107523 0.107931 0.108239 0.108446 0.108552 0.108556 0.108457 0.108254 0.107947 0.107536 0.107018 0.106394 0.105663 0.104823 0.103875 0.102817 0.101647 0.100367 0.098973 0.097466 0.095844 0.094107 0.092254 0.090285 0.088200 0.086001 0.083691 0.081278 0.078772 0.076181 0.073505
0.085337 0.087917 0.090292 0.092560 0.094743 0.096841 0.098852 0.100775 0.102608 0.104349 0.105997 0.107552 0.109013 0.110379 0.111650 0.112825 0.113904 0.114887 0.115772 0.116560 0.117249 0.117839 0.118330 0.118720 0.119009 0.119196 0.119281 0.119263 0.119141 0.118913 0.118580 0.118141 0.117594 0.116939 0.116174 0.115300 0.114314 0.113217 0.112007 0.110682 0.109243 0.107689 0.106018 0.104229 0.102324 0.100301 0.098164 0.095918 0.093571 0.091134
0.089297 0.092181 0.094872 0.097438 0.099902 0.102274 0.104555 0.106746 0.108846 0.110857 0.112776 0.114604 0.116339 0.117982 0.119531 0.120986 0.122346 0.123611 0.124781 0.125854 0.126829 0.127707 0.128486 0.129166 0.129746 0.130225 0.130602 0.130876 0.131048 0.131115 0.131077 0.130934 0.130683 0.130325 0.129859 0.129283 0.128597 0.127799 0.126889 0.125866 0.124729 0.123477 0.122109 0.120623 0.119020 0.117299 0.115459 0.113502 0.111431 0.109254
0.093776 0.096574 0.099473 0.102316 0.105074 0.107738 0.110310 0.112790 0.115179 0.117476 0.119682 0.121796 0.123818 0.125748 0.127585 0.129329 0.130979 0.132534 0.133995 0.135360 0.136628 0.137799 0.138873 0.139848 0.140723 0.141499 0.142173 0.142746 0.143216 0.143582 0.143845 0.144001 0.144052 0.143996 0.143832 0.143559 0.143176 0.142682 0.142077 0.141359 0.140528 0.139582 0.138521 0.137343 0.136048 0.134635 0.133102 0.131451 0.129680 0.127792
0.097047 0.100709 0.104020 0.107188 0.110254 0.113225 0.116101 0.118883 0.121573 0.124170 0.126674 0.129087 0.131406 0.133634 0.135768 0.137810 0.139757 0.141611 0.143370 0.145033 0.146601 0.148072 0.149446 0.150722 0.151899 0.152977 0.153954 0.154830 0.155604 0.156274 0.156842 0.157304 0.157661 0.157911 0.158054 0.158089 0.158014 0.157829 0.157534 0.157126 0.156605 0.155970 0.155221 0.154355 0.153373 0.152273 0.151055 0.149716 0.148258 0.146679
0.101875 0.105120 0.108611 0.112071 0.115447 0.118730 0.121917 0.125009 0.128008 0.130913 0.133724 0.136443 0.139068 0.141601 0.144041 0.146387 0.148639 0.150798 0.152862 0.154831 0.156704 0.158481 0.160162 0.161744 0.163229 0.164614 0.165900 0.167085 0.168168 0.169149 0.170027 0.170800 0.171469 0.172031 0.172487 0.172835 0.173074 0.173204 0.173223 0.173131 0.172926 0.172608 0.172176 0.171628 0.170964 0.170184 0.169285 0.168267 0.167129 0.165871
0.104550 0.109099 0.113119 0.116943 0.120645 0.124245 0.127747 0.131153 0.134465 0.137683 0.140806 0.143837 0.146773 0.149617 0.152367 0.155024 0.157587 0.160056 0.162431 0.164712 0.166897 0.168986 0.170979 0.172875 0.174674 0.176373 0.177974 0.179474 0.180873 0.182171 0.183366 0.184457 0.185443 0.186325 0.187100 0.187768 0.188327 0.188778 0.189119 0.189348 0.189466 0.189472 0.189363 0.189140 0.188802 0.188347 0.187775 0.187084 0.186274 0.185344
0.109857 0.113665 0.117763 0.121846 0.125850 0.129762 0.133580 0.137303 0.140931 0.144464 0.147903 0.151248 0.154500 0.157658 0.160724 0.163697 0.166576 0.169362 0.172054 0.174652 0.177156 0.179564 0.181877 0.184093 0.186212 0.188233 0.190156 0.191979 0.193702 0.195323 0.196843 0.198259 0.199572 0.200780 0.201882 0.202878 0.203766 0.204545 0.205215 0.205775 0.206224 0.206561 0.206784 0.206894 0.206889 0.206768 0.206530 0.206175 0.205701 0.205108
0.112748 0.117696 0.122272 0.126704 0.131035 0.135269 0.139406 0.143447 0.147392 0.151243 0.155000 0.158664 0.162235 0.165713 0.169100 0.172394 0.175596 0.178705 0.181722 0.184645 0.187475 0.190211 0.192851 0.195396 0.197845 0.200196 0.202450 0.204605 0.206660 0.208614 0.210468 0.212219 0.213866 0.215410 0.216849 0.218181 0.219407 0.220525 0.221534 0.222433 0.223222 0.223900 0.224465 0.224916 0.225254 0.225477 0.225583 0.225573 0.225445 0.225198
0.117249 0.121963 0.126775 0.131530 0.136190 0.140747 0.145205 0.149566 0.153831 0.158003 0.162082 0.166070 0.169967 0.173773 0.177488 0.181112 0.184646 0.188088 0.191439 0.194698 0.197864 0.200937 0.203915 0.206799 0.209588 0.212280 0.214875 0.217373 0.219771 0.222070 0.224268 0.226364 0.228358 0.230248 0.232034 0.233714 0.235289 0.236756 0.238115 0.239365 0.240505 0.241535 0.242452 0.243257 0.243949 0.244526 0.244988 0.245334 0.245563 0.245674
0.120521 0.125917 0.131186 0.136299 0.141284 0.146159 0.150936 0.155618 0.160209 0.164710 0.169122 0.173444 0.177679 0.181824 0.185881 0.189849 0.193727 0.197515 0.201213 0.204820 0.208335 0.211758 0.215088 0.218324 0.221465 0.224511 0.227461 0.230313 0.233067 0.235722 0.238278 0.240732 0.243084 0.245334 0.247480 0.249521 0.251457 0.253286 0.255008 0.256621 0.258125 0.259520 0.260803 0.261974 0.263032 0.263977 0.264807 0.265522 0.266121 0.266603
0.123772 0.130013 0.135581 0.140954 0.146225 0.151411 0.156514 0.161532 0.166466 0.171315 0.176078 0.180754 0.185345 0.189848 0.194264 0.198593 0.202833 0.206984 0.211045 0.215016 0.218897 0.222685 0.226382 0.229985 0.233494 0.236909 0.240228 0.243450 0.246575 0.249601 0.252528 0.255355 0.258080 0.260704 0.263224 0.265641 0.267952 0.270158 0.272257 0.274248 0.276130 0.277903 0.279566 0.281118 0.282557 0.283884 0.285097 0.286196 0.287179 0.288046
0.130033 0.134286 0.139643 0.145229 0.150823 0.156365 0.161835 0.167227 0.172537 0.177764 0.182906 0.187963 0.192935 0.197820 0.202618 0.207328 0.211950 0.216484 0.220928 0.225282 0.229546 0.233718 0.237799 0.241787 0.245681 0.249481 0.253186 0.256795 0.260306 0.263720 0.267035 0.270251 0.273366 0.276379 0.279290 0.282098 0.284801 0.287399 0.289891 0.292275 0.294552 0.296721 0.298779 0.300727 0.302564 0.304289 0.305901 0.307399 0.308782 0.310050
0.128302 0.136039 0.142619 0.148858 0.154950 0.160940 0.166840 0.172654 0.178382 0.184024 0.189578 0.195045 0.200425 0.205717 0.210921 0.216036 0.221063 0.226000 0.230848 0.235605 0.240272 0.244848 0.249332 0.253723 0.258021 0.262225 0.266333 0.270347 0.274263 0.278083 0.281804 0.285425 0.288947 0.292368 0.295687 0.298903 0.302015 0.305023 0.307925 0.310721 0.313410 0.315990 0.318462 0.320824 0.323076 0.325216 0.327244 0.329158 0.330960 0.332646
0.132562 0.138810 0.145497 0.152157 0.158720 0.165185 0.171552 0.177824 0.184003 0.190090 0.196084 0.201988 0.207801 0.213524 0.219157 0.224699 0.230152 0.235514 0.240786 0.245968 0.251058 0.256057 0.260964 0.265778 0.270499 0.275125 0.279658 0.284095 0.288435 0.292679 0.296824 0.300871 0.304819 0.308665 0.312411 0.316054 0.319594 0.323031 0.326362 0.329588 0.332707 0.335719 0.338622 0.341417 0.344101 0.346676 0.349138 0.351489 0.353726 0.355851
0.133083 0.140787 0.148033 0.155168 0.162215 0.169166 0.176015 0.182764 0.189413 0.195964 0.202419 0.208779 0.215046 0.221219 0.227301 0.233291 0.239190 0.244997 0.250714 0.256339 0.261873 0.267315 0.272665 0.277922 0.283086 0.288156 0.293132 0.298012 0.302796 0.307484 0.312074 0.316566 0.320959 0.325252 0.329444 0.333534 0.337522 0.341406 0.345186 0.348862 0.352431 0.355894 0.359249 0.362495 0.365633 0.368661 0.371579 0.374385 0.377079 0.379660
0.135622 0.142581 0.150226 0.157888 0.165451 0.172901 0.180240 0.187471 0.194599 0.201625 0.208552 0.215383 0.222118 0.228760 0.235308 0.241764 0.248128 0.254400 0.260581 0.266670 0.272667 0.278573 0.284386 0.290107 0.295734 0.301268 0.306707 0.312052 0.317301 0.322453 0.327509 0.332466 0.337325 0.342084 0.346743 0.351301 0.355758 0.360111 0.364361 0.368506 0.372546 0.376481 0.380308 0.384028 0.387640 0.391142 0.394535 0.397817 0.400988 0.404048
0.133012 0.143318 0.152065 0.160348 0.168424 0.176363 0.184184 0.191897 0.199506 0.207015 0.214426 0.221741 0.228960 0.236086 0.243119 0.250059 0.256907 0.263663 0.270328 0.276902 0.283383 0.289773 0.296071 0.302276 0.308388 0.314406 0.320331 0.326161 0.331895 0.337534 0.343076 0.348521 0.353867 0.359115 0.364262 0.369310 0.374255 0.379099 0.383840 0.388477 0.393010 0.397437 0.401759 0.405973 0.410081 0.414079 0.417969 0.421750 0.425420 0.428979
0.138775 0.145785 0.154084 0.162598 0.171081 0.179478 0.187777 0.195978 0.204080 0.212086 0.219997 0.227813 0.235535 0.243164 0.250701 0.258146 0.265499 0.272761 0.279931 0.287010 0.293997 0.300893 0.307697 0.314408 0.321027 0.327553 0.333984 0.340322 0.346565 0.352712 0.358762 0.364716 0.370572 0.376330 0.381989 0.387547 0.393005 0.398362 0.403616 0.408767 0.413814 0.418757 0.423595 0.428327 0.432951 0.437469 0.441878 0.446179 0.450370 0.454451
0.135449 0.145758 0.155139 0.164264 0.173265 0.182169 0.190979 0.199695 0.208318 0.216846 0.225281 0.233623 0.241872 0.250029 0.258094 0.266067 0.273948 0.281738 0.289437 0.297045 0.304561 0.311986 0.319319 0.326560 0.333708 0.340764 0.347726 0.354593 0.361367 0.368045 0.374627 0.381113 0.387502 0.393793 0.399985 0.406078 0.412071 0.417962 0.423753 0.429441 0.435026 0.440507 0.445883 0.451155 0.456320 0.461379 0.466331 0.471174 0.475909 0.480535
0.136516 0.146089 0.155800 0.165448 0.175004 0.184467 0.193837 0.203112 0.212292 0.221378 0.230371 0.239269 0.248074 0.256786 0.265405 0.273933 0.282368 0.290712 0.298965 0.307126 0.315195 0.323173 0.331059 0.338853 0.346555 0.354164 0.361680 0.369101 0.376429 0.383662 0.390799 0.397840 0.404785 0.411632 0.418381 0.425031 0.431582 0.438033 0.444382 0.450630 0.456776 0.462818 0.468757 0.474591 0.480320 0.485944 0.491461 0.496870 0.502172 0.507366
0.135399 0.145642 0.155956 0.166220 0.176398 0.186479 0.196460 0.206340 0.216120 0.225802 0.235385 0.244872 0.254263 0.263560 0.272762 0.281871 0.290888 0.299811 0.308643 0.317383 0.326031 0.334587 0.343051 0.351422 0.359701 0.367888 0.375981 0.383981 0.391887 0.399698 0.407414 0.415034 0.422558 0.429985 0.437314 0.444545 0.451677 0.458709 0.465642 0.472473 0.479202 0.485829 0.492353 0.498773 0.505089 0.511300 0.517405 0.523404 0.529296 0.535081
0.132815 0.144518 0.155715 0.166719 0.177589 0.188339 0.198972 0.209493 0.219907 0.230215 0.240420 0.250525 0.260531 0.270439 0.280252 0.289969 0.299593 0.309122 0.318559 0.327902 0.337153 0.346312 0.355378 0.364352 0.373233 0.382021 0.390716 0.399317 0.407825 0.416238 0.424556 0.432778 0.440905 0.448935 0.456868 0.464703 0.472439 0.480077 0.487614 0.495052 0.502388 0.509622 0.516755 0.523784 0.530709 0.537530 0.544247 0.550858 0.557363 0.563761
0.132462 0.143742 0.155480 0.167176 0.178741 0.190171 0.201473 0.212654 0.223721 0.234678 0.245529 0.256276 0.266921 0.277467 0.287914 0.298265 0.308520 0.318679 0.328745 0.338717 0.348595 0.358381 0.368073 0.377672 0.387179 0.396592 0.405912 0.415138 0.424270 0.433308 0.442251 0.451099 0.459851 0.468507 0.477066 0.485528 0.493891 0.502156 0.510322 0.518388 0.526353 0.534218 0.541980 0.549640 0.557198 0.564651 0.572001 0.579246 0.586386 0.593420
0.128569 0.142468 0.155288 0.167728 0.179969 0.192065 0.204033 0.215881 0.227615 0.239237 0.250752 0.262161 0.273466 0.284671 0.295775 0.306781 0.317690 0.328503 0.339220 0.349843 0.360371 0.370806 0.381147 0.391394 0.401548 0.411609 0.421576 0.431449 0.441228 0.450913 0.460503 0.469998 0.479398 0.488701 0.497908 0.507018 0.516030 0.524944 0.533759 0.542475 0.551091 0.559606 0.568021 0.576333 0.584543 0.592651 0.600655 0.608555 0.616351 0.624042
0.130434 0.142721 0.155555 0.168458 0.181302 0.194050 0.206689 0.219216 0.231630 0.243935 0.256131 0.268221 0.280206 0.292088 0.303869 0.315551 0.327134 0.338620 0.350010 0.361304 0.372503 0.383607 0.394617 0.405533 0.416356 0.427084 0.437719 0.448260 0.458706 0.469059 0.479316 0.489479 0.499546 0.509517 0.519392 0.529170 0.538850 0.548433 0.557918 0.567304 0.576590 0.585776 0.594862 0.603847 0.612730 0.621511 0.630189 0.638764 0.647235 0.655602
0.128011 0.141694 0.155402 0.169059 0.182626 0.196087 0.209434 0.222666 0.235784 0.248790 0.261685 0.274473 0.287155 0.299733 0.312209 0.324584 0.336860 0.349037 0.361117 0.373101 0.384989 0.396781 0.408479 0.420083 0.431592 0.443007 0.454328 0.465554 0.476687 0.487725 0.498668 0.509516 0.520268 0.530926 0.541486 0.551951 0.562318 0.572588 0.582760 0.592833 0.602808 0.612683 0.622458 0.632133 0.641706 0.651178 0.660548 0.669816 0.678981 0.688042
0.124483 0.140091 0.154977 0.169547 0.183923 0.198146 0.212233 0.226194 0.240035 0.253760 0.267372 0.280875 0.294270 0.307559 0.320745 0.333830 0.346813 0.359698 0.372485 0.385174 0.397767 0.410264 0.422665 0.434972 0.447183 0.459301 0.471323 0.483252 0.495086 0.506825 0.518469 0.530018 0.541472 0.552831 0.564093 0.575259 0.586329 0.597301 0.608176 0.618952 0.629630 0.640209 0.650689 0.661069 0.671348 0.681527 0.691604 0.701580 0.711453 0.721223
0.124440 0.139499 0.154859 0.170123 0.185236 0.200201 0.215029 0.229727 0.244302 0.258759 0.273101 0.287331 0.301452 0.315467 0.329377 0.343184 0.356889 0.370494 0.384000 0.397408 0.410719 0.423933 0.437051 0.450074 0.463001 0.475833 0.488571 0.501213 0.513761 0.526214 0.538573 0.550836 0.563003 0.575075 0.587052 0.598932 0.610716 0.622403 0.633992 0.645484 0.656878 0.668174 0.679370 0.690468 0.701465 0.712363 0.723160 0.733855 0.744450 0.754942
0.121532 0.138501 0.154704 0.170671 0.186494 0.202186 0.217750 0.233188 0.248505 0.263703 0.278785 0.293755 0.308613 0.323364 0.338008 0.352548 0.366986 0.381322 0.395557 0.409694 0.423732 0.437673 0.451517 0.465265 0.478917 0.492474 0.505935 0.519301 0.532571 0.545747 0.558828 0.571813 0.584704 0.597498 0.610197 0.622800 0.635307 0.647717 0.660031 0.672247 0.684366 0.696386 0.708309 0.720133 0.731857 0.743483 0.755008 0.766434 0.777758 0.788982
0.122207 0.137875 0.154403 0.171030 0.187584 0.204023 0.220338 0.236529 0.252598 0.268547 0.284379 0.300095 0.315700 0.331194 0.346580 0.361860 0.377036 0.392109 0.407081 0.421952 0.436723 0.451396 0.465972 0.480450 0.494832 0.509117 0.523307 0.537401 0.551399 0.565302 0.579110 0.592823 0.606440 0.619962 0.633388 0.646718 0.659953 0.673091 0.686133 0.699078 0.711926 0.724677 0.737331 0.749886 0.762343 0.774702 0.786961 0.799122 0.811182 0.823143
0.116373 0.135482 0.153465 0.171054 0.188436 0.205665 0.222756 0.239715 0.256546 0.273254 0.289841 0.306310 0.322664 0.338905 0.355035 0.371058 0.386974 0.402785 0.418494 0.434100 0.449606 0.465012 0.480319 0.495528 0.510639 0.525654 0.540572 0.555394 0.570120 0.584750 0.599285 0.613725 0.628069 0.642318 0.656471 0.670529 0.684491 0.698358 0.712129 0.725803 0.739382 0.752863 0.766248 0.779536 0.792726 0.805819 0.818814 0.831710 0.844508 0.857208
0.116127 0.134278 0.152630 0.170914 0.189067 0.207079 0.224948 0.242679 0.260276 0.277743 0.295084 0.312303 0.329404 0.346389 0.363260 0.380021 0.396674 0.413219 0.429660 0.445997 0.462231 0.478365 0.494399 0.510333 0.526169 0.541907 0.557548 0.573093 0.588541 0.603894 0.619150 0.634312 0.649378 0.664349 0.679225 0.694005 0.708691 0.723281 0.737777 0.752176 0.766480 0.780689 0.794802 0.808818 0.822738 0.836562 0.850288 0.863918 0.877450 0.890885
0.113350 0.132232 0.151363 0.170447 0.189394 0.208188 0.226828 0.245320 0.263671 0.281886 0.299971 0.317930 0.335766 0.353484 0.371086 0.388574 0.405952 0.423220 0.440382 0.457438 0.474391 0.491241 0.507990 0.524638 0.541187 0.557638 0.573991 0.590248 0.606407 0.622471 0.638439 0.654311 0.670089 0.685772 0.701360 0.716854 0.732253 0.747558 0.762768 0.777884 0.792905 0.807831 0.822663 0.837400 0.852041 0.866587 0.881038 0.895393 0.909652 0.923814
0.107788 0.129189 0.149622 0.169623 0.189366 0.208915 0.228295 0.247521 0.266601 0.285543 0.304350 0.323029 0.341583 0.360015 0.378328 0.396525 0.414610 0.432583 0.450447 0.468205 0.485857 0.503405 0.520851 0.538197 0.555442 0.572588 0.589636 0.606587 0.623441 0.640200 0.656863 0.673431 0.689905 0.706284 0.722570 0.738761 0.754859 0.770864 0.786775 0.802592 0.818316 0.833947 0.849484 0.864927 0.880277 0.895533 0.910694 0.925761 0.940734 0.955613
0.106750 0.127386 0.148054 0.168591 0.188972 0.209196 0.229266 0.249188 0.268965 0.288603 0.308106 0.327477 0.346721 0.365840 0.384839 0.403719 0.422484 0.441137 0.459678 0.478112 0.496439 0.514661 0.532780 0.550798 0.568715 0.586534 0.604254 0.621877 0.639405 0.656836 0.674173 0.691415 0.708564 0.725620 0.742582 0.759451 0.776228 0.792913 0.809505 0.826005 0.842413 0.858729 0.874953 0.891084 0.907123 0.923070 0.938925 0.954687 0.970356 0.985932
0.103963 0.124845 0.145939 0.167038 0.188046 0.208924 0.229658 0.250247 0.270691 0.290993 0.311157 0.331188 0.351088 0.370861 0.390510 0.410040 0.429452 0.448751 0.467937 0.487014 0.505985 0.524850 0.543612 0.562273 0.580833 0.599295 0.617660 0.635928 0.654100 0.672178 0.690162 0.708052 0.725850 0.743556 0.761170 0.778692 0.796123 0.813463 0.830712 0.847870 0.864938 0.881915 0.898802 0.915598 0.932303 0.948918 0.965442 0.981875 0.998217 1.014468
0.098237 0.120693 0.142856 0.164783 0.186513 0.208067 0.229454 0.250683 0.271760 0.292688 0.313474 0.334121 0.354635 0.375020 0.395279 0.415416 0.435435 0.455340 0.475132 0.494816 0.514392 0.533864 0.553234 0.572503 0.591672 0.610744 0.629720 0.648600 0.667386 0.686079 0.704678 0.723186 0.741603 0.759929 0.778164 0.796309 0.814364 0.832330 0.850206 0.867993 0.885692 0.903301 0.920821 0.938253 0.955595 0.972849 0.990013 1.007089 1.024076 1.040973
0.092795 0.116546 0.139560 0.162199 0.184582 0.206757 0.228748 0.250567 0.272224 0.293726 0.315080 0.336292 0.357368 0.378313 0.399132 0.419830 0.440410 0.460875 0.481230 0.501477 0.521619 0.541657 0.561595 0.581433 0.601174 0.620819 0.640369 0.659825 0.679189 0.698460 0.717641 0.736731 0.755731 0.774642 0.793464 0.812197 0.830842 0.849399 0.867869 0.886250 0.904545 0.922752 0.940871 0.958904 0.976849 0.994708 1.012479 1.030163 1.047760 1.065270
0.090795 0.113555 0.136637 0.159660 0.182525 0.205210 0.227715 0.250046 0.272209 0.294215 0.316072 0.337786 0.359364 0.380813 0.402138 0.423344 0.444435 0.465414 0.486285 0.507051 0.527714 0.548276 0.568740 0.589107 0.609379 0.629556 0.649640 0.669633 0.689535 0.709346 0.729068 0.748701 0.768246 0.787703 0.807072 0.826355 0.845551 0.864660 0.883683 0.902619 0.921470 0.940236 0.958915 0.977509 0.996018 1.014441 1.032779 1.051032 1.069199 1.087281
0.085925 0.109987 0.133680 0.157172 0.180473 0.203584 0.226510 0.249261 0.271846 0.294278 0.316564 0.338713 0.360732 0.382627 0.404404 0.426067 0.447620 0.469065 0.490407 0.511647 0.532788 0.553831 0.574778 0.595631 0.616390 0.637058 0.657635 0.678121 0.698519 0.718827 0.739048 0.759181 0.779227 0.799187 0.819060 0.838848 0.858550 0.878168 0.897700 0.917147 0.936510 0.955789 0.974984 0.994094 1.013121 1.032064 1.050923 1.069699 1.088391 1.107000
0.082482 0.106794 0.130963 0.154864 0.178515 0.201950 0.225196 0.248274 0.271198 0.293981 0.316631 0.339156 0.361563 0.383855 0.406036 0.428111 0.450082 0.471950 0.493720 0.515391 0.536967 0.558448 0.579835 0.601130 0.622334 0.643447 0.664471 0.685406 0.706253 0.727013 0.747686 0.768272 0.788772 0.809187 0.829516 0.849761 0.869922 0.889998 0.909990 0.929899 0.949725 0.969467 0.989126 1.008703 1.028197 1.047609 1.066939 1.086187 1.105353 1.124438
0.079071 0.104255 0.128705 0.152767 0.176577 0.200199 0.223665 0.246995 0.270200 0.293286 0.316259 0.339123 0.361880 0.384533 0.407084 0.429535 0.451886 0.474140 0.496298 0.518360 0.540329 0.562204 0.583988 0.605680 0.627281 0.648793 0.670217 0.691552 0.712799 0.733959 0.755033 0.776021 0.796924 0.817741 0.838474 0.859123 0.879688 0.900170 0.920568 0.940884 0.961117 0.981268 1.001338 1.021325 1.041232 1.061057 1.080801 1.100465 1.120049 1.139553
0.078699 0.102638 0.126554 0.150434 0.174254 0.198000 0.221662 0.245236 0.268717 0.292104 0.315393 0.338585 0.361678 0.384672 0.407568 0.430366 0.453066 0.475669 0.498177 0.520589 0.542907 0.565132 0.587264 0.609304 0.631254 0.653114 0.674884 0.696566 0.718159 0.739666 0.761086 0.782420 0.803668 0.824831 0.845910 0.866905 0.887817 0.908645 0.929391 0.950054 0.970636 0.991136 1.011555 1.031894 1.052152 1.072330 1.092428 1.112447 1.132387 1.152248
0.076249 0.099267 0.123010 0.146977 0.171003 0.195018 0.218985 0.242883 0.266697 0.290420 0.314045 0.337570 0.360993 0.384313 0.407531 0.430646 0.453660 0.476574 0.499388 0.522104 0.544723 0.567246 0.589675 0.612009 0.634251 0.656402 0.678461 0.700431 0.722312 0.744105 0.765810 0.787429 0.808962 0.830409 0.851772 0.873051 0.894246 0.915358 0.936388 0.957336 0.978202 0.998987 1.019692 1.040317 1.060862 1.081327 1.101714 1.122023 1.142254 1.162407
0.066970 0.092595 0.117501 0.142218 0.166844 0.191380 0.215817 0.240144 0.264355 0.288446 0.312417 0.336268 0.360001 0.383618 0.407120 0.430510 0.453790 0.476962 0.500029 0.522992 0.545854 0.568615 0.591279 0.613845 0.636317 0.658694 0.680979 0.703173 0.725276 0.747290 0.769215 0.791053 0.812804 0.834469 0.856050 0.877545 0.898957 0.920286 0.941533 0.962698 0.983781 1.004784 1.025706 1.046549 1.067312 1.087997 1.108604 1.129133 1.149585 1.169961
0.060850 0.086147 0.111817 0.137381 0.162744 0.187897 0.212851 0.237618 0.262210 0.286638 0.310910 0.335034 0.359018 0.382868 0.406588 0.430185 0.453662 0.477023 0.500272 0.523412 0.546445 0.569374 0.592202 0.614930 0.637560 0.660094 0.682534 0.704881 0.727136 0.749300 0.771375 0.793362 0.815261 0.837074 0.858802 0.880444 0.902003 0.923478 0.944871 0.966183 0.987412 1.008562 1.029631 1.050621 1.071532 1.092365 1.113120 1.133797 1.154399 1.174924
0.053290 0.080996 0.107858 0.134184 0.160104 0.185691 0.210992 0.236044 0.260876 0.285508 0.309959 0.334242 0.358368 0.382348 0.406189 0.429898 0.453481 0.476942 0.500287 0.523519 0.546642 0.569658 0.592570 0.615381 0.638093 0.660707 0.683225 0.705650 0.727982 0.750223 0.772373 0.794436 0.816410 0.838297 0.860099 0.881816 0.903449 0.924998 0.946465 0.967850 0.989153 1.010376 1.031520 1.052584 1.073569 1.094476 1.115306 1.136058 1.156735 1.177335
