0.085179 0.082323 0.079113 0.075760 0.072304 0.068740 0.065060 0.061249 0.057296 0.053188 0.048915 0.044465 0.039824 0.034982 0.029924 0.024636 0.019220 0.013753 0.008221 0.002609 0.000001 0.000001 0.000001 0.000001 0.000001 0.000001 0.000001 0.000001 0.000001 0.000001 0.000001 0.000001 0.000001 0.000001 0.000001 0.000001 0.000001 0.000001 0.000001 0.000001 0.000001 0.000001 0.000001 0.000001 0.000001 0.000001 0.000001 0.000001 0.000001 0.000001
0.086903 0.082852 0.079404 0.076025 0.072579 0.069024 0.065344 0.061528 0.057565 0.053446 0.049160 0.044697 0.040043 0.035188 0.030117 0.024818 0.019388 0.013908 0.008365 0.002741 0.000001 0.000001 0.000001 0.000001 0.000001 0.000001 0.000001 0.000001 0.000001 0.000001 0.000001 0.000001 0.000001 0.000001 0.000001 0.000001 0.000001 0.000001 0.000001 0.000001 0.000001 0.000001 0.000001 0.000001 0.000001 0.000001 0.000001 0.000001 0.000001 0.000001
0.085058 0.082807 0.079822 0.076567 0.073151 0.069595 0.065900 0.062063 0.058076 0.053931 0.049619 0.045130 0.040451 0.035572 0.030478 0.025157 0.019701 0.014198 0.008632 0.002987 0.000001 0.000001 0.000001 0.000001 0.000001 0.000001 0.000001 0.000001 0.000001 0.000001 0.000001 0.000001 0.000001 0.000001 0.000001 0.000001 0.000001 0.000001 0.000001 0.000001 0.000001 0.000001 0.000001 0.000001 0.000001 0.000001 0.000001 0.000001 0.000001 0.000001
0.087506 0.084131 0.080857 0.077502 0.074026 0.070419 0.066678 0.062797 0.058768 0.054584 0.050234 0.045709 0.040997 0.036086 0.030962 0.025611 0.020122 0.014586 0.008990 0.003316 0.000001 0.000001 0.000001 0.000001 0.000001 0.000001 0.000001 0.000001 0.000001 0.000001 0.000001 0.000001 0.000001 0.000001 0.000001 0.000001 0.000001 0.000001 0.000001 0.000001 0.000001 0.000001 0.000001 0.000001 0.000001 0.000001 0.000001 0.000001 0.000001 0.000001
0.088786 0.085450 0.082086 0.078629 0.075063 0.071380 0.067573 0.063634 0.059555 0.055324 0.050933 0.046368 0.041619 0.036672 0.031515 0.026132 0.020603 0.015030 0.009398 0.003690 0.000001 0.000001 0.000001 0.000001 0.000001 0.000001 0.000001 0.000001 0.000001 0.000001 0.000001 0.000001 0.000001 0.000001 0.000001 0.000001 0.000001 0.000001 0.000001 0.000001 0.000001 0.000001 0.000001 0.000001 0.000001 0.000001 0.000001 0.000001 0.000001 0.000001
0.089863 0.086718 0.083301 0.079749 0.076095 0.072339 0.068471 0.064480 0.060354 0.056081 0.051650 0.047048 0.042263 0.037281 0.032089 0.026672 0.021103 0.015489 0.009818 0.004074 0.000001 0.000001 0.000001 0.000001 0.000001 0.000001 0.000001 0.000001 0.000001 0.000001 0.000001 0.000001 0.000001 0.000001 0.000001 0.000001 0.000001 0.000001 0.000001 0.000001 0.000001 0.000001 0.000001 0.000001 0.000001 0.000001 0.000001 0.000001 0.000001 0.000001
0.091527 0.087987 0.084371 0.080720 0.077006 0.073207 0.069302 0.065277 0.061118 0.056812 0.052347 0.047711 0.042891 0.037875 0.032649 0.027199 0.021587 0.015932 0.010220 0.004436 0.000001 0.000001 0.000001 0.000001 0.000001 0.000001 0.000001 0.000001 0.000001 0.000001 0.000001 0.000001 0.000001 0.000001 0.000001 0.000001 0.000001 0.000001 0.000001 0.000001 0.000001 0.000001 0.000001 0.000001 0.000001 0.000001 0.000001 0.000001 0.000001 0.000001
0.093145 0.088880 0.085156 0.081502 0.077794 0.073990 0.070073 0.066028 0.061843 0.057508 0.053011 0.048342 0.043488 0.038437 0.033176 0.027690 0.022035 0.016335 0.010580 0.004755 0.000001 0.000001 0.000001 0.000001 0.000001 0.000001 0.000001 0.000001 0.000001 0.000001 0.000001 0.000001 0.000001 0.000001 0.000001 0.000001 0.000001 0.000001 0.000001 0.000001 0.000001 0.000001 0.000001 0.000001 0.000001 0.000001 0.000001 0.000001 0.000001 0.000001
0.091263 0.088919 0.085718 0.082224 0.078565 0.074769 0.070838 0.066768 0.062552 0.058182 0.053648 0.048940 0.044047 0.038957 0.033657 0.028134 0.022433 0.016687 0.010888 0.005020 0.000001 0.000001 0.000001 0.000001 0.000001 0.000001 0.000001 0.000001 0.000001 0.000001 0.000001 0.000001 0.000001 0.000001 0.000001 0.000001 0.000001 0.000001 0.000001 0.000001 0.000001 0.000001 0.000001 0.000001 0.000001 0.000001 0.000001 0.000001 0.000001 0.000001
0.093904 0.090207 0.086728 0.083163 0.079462 0.075622 0.071643 0.067523 0.063256 0.058836 0.054253 0.049499 0.044561 0.039428 0.034086 0.028522 0.022775 0.016982 0.011138 0.005226 0.000001 0.000001 0.000001 0.000001 0.000001 0.000001 0.000001 0.000001 0.000001 0.000001 0.000001 0.000001 0.000001 0.000001 0.000001 0.000001 0.000001 0.000001 0.000001 0.000001 0.000001 0.000001 0.000001 0.000001 0.000001 0.000001 0.000001 0.000001 0.000001 0.000001
0.095001 0.091583 0.088005 0.084300 0.080475 0.076530 0.072462 0.068264 0.063929 0.059448 0.054809 0.050003 0.045017 0.039839 0.034455 0.028851 0.023059 0.017220 0.011331 0.005378 0.000001 0.000001 0.000001 0.000001 0.000001 0.000001 0.000001 0.000001 0.000001 0.000001 0.000001 0.000001 0.000001 0.000001 0.000001 0.000001 0.000001 0.000001 0.000001 0.000001 0.000001 0.000001 0.000001 0.000001 0.000001 0.000001 0.000001 0.000001 0.000001 0.000001
0.096696 0.093168 0.089343 0.085424 0.081434 0.077364 0.073197 0.068919 0.064517 0.059977 0.055286 0.050433 0.045404 0.040185 0.034763 0.029124 0.023290 0.017409 0.011480 0.005487 0.000001 0.000001 0.000001 0.000001 0.000001 0.000001 0.000001 0.000001 0.000001 0.000001 0.000001 0.000001 0.000001 0.000001 0.000001 0.000001 0.000001 0.000001 0.000001 0.000001 0.000001 0.000001 0.000001 0.000001 0.000001 0.000001 0.000001 0.000001 0.000001 0.000001
0.099193 0.094455 0.090259 0.086184 0.082102 0.077965 0.073744 0.069419 0.064974 0.060395 0.055669 0.050782 0.045720 0.040471 0.035020 0.029353 0.023486 0.017568 0.011603 0.005576 0.000001 0.000001 0.000001 0.000001 0.000001 0.000001 0.000001 0.000001 0.000001 0.000001 0.000001 0.000001 0.000001 0.000001 0.000001 0.000001 0.000001 0.000001 0.000001 0.000001 0.000001 0.000001 0.000001 0.000001 0.000001 0.000001 0.000001 0.000001 0.000001 0.000001
0.097425 0.094099 0.090337 0.086425 0.082413 0.078306 0.074094 0.069767 0.065313 0.060721 0.055979 0.051074 0.045994 0.040726 0.035256 0.029569 0.023677 0.017728 0.011733 0.005676 0.000001 0.000001 0.000001 0.000001 0.000001 0.000001 0.000001 0.000001 0.000001 0.000001 0.000001 0.000001 0.000001 0.000001 0.000001 0.000001 0.000001 0.000001 0.000001 0.000001 0.000001 0.000001 0.000001 0.000001 0.000001 0.000001 0.000001 0.000001 0.000001 0.000001
0.097546 0.093966 0.090316 0.086525 0.082599 0.078546 0.074368 0.070059 0.065614 0.061023 0.056278 0.051366 0.046277 0.040998 0.035515 0.029815 0.023904 0.017929 0.011908 0.005826 0.000001 0.000001 0.000001 0.000001 0.000001 0.000001 0.000001 0.000001 0.000001 0.000001 0.000001 0.000001 0.000001 0.000001 0.000001 0.000001 0.000001 0.000001 0.000001 0.000001 0.000001 0.000001 0.000001 0.000001 0.000001 0.000001 0.000001 0.000001 0.000001 0.000001
0.098075 0.094374 0.090656 0.086853 0.082938 0.078900 0.074733 0.070432 0.065989 0.061396 0.056646 0.051728 0.046630 0.041342 0.035850 0.030140 0.024212 0.018212 0.012168 0.006062 0.000001 0.000001 0.000001 0.000001 0.000001 0.000001 0.000001 0.000001 0.000001 0.000001 0.000001 0.000001 0.000001 0.000001 0.000001 0.000001 0.000001 0.000001 0.000001 0.000001 0.000001 0.000001 0.000001 0.000001 0.000001 0.000001 0.000001 0.000001 0.000001 0.000001
0.098310 0.095001 0.091339 0.087515 0.083567 0.079500 0.075309 0.070987 0.066525 0.061916 0.057150 0.052217 0.047105 0.041804 0.036300 0.030580 0.024637 0.018613 0.012544 0.006417 0.000212 0.000001 0.000001 0.000001 0.000001 0.000001 0.000001 0.000001 0.000001 0.000001 0.000001 0.000001 0.000001 0.000001 0.000001 0.000001 0.000001 0.000001 0.000001 0.000001 0.000001 0.000001 0.000001 0.000001 0.000001 0.000001 0.000001 0.000001 0.000001 0.000001
0.100738 0.096464 0.092506 0.088546 0.084509 0.080372 0.076123 0.071753 0.067251 0.062608 0.057813 0.052856 0.047724 0.042405 0.036886 0.031154 0.025198 0.019148 0.013057 0.006909 0.000686 0.000001 0.000001 0.000001 0.000001 0.000001 0.000001 0.000001 0.000001 0.000001 0.000001 0.000001 0.000001 0.000001 0.000001 0.000001 0.000001 0.000001 0.000001 0.000001 0.000001 0.000001 0.000001 0.000001 0.000001 0.000001 0.000001 0.000001 0.000001 0.000001
0.101114 0.097712 0.093824 0.089785 0.085653 0.081431 0.077110 0.072680 0.068128 0.063443 0.058613 0.053627 0.048472 0.043134 0.037601 0.031858 0.025892 0.019818 0.013706 0.007540 0.001303 0.000001 0.000001 0.000001 0.000001 0.000001 0.000001 0.000001 0.000001 0.000001 0.000001 0.000001 0.000001 0.000001 0.000001 0.000001 0.000001 0.000001 0.000001 0.000001 0.000001 0.000001 0.000001 0.000001 0.000001 0.000001 0.000001 0.000001 0.000001 0.000001
0.104033 0.099457 0.095240 0.091054 0.086826 0.082529 0.078147 0.073666 0.069072 0.064352 0.059494 0.054484 0.049311 0.043960 0.038418 0.032671 0.026702 0.020609 0.014481 0.008302 0.002055 0.000001 0.000001 0.000001 0.000001 0.000001 0.000001 0.000001 0.000001 0.000001 0.000001 0.000001 0.000001 0.000001 0.000001 0.000001 0.000001 0.000001 0.000001 0.000001 0.000001 0.000001 0.000001 0.000001 0.000001 0.000001 0.000001 0.000001 0.000001 0.000001
0.104207 0.100415 0.096294 0.092094 0.087839 0.083517 0.079112 0.074610 0.069997 0.065262 0.060392 0.055374 0.050196 0.044844 0.039304 0.033562 0.027603 0.021500 0.015363 0.009179 0.002930 0.000001 0.000001 0.000001 0.000001 0.000001 0.000001 0.000001 0.000001 0.000001 0.000001 0.000001 0.000001 0.000001 0.000001 0.000001 0.000001 0.000001 0.000001 0.000001 0.000001 0.000001 0.000001 0.000001 0.000001 0.000001 0.000001 0.000001 0.000001 0.000001
0.105576 0.101133 0.096974 0.092827 0.088620 0.084330 0.079946 0.075457 0.070855 0.066128 0.061267 0.056259 0.051092 0.045754 0.040231 0.034509 0.028573 0.022473 0.016337 0.010157 0.003914 0.000001 0.000001 0.000001 0.000001 0.000001 0.000001 0.000001 0.000001 0.000001 0.000001 0.000001 0.000001 0.000001 0.000001 0.000001 0.000001 0.000001 0.000001 0.000001 0.000001 0.000001 0.000001 0.000001 0.000001 0.000001 0.000001 0.000001 0.000001 0.000001
0.104623 0.101162 0.097360 0.093374 0.089253 0.085018 0.080673 0.076216 0.071642 0.066942 0.062107 0.057126 0.051987 0.046679 0.041188 0.035500 0.029601 0.023518 0.017394 0.011226 0.004999 0.000001 0.000001 0.000001 0.000001 0.000001 0.000001 0.000001 0.000001 0.000001 0.000001 0.000001 0.000001 0.000001 0.000001 0.000001 0.000001 0.000001 0.000001 0.000001 0.000001 0.000001 0.000001 0.000001 0.000001 0.000001 0.000001 0.000001 0.000001 0.000001
0.105446 0.101851 0.098008 0.094008 0.089892 0.085675 0.081356 0.076931 0.072391 0.067727 0.062929 0.057987 0.052889 0.047623 0.042177 0.036537 0.030688 0.024639 0.018533 0.012387 0.006184 0.000001 0.000001 0.000001 0.000001 0.000001 0.000001 0.000001 0.000001 0.000001 0.000001 0.000001 0.000001 0.000001 0.000001 0.000001 0.000001 0.000001 0.000001 0.000001 0.000001 0.000001 0.000001 0.000001 0.000001 0.000001 0.000001 0.000001 0.000001 0.000001
0.107271 0.103045 0.098868 0.094720 0.090554 0.086332 0.082033 0.077639 0.073136 0.068514 0.063761 0.058866 0.053818 0.048605 0.043213 0.037631 0.031844 0.025844 0.019764 0.013646 0.007474 0.001232 0.000001 0.000001 0.000001 0.000001 0.000001 0.000001 0.000001 0.000001 0.000001 0.000001 0.000001 0.000001 0.000001 0.000001 0.000001 0.000001 0.000001 0.000001 0.000001 0.000001 0.000001 0.000001 0.000001 0.000001 0.000001 0.000001 0.000001 0.000001
0.108513 0.103692 0.099420 0.095286 0.091154 0.086973 0.082716 0.078365 0.073908 0.069334 0.064631 0.059790 0.054797 0.049643 0.044315 0.038799 0.033083 0.027151 0.021101 0.015015 0.008880 0.002677 0.000001 0.000001 0.000001 0.000001 0.000001 0.000001 0.000001 0.000001 0.000001 0.000001 0.000001 0.000001 0.000001 0.000001 0.000001 0.000001 0.000001 0.000001 0.000001 0.000001 0.000001 0.000001 0.000001 0.000001 0.000001 0.000001 0.000001 0.000001
0.106169 0.103169 0.099565 0.095714 0.091725 0.087631 0.083436 0.079139 0.074734 0.070211 0.065562 0.060777 0.055846 0.050756 0.045497 0.040055 0.034418 0.028569 0.022558 0.016509 0.010413 0.004255 0.000001 0.000001 0.000001 0.000001 0.000001 0.000001 0.000001 0.000001 0.000001 0.000001 0.000001 0.000001 0.000001 0.000001 0.000001 0.000001 0.000001 0.000001 0.000001 0.000001 0.000001 0.000001 0.000001 0.000001 0.000001 0.000001 0.000001 0.000001
0.107048 0.103804 0.100192 0.096385 0.092445 0.088396 0.084246 0.079993 0.075635 0.071162 0.066568 0.061843 0.056975 0.051955 0.046770 0.041408 0.035856 0.030100 0.024147 0.018136 0.012083 0.005972 0.000001 0.000001 0.000001 0.000001 0.000001 0.000001 0.000001 0.000001 0.000001 0.000001 0.000001 0.000001 0.000001 0.000001 0.000001 0.000001 0.000001 0.000001 0.000001 0.000001 0.000001 0.000001 0.000001 0.000001 0.000001 0.000001 0.000001 0.000001
0.110285 0.105478 0.101349 0.097359 0.093356 0.089295 0.085159 0.080935 0.076616 0.072191 0.067651 0.062987 0.058187 0.053240 0.048135 0.042860 0.037400 0.031743 0.025875 0.019903 0.013894 0.007832 0.001704 0.000001 0.000001 0.000001 0.000001 0.000001 0.000001 0.000001 0.000001 0.000001 0.000001 0.000001 0.000001 0.000001 0.000001 0.000001 0.000001 0.000001 0.000001 0.000001 0.000001 0.000001 0.000001 0.000001 0.000001 0.000001 0.000001 0.000001
0.109258 0.106074 0.102276 0.098326 0.094317 0.090256 0.086134 0.081939 0.077659 0.073283 0.068801 0.064201 0.059473 0.054605 0.049585 0.044402 0.039041 0.033491 0.027735 0.021813 0.015848 0.009837 0.003761 0.000001 0.000001 0.000001 0.000001 0.000001 0.000001 0.000001 0.000001 0.000001 0.000001 0.000001 0.000001 0.000001 0.000001 0.000001 0.000001 0.000001 0.000001 0.000001 0.000001 0.000001 0.000001 0.000001 0.000001 0.000001 0.000001 0.000001
0.111417 0.107211 0.103221 0.099245 0.095246 0.091208 0.087118 0.082963 0.078732 0.074412 0.069993 0.065464 0.060813 0.056030 0.051102 0.046018 0.040765 0.035329 0.029697 0.023861 0.017942 0.011982 0.005964 0.000032 0.000001 0.000001 0.000001 0.000001 0.000001 0.000001 0.000001 0.000001 0.000001 0.000001 0.000001 0.000001 0.000001 0.000001 0.000001 0.000001 0.000001 0.000001 0.000001 0.000001 0.000001 0.000001 0.000001 0.000001 0.000001 0.000001
0.112117 0.108036 0.104020 0.100058 0.096097 0.092106 0.088068 0.083969 0.079797 0.075544 0.071197 0.066747 0.062182 0.057491 0.052664 0.047688 0.042550 0.037238 0.031738 0.026036 0.020171 0.014263 0.008304 0.002284 0.000001 0.000001 0.000001 0.000001 0.000001 0.000001 0.000001 0.000001 0.000001 0.000001 0.000001 0.000001 0.000001 0.000001 0.000001 0.000001 0.000001 0.000001 0.000001 0.000001 0.000001 0.000001 0.000001 0.000001 0.000001 0.000001
0.112487 0.108376 0.104535 0.100701 0.096832 0.092916 0.088948 0.084919 0.080821 0.076645 0.072382 0.068021 0.063552 0.058964 0.054247 0.049388 0.044376 0.039198 0.033840 0.028288 0.022536 0.016679 0.010779 0.004820 0.000001 0.000001 0.000001 0.000001 0.000001 0.000001 0.000001 0.000001 0.000001 0.000001 0.000001 0.000001 0.000001 0.000001 0.000001 0.000001 0.000001 0.000001 0.000001 0.000001 0.000001 0.000001 0.000001 0.000001 0.000001 0.000001
0.110790 0.108288 0.104890 0.101228 0.097461 0.093631 0.089743 0.085796 0.081783 0.077696 0.073527 0.069266 0.064903 0.060428 0.055831 0.051100 0.046224 0.041190 0.035984 0.030595 0.025007 0.019233 0.013394 0.007502 0.001592 0.000001 0.000001 0.000001 0.000001 0.000001 0.000001 0.000001 0.000001 0.000001 0.000001 0.000001 0.000001 0.000001 0.000001 0.000001 0.000001 0.000001 0.000001 0.000001 0.000001 0.000001 0.000001 0.000001 0.000001 0.000001
0.113999 0.109417 0.105527 0.101782 0.098047 0.094281 0.090471 0.086609 0.082687 0.078697 0.074630 0.070478 0.066231 0.061878 0.057411 0.052817 0.048085 0.043204 0.038161 0.032943 0.027536 0.021929 0.016159 0.010334 0.004450 0.000001 0.000001 0.000001 0.000001 0.000001 0.000001 0.000001 0.000001 0.000001 0.000001 0.000001 0.000001 0.000001 0.000001 0.000001 0.000001 0.000001 0.000001 0.000001 0.000001 0.000001 0.000001 0.000001 0.000001 0.000001
0.113224 0.109633 0.105966 0.102295 0.098613 0.094908 0.091171 0.087390 0.083559 0.079668 0.075709 0.071671 0.067545 0.063321 0.058990 0.054540 0.049961 0.045241 0.040368 0.035329 0.030112 0.024703 0.019095 0.013338 0.007527 0.001728 0.000001 0.000001 0.000001 0.000001 0.000001 0.000001 0.000001 0.000001 0.000001 0.000001 0.000001 0.000001 0.000001 0.000001 0.000001 0.000001 0.000001 0.000001 0.000001 0.000001 0.000001 0.000001 0.000001 0.000001
0.113159 0.109960 0.106449 0.102838 0.099200 0.095547 0.091875 0.088174 0.084432 0.080640 0.076788 0.072866 0.068864 0.064772 0.060581 0.056279 0.051857 0.047304 0.042607 0.037755 0.032735 0.027533 0.022137 0.016545 0.010806 0.005011 0.000001 0.000001 0.000001 0.000001 0.000001 0.000001 0.000001 0.000001 0.000001 0.000001 0.000001 0.000001 0.000001 0.000001 0.000001 0.000001 0.000001 0.000001 0.000001 0.000001 0.000001 0.000001 0.000001 0.000001
0.114994 0.110884 0.107078 0.103408 0.099795 0.096199 0.092599 0.088980 0.085330 0.081637 0.077892 0.074085 0.070206 0.066247 0.062198 0.058047 0.053786 0.049403 0.044887 0.040226 0.035409 0.030421 0.025251 0.019885 0.014323 0.008605 0.002865 0.000001 0.000001 0.000001 0.000001 0.000001 0.000001 0.000001 0.000001 0.000001 0.000001 0.000001 0.000001 0.000001 0.000001 0.000001 0.000001 0.000001 0.000001 0.000001 0.000001 0.000001 0.000001 0.000001
0.114745 0.110966 0.107389 0.103871 0.100371 0.096870 0.093358 0.089827 0.086267 0.082672 0.079032 0.075339 0.071584 0.067758 0.063850 0.059853 0.055754 0.051545 0.047213 0.042749 0.038138 0.033371 0.028432 0.023309 0.017990 0.012475 0.006794 0.001300 0.000001 0.000001 0.000001 0.000001 0.000001 0.000001 0.000001 0.000001 0.000001 0.000001 0.000001 0.000001 0.000001 0.000001 0.000001 0.000001 0.000001 0.000001 0.000001 0.000001 0.000001 0.000001
0.113991 0.111046 0.107790 0.104432 0.101034 0.097615 0.094179 0.090726 0.087252 0.083749 0.080211 0.076631 0.072999 0.069306 0.065543 0.061701 0.057769 0.053736 0.049594 0.045329 0.040931 0.036388 0.031686 0.026814 0.021756 0.016502 0.011049 0.005436 0.000306 0.000001 0.000001 0.000001 0.000001 0.000001 0.000001 0.000001 0.000001 0.000001 0.000001 0.000001 0.000001 0.000001 0.000001 0.000001 0.000001 0.000001 0.000001 0.000001 0.000001 0.000001
0.115447 0.112031 0.108639 0.105242 0.101846 0.098452 0.095061 0.091669 0.088269 0.084855 0.081418 0.077952 0.074445 0.070890 0.067276 0.063593 0.059832 0.055983 0.052034 0.047974 0.043793 0.039478 0.035018 0.030400 0.025611 0.020636 0.015465 0.010092 0.004591 0.000001 0.000001 0.000001 0.000001 0.000001 0.000001 0.000001 0.000001 0.000001 0.000001 0.000001 0.000001 0.000001 0.000001 0.000001 0.000001 0.000001 0.000001 0.000001 0.000001 0.000001
0.116971 0.113229 0.109635 0.106135 0.102698 0.099306 0.095947 0.092612 0.089288 0.085967 0.082639 0.079293 0.075919 0.072509 0.069050 0.065534 0.061951 0.058289 0.054539 0.050689 0.046729 0.042647 0.038432 0.034071 0.029552 0.024862 0.019987 0.014914 0.009642 0.004289 0.000001 0.000001 0.000001 0.000001 0.000001 0.000001 0.000001 0.000001 0.000001 0.000001 0.000001 0.000001 0.000001 0.000001 0.000001 0.000001 0.000001 0.000001 0.000001 0.000001
0.117810 0.114024 0.110390 0.106866 0.103433 0.100075 0.096774 0.093516 0.090288 0.087076 0.083869 0.080656 0.077426 0.074168 0.070873 0.067531 0.064130 0.060661 0.057114 0.053477 0.049741 0.045895 0.041926 0.037824 0.033577 0.029171 0.024594 0.019833 0.014875 0.009723 0.004524 0.000167 0.000001 0.000001 0.000001 0.000001 0.000001 0.000001 0.000001 0.000001 0.000001 0.000001 0.000001 0.000001 0.000001 0.000001 0.000001 0.000001 0.000001 0.000001
0.117995 0.114393 0.110817 0.107354 0.103998 0.100731 0.097533 0.094387 0.091278 0.088194 0.085124 0.082055 0.078977 0.075880 0.072755 0.069590 0.066376 0.063103 0.059760 0.056339 0.052828 0.049217 0.045495 0.041651 0.037673 0.033550 0.029269 0.024818 0.020182 0.015351 0.010334 0.005276 0.000934 0.000001 0.000001 0.000001 0.000001 0.000001 0.000001 0.000001 0.000001 0.000001 0.000001 0.000001 0.000001 0.000001 0.000001 0.000001 0.000001 0.000001
0.118363 0.114474 0.110983 0.107670 0.104466 0.101343 0.098282 0.095272 0.092300 0.089355 0.086428 0.083509 0.080588 0.077654 0.074699 0.071713 0.068687 0.065609 0.062472 0.059264 0.055977 0.052599 0.049121 0.045532 0.041820 0.037975 0.033985 0.029838 0.025521 0.021021 0.016328 0.011452 0.006518 0.002084 0.000001 0.000001 0.000001 0.000001 0.000001 0.000001 0.000001 0.000001 0.000001 0.000001 0.000001 0.000001 0.000001 0.000001 0.000001 0.000001
0.117084 0.114147 0.111084 0.108022 0.105000 0.102028 0.099105 0.096228 0.093389 0.090581 0.087796 0.085024 0.082256 0.079484 0.076698 0.073888 0.071046 0.068163 0.065227 0.062231 0.059163 0.056015 0.052777 0.049437 0.045987 0.042414 0.038708 0.034857 0.030849 0.026673 0.022316 0.017767 0.013035 0.008212 0.003638 0.000001 0.000001 0.000001 0.000001 0.000001 0.000001 0.000001 0.000001 0.000001 0.000001 0.000001 0.000001 0.000001 0.000001 0.000001
0.117527 0.114636 0.111641 0.108657 0.105722 0.102844 0.100024 0.097257 0.094536 0.091853 0.089201 0.086570 0.083952 0.081337 0.078716 0.076080 0.073420 0.070726 0.067989 0.065200 0.062349 0.059426 0.056421 0.053325 0.050128 0.046820 0.043389 0.039825 0.036117 0.032253 0.028222 0.024010 0.019609 0.015023 0.010308 0.005665 0.001714 0.000001 0.000001 0.000001 0.000001 0.000001 0.000001 0.000001 0.000001 0.000001 0.000001 0.000001 0.000001 0.000001
0.119588 0.115792 0.112503 0.109444 0.106520 0.103695 0.100952 0.098279 0.095666 0.093103 0.090580 0.088088 0.085617 0.083158 0.080701 0.078237 0.075756 0.073250 0.070708 0.068122 0.065482 0.062778 0.060002 0.057143 0.054192 0.051140 0.047975 0.044687 0.041266 0.037702 0.033982 0.030095 0.026030 0.021776 0.017334 0.012738 0.008115 0.003787 0.000325 0.000001 0.000001 0.000001 0.000001 0.000001 0.000001 0.000001 0.000001 0.000001 0.000001 0.000001
0.118837 0.115924 0.112924 0.109983 0.107139 0.104397 0.101746 0.099178 0.096681 0.094243 0.091855 0.089505 0.087185 0.084883 0.082591 0.080298 0.077996 0.075675 0.073326 0.070940 0.068506 0.066017 0.063463 0.060834 0.058120 0.055314 0.052404 0.049381 0.046235 0.042955 0.039531 0.035952 0.032207 0.028284 0.024174 0.019873 0.015399 0.010818 0.006318 0.002385 0.000001 0.000001 0.000001 0.000001 0.000001 0.000001 0.000001 0.000001 0.000001 0.000001
0.118845 0.116007 0.113071 0.110216 0.107475 0.104844 0.102314 0.099872 0.097507 0.095207 0.092963 0.090763 0.088598 0.086457 0.084332 0.082212 0.080088 0.077951 0.075791 0.073600 0.071369 0.069088 0.066748 0.064340 0.061855 0.059284 0.056617 0.053846 0.050960 0.047949 0.044805 0.041515 0.038071 0.034460 0.030673 0.026698 0.022531 0.018176 0.013673 0.009124 0.004759 0.001181 0.000001 0.000001 0.000001 0.000001 0.000001 0.000001 0.000001 0.000001
0.120182 0.116138 0.112979 0.110169 0.107543 0.105045 0.102652 0.100350 0.098127 0.095974 0.093879 0.091833 0.089826 0.087848 0.085889 0.083941 0.081993 0.080036 0.078062 0.076061 0.074025 0.071944 0.069809 0.067613 0.065345 0.062998 0.060561 0.058027 0.055385 0.052627 0.049743 0.046724 0.043559 0.040238 0.036751 0.033087 0.029236 0.025191 0.020951 0.016533 0.011991 0.007478 0.003326 0.000001 0.000001 0.000001 0.000001 0.000001 0.000001 0.000001
0.116754 0.114818 0.112380 0.109873 0.107426 0.105072 0.102815 0.100650 0.098567 0.096558 0.094611 0.092717 0.090865 0.089047 0.087251 0.085469 0.083691 0.081909 0.080113 0.078294 0.076443 0.074553 0.072613 0.070616 0.068553 0.066415 0.064194 0.061880 0.059466 0.056942 0.054299 0.051528 0.048620 0.045565 0.042353 0.038975 0.035419 0.031677 0.027739 0.023601 0.019268 0.014770 0.010182 0.005691 0.001831 0.000001 0.000001 0.000001 0.000001 0.000001
0.117513 0.114793 0.112158 0.109643 0.107256 0.104995 0.102850 0.100807 0.098855 0.096982 0.095177 0.093428 0.091725 0.090058 0.088417 0.086793 0.085177 0.083558 0.081930 0.080282 0.078605 0.076892 0.075134 0.073323 0.071449 0.069505 0.067482 0.065372 0.063167 0.060857 0.058434 0.055890 0.053216 0.050402 0.047440 0.044319 0.041031 0.037565 0.033912 0.030063 0.026011 0.021754 0.017306 0.012708 0.008076 0.003693 0.000138 0.000001 0.000001 0.000001
0.118574 0.114836 0.111871 0.109293 0.106954 0.104786 0.102753 0.100832 0.099007 0.097265 0.095593 0.093981 0.092417 0.090891 0.089394 0.087917 0.086449 0.084983 0.083509 0.082018 0.080501 0.078951 0.077360 0.075717 0.074017 0.072249 0.070407 0.068481 0.066464 0.064348 0.062124 0.059784 0.057319 0.054722 0.051982 0.049093 0.046043 0.042825 0.039428 0.035844 0.032062 0.028076 0.023880 0.019477 0.014889 0.010177 0.005520 0.001473 0.000001 0.000001
0.115673 0.113229 0.110818 0.108546 0.106415 0.104411 0.102521 0.100734 0.099038 0.097422 0.095876 0.094389 0.092952 0.091556 0.090190 0.088845 0.087512 0.086182 0.084847 0.083498 0.082126 0.080723 0.079280 0.077790 0.076244 0.074634 0.072953 0.071192 0.069344 0.067400 0.065353 0.063194 0.060916 0.058510 0.055968 0.053282 0.050443 0.047443 0.044272 0.040923 0.037384 0.033648 0.029706 0.025551 0.021182 0.016606 0.011860 0.007058 0.002576 0.000001
0.113281 0.111559 0.109671 0.107726 0.105814 0.103974 0.102221 0.100557 0.098976 0.097472 0.096038 0.094663 0.093338 0.092055 0.090805 0.089577 0.088363 0.087155 0.085943 0.084719 0.083474 0.082201 0.080890 0.079534 0.078125 0.076655 0.075116 0.073500 0.071800 0.070008 0.068116 0.066116 0.064001 0.061763 0.059394 0.056886 0.054232 0.051422 0.048448 0.045303 0.041978 0.038463 0.034750 0.030830 0.026696 0.022342 0.017771 0.013001 0.008103 0.003337
0.113291 0.111342 0.109272 0.107280 0.105392 0.103609 0.101928 0.100343 0.098846 0.097429 0.096084 0.094802 0.093573 0.092387 0.091236 0.090110 0.088999 0.087896 0.086792 0.085677 0.084543 0.083382 0.082186 0.080948 0.079658 0.078309 0.076894 0.075404 0.073833 0.072172 0.070415 0.068554 0.066580 0.064488 0.062269 0.059916 0.057420 0.054775 0.051973 0.049005 0.045864 0.042541 0.039028 0.035316 0.031397 0.027263 0.022908 0.018328 0.013534 0.008569
0.115344 0.111808 0.109228 0.107042 0.105081 0.103284 0.101622 0.100076 0.098633 0.097279 0.096004 0.094796 0.093645 0.092541 0.091473 0.090434 0.089412 0.088399 0.087386 0.086365 0.085327 0.084264 0.083167 0.082029 0.080842 0.079598 0.078289 0.076909 0.075448 0.073902 0.072261 0.070518 0.068667 0.066701 0.064611 0.062391 0.060033 0.057530 0.054875 0.052060 0.049078 0.045921 0.042580 0.039049 0.035319 0.031381 0.027228 0.022853 0.018251 0.013425
0.112729 0.110865 0.108682 0.106576 0.104628 0.102841 0.101200 0.099688 0.098288 0.096986 0.095769 0.094623 0.093538 0.092503 0.091507 0.090540 0.089594 0.088658 0.087724 0.086784 0.085827 0.084847 0.083836 0.082784 0.081685 0.080531 0.079314 0.078027 0.076662 0.075213 0.073672 0.072032 0.070286 0.068427 0.066449 0.064343 0.062104 0.059724 0.057196 0.054513 0.051668 0.048654 0.045463 0.042087 0.038521 0.034754 0.030781 0.026592 0.022182 0.017543
0.112746 0.110173 0.107888 0.105808 0.103909 0.102172 0.100582 0.099120 0.097771 0.096522 0.095358 0.094269 0.093241 0.092266 0.091331 0.090428 0.089546 0.088676 0.087809 0.086937 0.086051 0.085143 0.084204 0.083226 0.082203 0.081126 0.079988 0.078781 0.077499 0.076133 0.074678 0.073127 0.071472 0.069706 0.067823 0.065817 0.063680 0.061406 0.058988 0.056419 0.053693 0.050803 0.047742 0.044503 0.041078 0.037462 0.033645 0.029622 0.025384 0.020925
0.111606 0.108965 0.106731 0.104748 0.102947 0.101297 0.099778 0.098378 0.097086 0.095888 0.094776 0.093736 0.092760 0.091836 0.090954 0.090104 0.089277 0.088464 0.087655 0.086842 0.086016 0.085169 0.084293 0.083380 0.082422 0.081412 0.080342 0.079205 0.077993 0.076701 0.075321 0.073846 0.072270 0.070585 0.068787 0.066867 0.064819 0.062638 0.060316 0.057847 0.055226 0.052444 0.049497 0.046377 0.043078 0.039593 0.035915 0.032038 0.027954 0.023657
0.109365 0.107347 0.105432 0.103620 0.101922 0.100343 0.098879 0.097527 0.096277 0.095120 0.094048 0.093049 0.092114 0.091233 0.090395 0.089591 0.088811 0.088046 0.087287 0.086525 0.085752 0.084958 0.084137 0.083280 0.082379 0.081427 0.080417 0.079341 0.078192 0.076964 0.075650 0.074243 0.072736 0.071123 0.069398 0.067555 0.065587 0.063487 0.061251 0.058871 0.056343 0.053658 0.050812 0.047799 0.044611 0.041244 0.037690 0.033944 0.029998 0.025847
0.108062 0.106405 0.104548 0.102728 0.101017 0.099431 0.097970 0.096627 0.095393 0.094258 0.093210 0.092240 0.091336 0.090488 0.089686 0.088920 0.088180 0.087456 0.086740 0.086023 0.085295 0.084548 0.083775 0.082968 0.082118 0.081218 0.080261 0.079240 0.078147 0.076977 0.075721 0.074375 0.072931 0.071383 0.069725 0.067951 0.066054 0.064029 0.061870 0.059571 0.057127 0.054531 0.051777 0.048860 0.045775 0.042514 0.039073 0.035446 0.031626 0.027608
0.109219 0.106430 0.104089 0.102039 0.100206 0.098553 0.097055 0.095695 0.094457 0.093327 0.092292 0.091339 0.090458 0.089636 0.088863 0.088128 0.087422 0.086734 0.086055 0.085377 0.084689 0.083985 0.083255 0.082492 0.081688 0.080835 0.079927 0.078955 0.077914 0.076796 0.075595 0.074305 0.072919 0.071430 0.069834 0.068124 0.066293 0.064337 0.062250 0.060026 0.057660 0.055146 0.052478 0.049651 0.046660 0.043499 0.040163 0.036647 0.032944 0.029049
0.108918 0.105804 0.103335 0.101203 0.099312 0.097617 0.096092 0.094716 0.093472 0.092344 0.091317 0.090378 0.089514 0.088713 0.087964 0.087256 0.086578 0.085921 0.085276 0.084632 0.083981 0.083314 0.082624 0.081901 0.081140 0.080331 0.079467 0.078542 0.077549 0.076481 0.075331 0.074093 0.072761 0.071329 0.069791 0.068141 0.066374 0.064484 0.062465 0.060312 0.058020 0.055584 0.052998 0.050257 0.047356 0.044289 0.041053 0.037641 0.034049 0.030271
0.105756 0.104214 0.102166 0.100151 0.098291 0.096602 0.095078 0.093702 0.092460 0.091337 0.090319 0.089391 0.088541 0.087757 0.087028 0.086342 0.085689 0.085060 0.084443 0.083830 0.083212 0.082580 0.081926 0.081242 0.080520 0.079752 0.078932 0.078051 0.077104 0.076083 0.074982 0.073795 0.072516 0.071139 0.069658 0.068067 0.066361 0.064535 0.062582 0.060499 0.058279 0.055919 0.053412 0.050754 0.047941 0.044966 0.041826 0.038516 0.035031 0.031367
0.107021 0.103702 0.101254 0.099159 0.097289 0.095604 0.094083 0.092710 0.091471 0.090351 0.089337 0.088416 0.087576 0.086805 0.086091 0.085423 0.084791 0.084185 0.083594 0.083010 0.082422 0.081823 0.081203 0.080555 0.079871 0.079143 0.078364 0.077527 0.076625 0.075651 0.074599 0.073463 0.072236 0.070913 0.069488 0.067956 0.066311 0.064548 0.062662 0.060648 0.058501 0.056216 0.053788 0.051213 0.048486 0.045602 0.042558 0.039348 0.035969 0.032415
0.104739 0.102608 0.100380 0.098311 0.096433 0.094734 0.093198 0.091811 0.090560 0.089431 0.088412 0.087489 0.086651 0.085885 0.085181 0.084527 0.083912 0.083325 0.082758 0.082199 0.081640 0.081072 0.080486 0.079874 0.079227 0.078539 0.077802 0.077008 0.076152 0.075225 0.074223 0.073138 0.071964 0.070697 0.069330 0.067857 0.066275 0.064577 0.062758 0.060814 0.058740 0.056531 0.054183 0.051692 0.049052 0.046260 0.043312 0.040203 0.036929 0.033487
0.105002 0.102244 0.099877 0.097747 0.095813 0.094060 0.092475 0.091045 0.089758 0.088601 0.087561 0.086624 0.085779 0.085012 0.084312 0.083667 0.083066 0.082497 0.081951 0.081418 0.080887 0.080350 0.079798 0.079222 0.078614 0.077967 0.077273 0.076525 0.075716 0.074839 0.073888 0.072856 0.071738 0.070529 0.069222 0.067812 0.066294 0.064663 0.062914 0.061043 0.059044 0.056914 0.054648 0.052243 0.049693 0.046994 0.044144 0.041137 0.037970 0.034640
0.104554 0.102116 0.099720 0.097481 0.095431 0.093571 0.091896 0.090393 0.089047 0.087846 0.086773 0.085814 0.084955 0.084183 0.083484 0.082846 0.082258 0.081707 0.081184 0.080676 0.080175 0.079671 0.079155 0.078619 0.078053 0.077450 0.076802 0.076102 0.075343 0.074519 0.073623 0.072648 0.071590 0.070441 0.069198 0.067854 0.066404 0.064844 0.063168 0.061373 0.059454 0.057407 0.055226 0.052910 0.050452 0.047851 0.045101 0.042199 0.039142 0.035927
0.105976 0.102766 0.099948 0.097429 0.095176 0.093165 0.091374 0.089782 0.088371 0.087120 0.086012 0.085030 0.084158 0.083382 0.082687 0.082059 0.081487 0.080957 0.080459 0.079982 0.079515 0.079049 0.078573 0.078080 0.077560 0.077005 0.076408 0.075762 0.075059 0.074292 0.073455 0.072543 0.071548 0.070465 0.069290 0.068016 0.066640 0.065155 0.063558 0.061843 0.060008 0.058047 0.055956 0.053733 0.051373 0.048872 0.046226 0.043434 0.040491 0.037393
0.106598 0.103125 0.099999 0.097239 0.094809 0.092670 0.090784 0.089123 0.087659 0.086372 0.085239 0.084244 0.083367 0.082595 0.081910 0.081300 0.080751 0.080250 0.079784 0.079344 0.078917 0.078494 0.078066 0.077622 0.077154 0.076654 0.076115 0.075527 0.074886 0.074182 0.073411 0.072566 0.071641 0.070630 0.069529 0.068331 0.067033 0.065629 0.064115 0.062487 0.060740 0.058871 0.056875 0.054750 0.052491 0.050096 0.047560 0.044881 0.042055 0.039080
0.106558 0.102727 0.099463 0.096633 0.094153 0.091970 0.090047 0.088356 0.086870 0.085569 0.084431 0.083437 0.082571 0.081815 0.081153 0.080571 0.080054 0.079590 0.079167 0.078772 0.078394 0.078023 0.077650 0.077263 0.076855 0.076418 0.075942 0.075421 0.074848 0.074214 0.073515 0.072744 0.071895 0.070963 0.069941 0.068826 0.067612 0.066295 0.064871 0.063334 0.061682 0.059910 0.058016 0.055994 0.053842 0.051558 0.049136 0.046575 0.043872 0.041024
0.104819 0.101383 0.098383 0.095682 0.093256 0.091091 0.089174 0.087484 0.086002 0.084709 0.083585 0.082612 0.081770 0.081045 0.080418 0.079877 0.079405 0.078990 0.078619 0.078279 0.077960 0.077650 0.077340 0.077020 0.076680 0.076313 0.075909 0.075462 0.074964 0.074409 0.073789 0.073099 0.072333 0.071485 0.070551 0.069524 0.068401 0.067178 0.065848 0.064410 0.062859 0.061190 0.059402 0.057490 0.055451 0.053282 0.050980 0.048543 0.045968 0.043251
0.102923 0.100253 0.097405 0.094728 0.092304 0.090141 0.088229 0.086550 0.085086 0.083816 0.082721 0.081781 0.080979 0.080297 0.079719 0.079230 0.078815 0.078460 0.078151 0.077877 0.077627 0.077387 0.077150 0.076904 0.076641 0.076352 0.076029 0.075664 0.075249 0.074779 0.074246 0.073644 0.072968 0.072212 0.071370 0.070439 0.069414 0.068290 0.067062 0.065728 0.064283 0.062725 0.061048 0.059251 0.057331 0.055284 0.053107 0.050799 0.048357 0.045777
0.104064 0.100024 0.096723 0.093872 0.091375 0.089185 0.087270 0.085604 0.084163 0.082924 0.081866 0.080971 0.080219 0.079592 0.079073 0.078647 0.078298 0.078012 0.077776 0.077577 0.077403 0.077243 0.077087 0.076924 0.076746 0.076543 0.076307 0.076031 0.075707 0.075329 0.074889 0.074383 0.073803 0.073145 0.072404 0.071575 0.070654 0.069635 0.068516 0.067292 0.065960 0.064517 0.062958 0.061283 0.059486 0.057567 0.055521 0.053347 0.051043 0.048606
0.102920 0.099186 0.095879 0.092989 0.090463 0.088260 0.086347 0.084694 0.083278 0.082073 0.081058 0.080212 0.079516 0.078950 0.078497 0.078141 0.077866 0.077657 0.077501 0.077384 0.077295 0.077222 0.077154 0.077082 0.076995 0.076885 0.076744 0.076564 0.076337 0.076058 0.075718 0.075313 0.074837 0.074284 0.073649 0.072928 0.072116 0.071210 0.070204 0.069097 0.067884 0.066561 0.065127 0.063578 0.061911 0.060124 0.058215 0.056181 0.054020 0.051731
0.102076 0.098354 0.095091 0.092197 0.089652 0.087432 0.085512 0.083867 0.082471 0.081298 0.080325 0.079530 0.078892 0.078390 0.078008 0.077726 0.077530 0.077404 0.077333 0.077304 0.077305 0.077325 0.077351 0.077375 0.077386 0.077375 0.077334 0.077256 0.077133 0.076958 0.076724 0.076426 0.076059 0.075616 0.075093 0.074486 0.073790 0.073001 0.072116 0.071130 0.070041 0.068846 0.067541 0.066124 0.064593 0.062944 0.061177 0.059288 0.057276 0.055138
0.101498 0.097991 0.094633 0.091630 0.089002 0.086731 0.084786 0.083137 0.081754 0.080609 0.079677 0.078932 0.078353 0.077918 0.077608 0.077405 0.077290 0.077250 0.077269 0.077332 0.077428 0.077545 0.077670 0.077794 0.077908 0.078001 0.078066 0.078095 0.078080 0.078014 0.077892 0.077707 0.077454 0.077127 0.076722 0.076234 0.075659 0.074993 0.074232 0.073374 0.072415 0.071352 0.070182 0.068903 0.067512 0.066007 0.064386 0.062648 0.060790 0.058810
0.102747 0.098112 0.094338 0.091139 0.088408 0.086081 0.084114 0.082465 0.081099 0.079986 0.079097 0.078406 0.077889 0.077523 0.077288 0.077165 0.077136 0.077185 0.077296 0.077456 0.077650 0.077867 0.078096 0.078325 0.078545 0.078747 0.078922 0.079062 0.079160 0.079209 0.079203 0.079135 0.079001 0.078795 0.078512 0.078148 0.077700 0.077162 0.076532 0.075806 0.074982 0.074056 0.073027 0.071890 0.070645 0.069290 0.067821 0.066238 0.064538 0.062721
0.101817 0.097421 0.093648 0.090432 0.087694 0.085371 0.083418 0.081794 0.080463 0.079393 0.078556 0.077925 0.077474 0.077181 0.077025 0.076986 0.077046 0.077187 0.077394 0.077653 0.077950 0.078271 0.078607 0.078945 0.079276 0.079590 0.079879 0.080135 0.080351 0.080519 0.080633 0.080688 0.080677 0.080597 0.080441 0.080207 0.079889 0.079485 0.078990 0.078403 0.077719 0.076936 0.076051 0.075063 0.073969 0.072767 0.071456 0.070033 0.068498 0.066848
0.099834 0.096027 0.092570 0.089510 0.086856 0.084589 0.082682 0.081102 0.079819 0.078802 0.078025 0.077459 0.077081 0.076866 0.076793 0.076842 0.076994 0.077231 0.077538 0.077900 0.078302 0.078732 0.079179 0.079630 0.080075 0.080506 0.080914 0.081290 0.081628 0.081919 0.082159 0.082341 0.082459 0.082509 0.082486 0.082386 0.082205 0.081939 0.081585 0.081141 0.080602 0.079967 0.079233 0.078399 0.077461 0.076418 0.075269 0.074012 0.072646 0.071168
0.099096 0.095255 0.091774 0.088716 0.086075 0.083829 0.081948 0.080404 0.079166 0.078202 0.077485 0.076987 0.076684 0.076550 0.076564 0.076704 0.076953 0.077291 0.077702 0.078171 0.078684 0.079227 0.079788 0.080356 0.080922 0.081474 0.082005 0.082506 0.082971 0.083391 0.083761 0.084075 0.084327 0.084513 0.084628 0.084667 0.084628 0.084506 0.084298 0.084002 0.083614 0.083133 0.082555 0.081879 0.081103 0.080224 0.079243 0.078156 0.076963 0.075662
0.100030 0.095278 0.091414 0.088163 0.085420 0.083126 0.081234 0.079701 0.078493 0.077575 0.076915 0.076485 0.076258 0.076208 0.076312 0.076549 0.076898 0.077341 0.077861 0.078442 0.079070 0.079731 0.080413 0.081104 0.081794 0.082473 0.083133 0.083765 0.084362 0.084916 0.085422 0.085874 0.086265 0.086593 0.086851 0.087036 0.087144 0.087172 0.087116 0.086974 0.086743 0.086420 0.086003 0.085491 0.084882 0.084173 0.083363 0.082451 0.081437 0.080317
0.099381 0.094929 0.090960 0.087577 0.084738 0.082388 0.080471 0.078943 0.077759 0.076884 0.076281 0.075921 0.075773 0.075811 0.076010 0.076348 0.076803 0.077357 0.077992 0.078692 0.079441 0.080226 0.081035 0.081855 0.082676 0.083488 0.084283 0.085052 0.085787 0.086482 0.087131 0.087727 0.088265 0.088740 0.089148 0.089485 0.089746 0.089930 0.090032 0.090049 0.089980 0.089821 0.089571 0.089228 0.088790 0.088255 0.087622 0.086889 0.086057 0.085122
0.099062 0.094228 0.090167 0.086732 0.083856 0.081483 0.079564 0.078052 0.076903 0.076078 0.075541 0.075257 0.075195 0.075328 0.075630 0.076076 0.076646 0.077318 0.078076 0.078901 0.079780 0.080696 0.081639 0.082596 0.083556 0.084509 0.085447 0.086360 0.087242 0.088085 0.088883 0.089630 0.090321 0.090951 0.091516 0.092011 0.092433 0.092778 0.093044 0.093227 0.093325 0.093336 0.093257 0.093087 0.092825 0.092468 0.092015 0.091465 0.090817 0.090070
0.098031 0.093188 0.089081 0.085610 0.082715 0.080342 0.078442 0.076966 0.075871 0.075113 0.074654 0.074460 0.074498 0.074737 0.075152 0.075718 0.076411 0.077212 0.078101 0.079062 0.080079 0.081137 0.082223 0.083326 0.084434 0.085537 0.086626 0.087692 0.088729 0.089729 0.090685 0.091591 0.092443 0.093235 0.093963 0.094623 0.095211 0.095724 0.096159 0.096513 0.096783 0.096968 0.097064 0.097072 0.096988 0.096812 0.096541 0.096176 0.095715 0.095157
0.096598 0.091888 0.087723 0.084198 0.081285 0.078927 0.077067 0.075652 0.074632 0.073962 0.073602 0.073515 0.073667 0.074028 0.074570 0.075267 0.076097 0.077039 0.078072 0.079180 0.080347 0.081557 0.082798 0.084057 0.085324 0.086587 0.087837 0.089067 0.090268 0.091432 0.092555 0.093628 0.094648 0.095609 0.096508 0.097338 0.098098 0.098784 0.099392 0.099921 0.100366 0.100728 0.101003 0.101189 0.101286 0.101291 0.101204 0.101023 0.100748 0.100377
0.095863 0.090371 0.085977 0.082404 0.079513 0.077212 0.075429 0.074105 0.073188 0.072629 0.072389 0.072428 0.072713 0.073212 0.073897 0.074742 0.075723 0.076820 0.078011 0.079280 0.080610 0.081986 0.083394 0.084822 0.086258 0.087692 0.089114 0.090516 0.091890 0.093228 0.094524 0.095772 0.096967 0.098102 0.099176 0.100182 0.101117 0.101978 0.102763 0.103467 0.104090 0.104629 0.105081 0.105446 0.105722 0.105908 0.106001 0.106002 0.105910 0.105724
0.092726 0.087740 0.083590 0.080175 0.077412 0.075231 0.073567 0.072366 0.071577 0.071153 0.071053 0.071238 0.071674 0.072329 0.073174 0.074183 0.075333 0.076600 0.077965 0.079410 0.080917 0.082471 0.084059 0.085667 0.087284 0.088899 0.090502 0.092085 0.093639 0.095158 0.096633 0.098060 0.099433 0.100747 0.101997 0.103180 0.104291 0.105329 0.106288 0.107168 0.107966 0.108679 0.109307 0.109846 0.110297 0.110657 0.110927 0.111104 0.111189 0.111180
0.089135 0.084838 0.081000 0.077772 0.075156 0.073110 0.071582 0.070520 0.069876 0.069604 0.069661 0.070010 0.070615 0.071445 0.072468 0.073660 0.074994 0.076449 0.078003 0.079637 0.081335 0.083080 0.084859 0.086657 0.088464 0.090267 0.092058 0.093826 0.095565 0.097266 0.098923 0.100530 0.102081 0.103572 0.104998 0.106355 0.107639 0.108848 0.109978 0.111028 0.111995 0.112876 0.113671 0.114378 0.114995 0.115522 0.115958 0.116302 0.116554 0.116712
0.088096 0.082789 0.078708 0.075474 0.072933 0.070996 0.069598 0.068679 0.068190 0.068082 0.068312 0.068842 0.069634 0.070654 0.071874 0.073264 0.074798 0.076454 0.078210 0.080046 0.081944 0.083889 0.085865 0.087859 0.089858 0.091853 0.093832 0.095786 0.097708 0.099590 0.101425 0.103207 0.104932 0.106593 0.108188 0.109711 0.111160 0.112532 0.113823 0.115032 0.116157 0.117196 0.118147 0.119009 0.119781 0.120462 0.121052 0.121550 0.121955 0.122267
0.084547 0.080223 0.076403 0.073274 0.070826 0.068999 0.067730 0.066960 0.066635 0.066704 0.067122 0.067847 0.068841 0.070069 0.071498 0.073099 0.074844 0.076711 0.078675 0.080718 0.082820 0.084965 0.087138 0.089326 0.091516 0.093696 0.095857 0.097990 0.100087 0.102141 0.104144 0.106091 0.107977 0.109797 0.111547 0.113224 0.114824 0.116345 0.117783 0.119137 0.120405 0.121586 0.122677 0.123679 0.124590 0.125409 0.126136 0.126771 0.127313 0.127762
0.083616 0.078440 0.074431 0.071307 0.068933 0.067216 0.066085 0.065474 0.065326 0.065587 0.066207 0.067141 0.068350 0.069794 0.071440 0.073257 0.075216 0.077293 0.079465 0.081709 0.084009 0.086347 0.088709 0.091079 0.093446 0.095800 0.098129 0.100426 0.102682 0.104891 0.107045 0.109140 0.111170 0.113131 0.115019 0.116831 0.118563 0.120214 0.121780 0.123260 0.124653 0.125957 0.127170 0.128293 0.129323 0.130262 0.131107 0.131860 0.132520 0.133088
0.081383 0.076511 0.072618 0.069579 0.067306 0.065717 0.064740 0.064306 0.064352 0.064820 0.065655 0.066808 0.068236 0.069899 0.071760 0.073787 0.075952 0.078229 0.080593 0.083025 0.085506 0.088019 0.090548 0.093081 0.095605 0.098110 0.100586 0.103024 0.105417 0.107758 0.110041 0.112261 0.114413 0.116492 0.118496 0.120421 0.122264 0.124023 0.125696 0.127281 0.128777 0.130182 0.131496 0.132719 0.133848 0.134885 0.135829 0.136680 0.137438 0.138103
0.079291 0.074801 0.071030 0.068084 0.065930 0.064498 0.063707 0.063480 0.063745 0.064437 0.065496 0.066870 0.068513 0.070384 0.072446 0.074667 0.077016 0.079469 0.082002 0.084595 0.087230 0.089890 0.092560 0.095227 0.097880 0.100509 0.103103 0.105656 0.108159 0.110606 0.112992 0.115311 0.117559 0.119733 0.121828 0.123841 0.125771 0.127616 0.129372 0.131040 0.132617 0.134102 0.135496 0.136797 0.138005 0.139120 0.140141 0.141070 0.141905 0.142648
0.078760 0.073446 0.069513 0.066641 0.064666 0.063463 0.062923 0.062949 0.063462 0.064391 0.065676 0.067262 0.069104 0.071161 0.073397 0.075781 0.078283 0.080880 0.083549 0.086269 0.089024 0.091798 0.094576 0.097346 0.100097 0.102818 0.105502 0.108140 0.110725 0.113251 0.115713 0.118105 0.120425 0.122667 0.124829 0.126908 0.128903 0.130810 0.132628 0.134356 0.135993 0.137538 0.138991 0.140350 0.141617 0.142790 0.143869 0.144856 0.145750 0.146551
0.075440 0.070905 0.067377 0.064902 0.063325 0.062496 0.062294 0.062622 0.063402 0.064568 0.066062 0.067835 0.069845 0.072053 0.074427 0.076935 0.079553 0.082255 0.085022 0.087834 0.090674 0.093527 0.096380 0.099221 0.102039 0.104824 0.107568 0.110264 0.112905 0.115484 0.117997 0.120440 0.122807 0.125096 0.127304 0.129428 0.131466 0.133416 0.135276 0.137046 0.138724 0.140310 0.141804 0.143204 0.144510 0.145724 0.146844 0.147871 0.148806 0.149650
0.071919 0.067401 0.064660 0.062943 0.061976 0.061623 0.061796 0.062423 0.063446 0.064811 0.066472 0.068387 0.070519 0.072833 0.075300 0.077892 0.080585 0.083355 0.086183 0.089052 0.091944 0.094846 0.097745 0.100629 0.103487 0.106310 0.109091 0.111822 0.114495 0.117107 0.119651 0.122123 0.124519 0.126837 0.129072 0.131223 0.133287 0.135263 0.137149 0.138944 0.140648 0.142259 0.143777 0.145202 0.146534 0.147773 0.148918 0.149971 0.150932 0.151802
0.064557 0.063495 0.062336 0.061485 0.061057 0.061069 0.061502 0.062323 0.063493 0.064975 0.066730 0.068722 0.070918 0.073288 0.075802 0.078435 0.081164 0.083967 0.086824 0.089720 0.092637 0.095561 0.098481 0.101384 0.104261 0.107102 0.109900 0.112646 0.115335 0.117961 0.120519 0.123005 0.125415 0.127745 0.129993 0.132156 0.134233 0.136221 0.138119 0.139926 0.141642 0.143265 0.144795 0.146232 0.147575 0.148826 0.149984 0.151049 0.152023 0.152905
