0.639674 0.367905 0.074927 0.270449
0.625285 0.371846 0.064658 0.268250
0.596164 0.379586 0.044561 0.263001
0.552091 0.390846 0.019779 0.252832
0.493597 0.405212 0.001548 0.235225
0.422862 0.422090 0.000001 0.208628
0.343776 0.440663 0.000001 0.174679
0.261437 0.460128 0.000001 0.136114
0.181471 0.479778 0.000001 0.096374
0.109721 0.499052 0.000001 0.059375
0.052055 0.517548 0.000001 0.029070
0.013942 0.535030 0.000001 0.008737
0.000001 0.551431 0.000001 0.000001
0.000001 0.566923 0.000001 0.000001
0.000001 0.581768 0.000001 0.000001
0.000001 0.596285 0.000001 0.000001
0.000001 0.610831 0.000001 0.003393
0.000001 0.625630 0.000001 0.015354
0.007579 0.640521 0.000001 0.035256
0.027735 0.655259 0.000001 0.061677
0.053730 0.669741 0.000001 0.092023
0.080074 0.683928 0.000001 0.123414
0.102849 0.697800 0.000001 0.153295
0.119733 0.711324 0.000001 0.179735
0.129798 0.724441 0.000001 0.201509
0.133193 0.737051 0.000001 0.218029
0.130766 0.749015 0.000001 0.229207
0.123648 0.760168 0.000001 0.235309
0.112943 0.770330 0.000001 0.236831
0.099604 0.779319 0.000001 0.234392
0.084459 0.786949 0.000001 0.228667
0.068285 0.793030 0.000001 0.220335
0.051863 0.797377 0.000001 0.210076
0.036005 0.799806 0.000001 0.198575
0.021618 0.800151 0.000001 0.186534
0.009801 0.798268 0.000001 0.174663
0.001980 0.794050 0.000001 0.163620
0.000001 0.787467 0.000001 0.153859
0.000001 0.778630 0.000001 0.145343
0.000001 0.767717 0.000001 0.137848
0.000001 0.754917 0.000001 0.131195
0.000001 0.740434 0.000001 0.125253
0.000001 0.724493 0.000001 0.119924
0.000001 0.707339 0.000001 0.115139
0.000001 0.689236 0.000001 0.110846
0.000001 0.670464 0.000001 0.107009
0.000001 0.651317 0.000001 0.103603
0.000001 0.632089 0.000001 0.100610
0.000001 0.613073 0.000001 0.098010
0.000001 0.594545 0.000001 0.095785
0.000001 0.576759 0.000001 0.093913
0.000001 0.559937 0.000001 0.092371
0.000001 0.544262 0.000001 0.091133
0.000001 0.529872 0.000001 0.090174
0.000001 0.516862 0.000001 0.089472
0.000001 0.505277 0.000001 0.089006
0.000001 0.495123 0.000001 0.088758
0.000001 0.486365 0.000001 0.088708
0.000001 0.478940 0.000001 0.088836
0.000001 0.472759 0.000001 0.089120
0.000001 0.467718 0.000001 0.089539
0.000001 0.463703 0.000001 0.090071
0.000001 0.460600 0.000001 0.090697
0.000001 0.458289 0.000001 0.091391
0.000001 0.456656 0.000001 0.092126
0.000001 0.455585 0.000001 0.092869
0.000001 0.454961 0.000001 0.093582
0.000001 0.454671 0.000001 0.094218
0.000001 0.454599 0.000001 0.094721
0.000001 0.454627 0.000001 0.095027
0.000001 0.454637 0.000001 0.095058
0.000001 0.454510 0.000001 0.094727
0.000001 0.454129 0.000001 0.093933
0.000001 0.453382 0.000001 0.092566
0.000001 0.452162 0.000001 0.090512
0.000001 0.450378 0.000001 0.087666
0.000001 0.447952 0.000001 0.083936
0.000001 0.444826 0.000001 0.079243
0.000001 0.440969 0.000001 0.073523
0.000001 0.436381 0.000001 0.066739
0.000001 0.431100 0.000001 0.058911
0.000001 0.425206 0.000001 0.050160
0.000001 0.418829 0.000001 0.040716
0.000001 0.412137 0.000001 0.030941
0.000001 0.405336 0.000001 0.021350
0.000001 0.398645 0.000001 0.012621
0.000001 0.392269 0.000001 0.005572
0.000001 0.386358 0.000001 0.001082
0.000001 0.380967 0.000001 0.000001
0.000001 0.376015 0.000001 0.000001
0.000001 0.371407 0.000001 0.000001
0.000001 0.367089 0.000001 0.000001
0.000001 0.363047 0.000001 0.000001
0.000001 0.359295 0.000001 0.000001
0.000001 0.355880 0.000001 0.000001
0.000001 0.352865 0.000001 0.000001
0.000001 0.350325 0.000001 0.000001
0.000001 0.348338 0.000001 0.000001
0.000001 0.346970 0.000001 0.000001
0.000001 0.346272 0.000001 0.000001
