0.036175 0.033246 0.031171 0.029765 0.028967 0.028738 0.029041 0.029833 0.031071 0.032715 0.034727 0.037074 0.039728 0.042664 0.045863 0.049305 0.052978 0.056867 0.060963 0.065254 0.069732 0.074388 0.079213 0.084201 0.089346 0.094641 0.100083 0.105666 0.111388 0.117247 0.123240 0.129365 0.135621 0.142008 0.148524 0.155169 0.161943 0.168846 0.175877 0.183037 0.190327 0.197745 0.205294 0.212973 0.220784 0.228726 0.236801 0.245010 0.253354 0.261833
0.034680 0.032710 0.030941 0.029716 0.029088 0.029030 0.029488 0.030410 0.031750 0.033468 0.035532 0.037911 0.040582 0.043523 0.046716 0.050145 0.053797 0.057660 0.061722 0.065974 0.070405 0.075007 0.079772 0.084692 0.089763 0.094981 0.100340 0.105838 0.111473 0.117243 0.123145 0.129178 0.135342 0.141635 0.148056 0.154606 0.161284 0.168089 0.175021 0.182081 0.189269 0.196584 0.204028 0.211600 0.219301 0.227132 0.235092 0.243184 0.251406 0.259762
0.036087 0.032923 0.030998 0.029923 0.029537 0.029716 0.030373 0.031448 0.032898 0.034689 0.036793 0.039186 0.041850 0.044766 0.047919 0.051296 0.054884 0.058672 0.062647 0.066799 0.071115 0.075588 0.080212 0.084982 0.089894 0.094945 0.100133 0.105456 0.110912 0.116500 0.122218 0.128066 0.134042 0.140145 0.146375 0.152731 0.159212 0.165819 0.172550 0.179405 0.186384 0.193487 0.200714 0.208065 0.215540 0.223139 0.230861 0.238708 0.246680 0.254778
0.035079 0.032777 0.031178 0.030386 0.030205 0.030510 0.031234 0.032333 0.033773 0.035527 0.037571 0.039886 0.042454 0.045257 0.048284 0.051520 0.054954 0.058573 0.062359 0.066302 0.070393 0.074627 0.079001 0.083513 0.088161 0.092943 0.097859 0.102907 0.108085 0.113393 0.118829 0.124392 0.130079 0.135891 0.141826 0.147883 0.154061 0.160359 0.166776 0.173311 0.179964 0.186734 0.193620 0.200621 0.207737 0.214968 0.222313 0.229772 0.237345 0.245031
0.035830 0.033098 0.031605 0.030871 0.030588 0.030731 0.031264 0.032155 0.033374 0.034894 0.036691 0.038744 0.041036 0.043550 0.046273 0.049192 0.052296 0.055562 0.058977 0.062536 0.066236 0.070077 0.074057 0.078176 0.082432 0.086824 0.091351 0.096011 0.100800 0.105717 0.110759 0.115925 0.121211 0.126617 0.132140 0.137779 0.143532 0.149398 0.155374 0.161459 0.167652 0.173952 0.180355 0.186862 0.193471 0.200182 0.206992 0.213902 0.220911 0.228019
0.036485 0.033880 0.032411 0.031456 0.030864 0.030625 0.030723 0.031140 0.031851 0.032835 0.034072 0.035544 0.037236 0.039134 0.041228 0.043507 0.045964 0.048589 0.051375 0.054318 0.057418 0.060674 0.064084 0.067646 0.071357 0.075213 0.079210 0.083343 0.087607 0.091998 0.096512 0.101146 0.105898 0.110764 0.115741 0.120828 0.126022 0.131319 0.136717 0.142214 0.147808 0.153495 0.159274 0.165142 0.171099 0.177142 0.183271 0.189485 0.195783 0.202164
0.037502 0.035598 0.033878 0.032440 0.031308 0.030485 0.029951 0.029686 0.029669 0.029884 0.030317 0.030956 0.031791 0.032815 0.034022 0.035406 0.036964 0.038695 0.040605 0.042701 0.044985 0.047455 0.050108 0.052936 0.055930 0.059083 0.062386 0.065831 0.069410 0.073119 0.076953 0.080909 0.084984 0.089173 0.093473 0.097881 0.102391 0.107002 0.111707 0.116505 0.121392 0.126364 0.131419 0.136555 0.141771 0.147065 0.152437 0.157885 0.163409 0.169007
0.044149 0.038706 0.035803 0.033679 0.031920 0.030423 0.029146 0.028068 0.027177 0.026466 0.025930 0.025568 0.025380 0.025366 0.025525 0.025857 0.026367 0.027078 0.028017 0.029195 0.030608 0.032243 0.034085 0.036117 0.038325 0.040694 0.043212 0.045869 0.048661 0.051583 0.054635 0.057811 0.061107 0.064518 0.068039 0.071665 0.075391 0.079211 0.083121 0.087115 0.091191 0.095345 0.099576 0.103884 0.108268 0.112728 0.117262 0.121870 0.126549 0.131298
0.041112 0.039275 0.037149 0.034898 0.032661 0.030502 0.028444 0.026495 0.024664 0.022959 0.021393 0.019975 0.018716 0.017622 0.016696 0.015945 0.015414 0.015193 0.015309 0.015728 0.016411 0.017321 0.018430 0.019714 0.021153 0.022731 0.024435 0.026264 0.028226 0.030322 0.032547 0.034898 0.037365 0.039941 0.042621 0.045396 0.048262 0.051211 0.054240 0.057342 0.060515 0.063762 0.067084 0.070485 0.073964 0.077521 0.081153 0.084857 0.088631 0.092471
0.044899 0.042021 0.039362 0.036576 0.033718 0.030849 0.027996 0.025185 0.022441 0.019793 0.017266 0.014880 0.012647 0.010572 0.008659 0.006976 0.005730 0.005098 0.004867 0.004904 0.005138 0.005528 0.006046 0.006673 0.007394 0.008197 0.009084 0.010103 0.011269 0.012570 0.013994 0.015529 0.017164 0.018889 0.020697 0.022581 0.024535 0.026554 0.028633 0.030769 0.032970 0.035251 0.037620 0.040078 0.042620 0.045242 0.047938 0.050705 0.053536 0.056427
0.051920 0.046163 0.042218 0.038622 0.035079 0.031527 0.027957 0.024407 0.020919 0.017530 0.014271 0.011152 0.008177 0.005346 0.002663 0.000669 0.000001 0.000001 0.000001 0.000001 0.000001 0.000001 0.000001 0.000001 0.000001 0.000001 0.000113 0.000465 0.000966 0.001574 0.002265 0.003025 0.003845 0.004718 0.005639 0.006602 0.007604 0.008642 0.009712 0.010826 0.012042 0.013380 0.014829 0.016373 0.018002 0.019704 0.021471 0.023297 0.025175 0.027101
0.051686 0.048003 0.044291 0.040485 0.036583 0.032586 0.028548 0.024563 0.020660 0.016878 0.013221 0.009680 0.006256 0.002948 0.000001 0.000001 0.000001 0.000001 0.000001 0.000001 0.000001 0.000001 0.000001 0.000001 0.000001 0.000001 0.000001 0.000001 0.000001 0.000001 0.000001 0.000001 0.000001 0.000001 0.000001 0.000001 0.000001 0.000001 0.000001 0.000133 0.000533 0.001087 0.001741 0.002468 0.003252 0.004082 0.004952 0.005856 0.006790 0.007752
0.054312 0.049697 0.046092 0.042385 0.038438 0.034298 0.030195 0.026169 0.022211 0.018326 0.014524 0.010811 0.007187 0.003656 0.000222 0.000001 0.000001 0.000001 0.000001 0.000001 0.000001 0.000001 0.000001 0.000001 0.000001 0.000001 0.000001 0.000001 0.000001 0.000001 0.000001 0.000001 0.000001 0.000001 0.000001 0.000001 0.000001 0.000001 0.000001 0.000001 0.000001 0.000001 0.000001 0.000001 0.000001 0.000001 0.000001 0.000001 0.000001 0.000001
0.054225 0.051410 0.048438 0.045003 0.041165 0.037156 0.033170 0.029227 0.025335 0.021499 0.017725 0.014018 0.010383 0.006821 0.003335 0.000389 0.000001 0.000001 0.000001 0.000001 0.000001 0.000001 0.000001 0.000001 0.000001 0.000001 0.000001 0.000001 0.000001 0.000001 0.000001 0.000001 0.000001 0.000001 0.000001 0.000001 0.000001 0.000001 0.000001 0.000001 0.000001 0.000001 0.000001 0.000001 0.000001 0.000001 0.000001 0.000001 0.000001 0.000001
0.059098 0.055542 0.052374 0.048941 0.045180 0.041312 0.037480 0.033691 0.029951 0.026265 0.022636 0.019065 0.015557 0.012112 0.008731 0.005467 0.002742 0.000752 0.000001 0.000001 0.000001 0.000001 0.000001 0.000001 0.000001 0.000001 0.000001 0.000001 0.000001 0.000001 0.000001 0.000001 0.000001 0.000001 0.000001 0.000001 0.000001 0.000001 0.000001 0.000001 0.000001 0.000001 0.000001 0.000001 0.000001 0.000001 0.000001 0.000001 0.000001 0.000001
0.064941 0.060705 0.057362 0.053981 0.050395 0.046696 0.043067 0.039498 0.035993 0.032550 0.029166 0.025841 0.022573 0.019364 0.016214 0.013127 0.010170 0.007499 0.005220 0.003542 0.002242 0.001184 0.000297 0.000001 0.000001 0.000001 0.000001 0.000001 0.000001 0.000001 0.000001 0.000001 0.000001 0.000001 0.000001 0.000001 0.000001 0.000001 0.000001 0.000001 0.000001 0.000001 0.000001 0.000001 0.000001 0.000001 0.000001 0.000001 0.000001 0.000001
0.068819 0.065362 0.062510 0.059557 0.056415 0.053114 0.049784 0.046549 0.043392 0.040298 0.037263 0.034285 0.031362 0.028495 0.025684 0.022929 0.020241 0.017661 0.015241 0.013068 0.011175 0.009530 0.008096 0.006889 0.005993 0.005300 0.004743 0.004288 0.003913 0.003602 0.003346 0.003136 0.002967 0.002832 0.002729 0.002653 0.002602 0.002572 0.002562 0.002570 0.002593 0.002630 0.002680 0.002742 0.002813 0.002893 0.002981 0.003076 0.003177 0.003283
0.072218 0.069967 0.067743 0.065391 0.062899 0.060287 0.057582 0.054862 0.052177 0.049540 0.046955 0.044423 0.041945 0.039519 0.037148 0.034837 0.032587 0.030402 0.028300 0.026307 0.024459 0.022772 0.021247 0.019879 0.018692 0.017689 0.016845 0.016138 0.015547 0.015057 0.014652 0.014324 0.014063 0.013862 0.013713 0.013611 0.013552 0.013531 0.013544 0.013588 0.013659 0.013755 0.013873 0.014011 0.014166 0.014336 0.014519 0.014715 0.014920 0.015133
0.079832 0.075345 0.073139 0.071402 0.069687 0.067908 0.066042 0.064108 0.062143 0.060177 0.058231 0.056314 0.054435 0.052597 0.050804 0.049058 0.047364 0.045724 0.044140 0.042621 0.041179 0.039830 0.038583 0.037443 0.036416 0.035510 0.034727 0.034062 0.033505 0.033047 0.032680 0.032394 0.032183 0.032038 0.031954 0.031924 0.031944 0.032008 0.032112 0.032252 0.032424 0.032624 0.032851 0.033099 0.033368 0.033653 0.033953 0.034266 0.034588 0.034919
0.078812 0.078789 0.078374 0.077703 0.076855 0.075901 0.074866 0.073766 0.072619 0.071446 0.070268 0.069098 0.067946 0.066820 0.065725 0.064665 0.063642 0.062660 0.061721 0.060827 0.059981 0.059191 0.058461 0.057798 0.057206 0.056690 0.056253 0.055898 0.055624 0.055427 0.055304 0.055251 0.055262 0.055332 0.055457 0.055632 0.055853 0.056115 0.056414 0.056746 0.057108 0.057496 0.057907 0.058338 0.058785 0.059247 0.059720 0.060202 0.060690 0.061183
0.086820 0.085638 0.085276 0.084978 0.084624 0.084244 0.083850 0.083445 0.083031 0.082613 0.082198 0.081792 0.081401 0.081031 0.080684 0.080364 0.080073 0.079812 0.079583 0.079387 0.079224 0.079097 0.079008 0.078959 0.078952 0.078991 0.079078 0.079215 0.079403 0.079643 0.079932 0.080270 0.080654 0.081082 0.081550 0.082056 0.082596 0.083167 0.083765 0.084388 0.085032 0.085694 0.086372 0.087062 0.087762 0.088469 0.089180 0.089894 0.090607 0.091317
0.096337 0.094165 0.093304 0.092914 0.092712 0.092639 0.092663 0.092761 0.092915 0.093116 0.093356 0.093630 0.093935 0.094271 0.094638 0.095033 0.095456 0.095908 0.096387 0.096892 0.097424 0.097981 0.098564 0.099172 0.099805 0.100466 0.101153 0.101868 0.102611 0.103383 0.104183 0.105011 0.105866 0.106746 0.107650 0.108575 0.109519 0.110480 0.111456 0.112445 0.113442 0.114447 0.115457 0.116469 0.117480 0.118489 0.119493 0.120490 0.121477 0.122452
0.103851 0.101758 0.100807 0.100462 0.100393 0.100537 0.100852 0.101307 0.101878 0.102545 0.103295 0.104114 0.104994 0.105926 0.106905 0.107925 0.108982 0.110073 0.111195 0.112344 0.113518 0.114715 0.115933 0.117169 0.118423 0.119693 0.120977 0.122277 0.123589 0.124915 0.126252 0.127601 0.128961 0.130329 0.131706 0.133089 0.134476 0.135867 0.137259 0.138649 0.140037 0.141420 0.142796 0.144162 0.145517 0.146859 0.148185 0.149494 0.150783 0.152051
0.109840 0.107726 0.106998 0.106947 0.107114 0.107482 0.108036 0.108761 0.109637 0.110646 0.111772 0.112999 0.114315 0.115709 0.117169 0.118689 0.120260 0.121877 0.123532 0.125222 0.126942 0.128687 0.130453 0.132238 0.134038 0.135850 0.137672 0.139501 0.141337 0.143176 0.145017 0.146859 0.148699 0.150538 0.152372 0.154201 0.156022 0.157834 0.159636 0.161425 0.163199 0.164957 0.166697 0.168417 0.170115 0.171790 0.173438 0.175058 0.176649 0.178209
0.112138 0.112487 0.112238 0.112369 0.112734 0.113289 0.114039 0.114973 0.116076 0.117332 0.118726 0.120243 0.121870 0.123594 0.125404 0.127290 0.129242 0.131253 0.133313 0.135418 0.137559 0.139733 0.141932 0.144154 0.146392 0.148644 0.150905 0.153171 0.155441 0.157711 0.159978 0.162240 0.164495 0.166740 0.168973 0.171192 0.173396 0.175582 0.177748 0.179892 0.182013 0.184109 0.186177 0.188216 0.190223 0.192198 0.194137 0.196040 0.197904 0.199728
0.122002 0.118648 0.117212 0.116876 0.117264 0.117956 0.118864 0.119963 0.121235 0.122668 0.124246 0.125958 0.127791 0.129733 0.131773 0.133901 0.136107 0.138382 0.140717 0.143105 0.145539 0.148011 0.150516 0.153048 0.155601 0.158170 0.160752 0.163341 0.165933 0.168525 0.171114 0.173696 0.176267 0.178826 0.181368 0.183893 0.186397 0.188877 0.191332 0.193760 0.196157 0.198522 0.200853 0.203148 0.205404 0.207620 0.209794 0.211924 0.214008 0.216043
0.123696 0.121588 0.120559 0.120301 0.120709 0.121574 0.122634 0.123868 0.125266 0.126819 0.128516 0.130347 0.132302 0.134369 0.136539 0.138802 0.141150 0.143573 0.146063 0.148612 0.151213 0.153858 0.156542 0.159258 0.162000 0.164762 0.167540 0.170328 0.173122 0.175918 0.178712 0.181498 0.184275 0.187038 0.189784 0.192511 0.195214 0.197891 0.200540 0.203157 0.205740 0.208288 0.210796 0.213264 0.215688 0.218066 0.220398 0.222679 0.224909 0.227086
0.121502 0.122731 0.122807 0.122914 0.123418 0.124384 0.125561 0.126892 0.128374 0.130000 0.131762 0.133651 0.135657 0.137774 0.139991 0.142301 0.144696 0.147167 0.149708 0.152311 0.154968 0.157674 0.160422 0.163205 0.166018 0.168855 0.171710 0.174579 0.177457 0.180339 0.183220 0.186096 0.188963 0.191818 0.194656 0.197474 0.200269 0.203037 0.205774 0.208480 0.211149 0.213779 0.216369 0.218914 0.221414 0.223864 0.226264 0.228610 0.230901 0.233134
0.128871 0.126272 0.125347 0.125201 0.125641 0.126614 0.127849 0.129235 0.130761 0.132418 0.134196 0.136090 0.138092 0.140194 0.142391 0.144674 0.147038 0.149476 0.151982 0.154548 0.157170 0.159840 0.162553 0.165303 0.168084 0.170892 0.173720 0.176563 0.179417 0.182277 0.185138 0.187995 0.190846 0.193684 0.196507 0.199311 0.202091 0.204845 0.207568 0.210258 0.212912 0.215526 0.218097 0.220623 0.223101 0.225529 0.227904 0.230224 0.232486 0.234689
0.128544 0.127616 0.126921 0.126832 0.127325 0.128349 0.129636 0.131053 0.132589 0.134236 0.135987 0.137838 0.139783 0.141818 0.143936 0.146133 0.148404 0.150743 0.153145 0.155604 0.158115 0.160673 0.163272 0.165907 0.168573 0.171265 0.173978 0.176706 0.179446 0.182192 0.184940 0.187685 0.190424 0.193151 0.195864 0.198557 0.201227 0.203871 0.206484 0.209064 0.211607 0.214110 0.216570 0.218984 0.221349 0.223664 0.225925 0.228130 0.230278 0.232366
0.129473 0.127979 0.127659 0.127895 0.128583 0.129710 0.131037 0.132451 0.133954 0.135545 0.137222 0.138984 0.140826 0.142746 0.144740 0.146803 0.148932 0.151122 0.153369 0.155667 0.158013 0.160401 0.162827 0.165286 0.167773 0.170284 0.172814 0.175359 0.177913 0.180473 0.183033 0.185591 0.188140 0.190679 0.193201 0.195704 0.198183 0.200635 0.203056 0.205443 0.207793 0.210103 0.212370 0.214590 0.216763 0.218885 0.220954 0.222968 0.224926 0.226826
0.126335 0.127896 0.128454 0.128962 0.129725 0.130844 0.132114 0.133447 0.134852 0.136332 0.137888 0.139517 0.141218 0.142987 0.144822 0.146718 0.148671 0.150679 0.152736 0.154838 0.156982 0.159163 0.161376 0.163618 0.165884 0.168169 0.170469 0.172781 0.175099 0.177420 0.179739 0.182052 0.184356 0.186645 0.188917 0.191167 0.193392 0.195589 0.197753 0.199883 0.201975 0.204026 0.206035 0.207998 0.209915 0.211782 0.213599 0.215364 0.217075 0.218733
0.132508 0.130924 0.130304 0.130272 0.130726 0.131629 0.132713 0.133881 0.135131 0.136457 0.137857 0.139328 0.140865 0.142464 0.144122 0.145834 0.147596 0.149406 0.151257 0.153147 0.155071 0.157026 0.159006 0.161008 0.163029 0.165063 0.167107 0.169157 0.171208 0.173258 0.175301 0.177333 0.179352 0.181354 0.183334 0.185289 0.187216 0.189113 0.190976 0.192804 0.194593 0.196342 0.198050 0.199714 0.201334 0.202909 0.204437 0.205919 0.207353 0.208738
0.134788 0.132343 0.131143 0.130707 0.130866 0.131537 0.132426 0.133422 0.134511 0.135682 0.136928 0.138242 0.139618 0.141051 0.142536 0.144068 0.145643 0.147256 0.148904 0.150582 0.152287 0.154013 0.155758 0.157517 0.159287 0.161063 0.162841 0.164618 0.166391 0.168154 0.169905 0.171640 0.173355 0.175047 0.176713 0.178351 0.179958 0.181532 0.183071 0.184575 0.186041 0.187469 0.188859 0.190210 0.191522 0.192795 0.194029 0.195224 0.196379 0.197496
0.130343 0.130196 0.129614 0.129297 0.129418 0.130007 0.130809 0.131709 0.132695 0.133758 0.134889 0.136081 0.137326 0.138620 0.139958 0.141333 0.142742 0.144180 0.145643 0.147126 0.148626 0.150139 0.151661 0.153188 0.154716 0.156242 0.157761 0.159271 0.160767 0.162246 0.163705 0.165140 0.166549 0.167929 0.169279 0.170598 0.171883 0.173134 0.174353 0.175537 0.176688 0.177807 0.178894 0.179949 0.180975 0.181971 0.182937 0.183876 0.184787 0.185672
0.129048 0.127142 0.126286 0.125989 0.126160 0.126782 0.127619 0.128525 0.129495 0.130522 0.131601 0.132725 0.133890 0.135090 0.136320 0.137577 0.138855 0.140151 0.141460 0.142778 0.144102 0.145427 0.146751 0.148069 0.149377 0.150673 0.151952 0.153211 0.154447 0.155656 0.156837 0.157986 0.159104 0.160188 0.161239 0.162258 0.163245 0.164202 0.165131 0.166032 0.166909 0.167762 0.168595 0.169409 0.170204 0.170981 0.171742 0.172488 0.173224 0.173948
0.122005 0.121415 0.120941 0.120853 0.121174 0.121905 0.122865 0.123860 0.124890 0.125951 0.127041 0.128157 0.129294 0.130451 0.131623 0.132805 0.133995 0.135189 0.136383 0.137573 0.138756 0.139928 0.141086 0.142226 0.143344 0.144438 0.145504 0.146539 0.147541 0.148507 0.149436 0.150329 0.151187 0.152011 0.152805 0.153571 0.154313 0.155035 0.155738 0.156425 0.157101 0.157769 0.158431 0.159087 0.159736 0.160380 0.161022 0.161668 0.162317 0.162968
0.115168 0.114257 0.114052 0.114238 0.114764 0.115635 0.116751 0.117879 0.119015 0.120158 0.121308 0.122463 0.123622 0.124782 0.125940 0.127094 0.128239 0.129372 0.130491 0.131593 0.132673 0.133729 0.134757 0.135754 0.136717 0.137643 0.138529 0.139372 0.140173 0.140932 0.141651 0.142335 0.142988 0.143614 0.144220 0.144813 0.145396 0.145972 0.146542 0.147114 0.147692 0.148277 0.148868 0.149463 0.150062 0.150664 0.151283 0.151915 0.152556 0.153205
0.105032 0.105778 0.106184 0.106655 0.107348 0.108329 0.109575 0.110843 0.112102 0.113353 0.114595 0.115825 0.117041 0.118242 0.119425 0.120587 0.121725 0.122836 0.123918 0.124968 0.125982 0.126957 0.127892 0.128781 0.129623 0.130416 0.131157 0.131848 0.132492 0.133096 0.133667 0.134214 0.134745 0.135265 0.135785 0.136312 0.136843 0.137378 0.137922 0.138486 0.139066 0.139657 0.140258 0.140868 0.141484 0.142106 0.142735 0.143374 0.144023 0.144679
0.098297 0.098116 0.098183 0.098570 0.099277 0.100301 0.101631 0.103038 0.104430 0.105804 0.107156 0.108484 0.109783 0.111052 0.112287 0.113487 0.114648 0.115767 0.116843 0.117872 0.118852 0.119779 0.120651 0.121465 0.122219 0.122912 0.123549 0.124137 0.124687 0.125212 0.125726 0.126240 0.126754 0.127280 0.127826 0.128385 0.128955 0.129533 0.130117 0.130712 0.131317 0.131934 0.132560 0.133196 0.133839 0.134489 0.135146 0.135811 0.136483 0.137162
0.091192 0.089721 0.089510 0.089901 0.090685 0.091791 0.093194 0.094757 0.096297 0.097808 0.099285 0.100723 0.102120 0.103473 0.104779 0.106036 0.107240 0.108389 0.109481 0.110513 0.111482 0.112386 0.113222 0.113987 0.114683 0.115316 0.115902 0.116460 0.117007 0.117556 0.118124 0.118703 0.119289 0.119881 0.120483 0.121095 0.121716 0.122345 0.122982 0.123626 0.124278 0.124938 0.125606 0.126281 0.126964 0.127654 0.128350 0.129052 0.129760 0.130475
0.077512 0.078962 0.079860 0.080772 0.081845 0.083123 0.084628 0.086334 0.088033 0.089686 0.091291 0.092845 0.094344 0.095786 0.097170 0.098492 0.099749 0.100940 0.102061 0.103111 0.104086 0.104983 0.105801 0.106541 0.107214 0.107846 0.108461 0.109091 0.109729 0.110369 0.111016 0.111671 0.112332 0.113000 0.113672 0.114352 0.115038 0.115730 0.116428 0.117133 0.117843 0.118559 0.119281 0.120008 0.120742 0.121481 0.122225 0.122975 0.123729 0.124489
0.068929 0.069796 0.070912 0.072098 0.073379 0.074793 0.076372 0.078135 0.079980 0.081763 0.083485 0.085143 0.086737 0.088264 0.089721 0.091107 0.092418 0.093653 0.094808 0.095881 0.096870 0.097771 0.098585 0.099328 0.100037 0.100755 0.101475 0.102197 0.102924 0.103655 0.104388 0.105126 0.105867 0.106613 0.107363 0.108117 0.108875 0.109637 0.110403 0.111174 0.111949 0.112728 0.113512 0.114299 0.115091 0.115886 0.116686 0.117490 0.118298 0.119109
0.060810 0.062156 0.063309 0.064511 0.065817 0.067247 0.068821 0.070553 0.072439 0.074323 0.076136 0.077878 0.079548 0.081144 0.082663 0.084102 0.085460 0.086733 0.087920 0.089016 0.090019 0.090928 0.091757 0.092563 0.093374 0.094184 0.094996 0.095808 0.096622 0.097438 0.098256 0.099076 0.099898 0.100722 0.101548 0.102377 0.103209 0.104043 0.104879 0.105719 0.106561 0.107406 0.108254 0.109105 0.109958 0.110815 0.111674 0.112536 0.113401 0.114269
0.056176 0.056301 0.057079 0.058136 0.059362 0.060725 0.062223 0.063864 0.065657 0.067570 0.069443 0.071242 0.072965 0.074609 0.076172 0.077650 0.079042 0.080344 0.081553 0.082667 0.083681 0.084602 0.085496 0.086389 0.087282 0.088175 0.089068 0.089961 0.090854 0.091748 0.092643 0.093539 0.094436 0.095334 0.096233 0.097133 0.098035 0.098939 0.099844 0.100751 0.101659 0.102570 0.103482 0.104396 0.105312 0.106229 0.107149 0.108070 0.108993 0.109919
0.049291 0.050609 0.051730 0.052848 0.054031 0.055307 0.056693 0.058202 0.059848 0.061636 0.063519 0.065348 0.067100 0.068771 0.070360 0.071861 0.073273 0.074592 0.075815 0.076937 0.077958 0.078920 0.079881 0.080842 0.081803 0.082764 0.083724 0.084685 0.085646 0.086607 0.087569 0.088532 0.089495 0.090459 0.091424 0.092390 0.093356 0.094324 0.095293 0.096262 0.097233 0.098205 0.099179 0.100153 0.101129 0.102106 0.103084 0.104063 0.105044 0.106026
0.045411 0.046712 0.047791 0.048816 0.049877 0.051014 0.052249 0.053596 0.055067 0.056672 0.058411 0.060233 0.061994 0.063675 0.065273 0.066784 0.068204 0.069529 0.070755 0.071880 0.072907 0.073917 0.074928 0.075940 0.076952 0.077965 0.078979 0.079994 0.081010 0.082027 0.083045 0.084064 0.085083 0.086104 0.087126 0.088149 0.089172 0.090197 0.091223 0.092249 0.093277 0.094305 0.095335 0.096365 0.097397 0.098429 0.099462 0.100496 0.101531 0.102567
0.044550 0.044793 0.045285 0.045972 0.046802 0.047750 0.048808 0.049976 0.051261 0.052669 0.054209 0.055879 0.057623 0.059303 0.060900 0.062410 0.063829 0.065153 0.066377 0.067497 0.068539 0.069581 0.070625 0.071671 0.072721 0.073773 0.074827 0.075884 0.076943 0.078004 0.079067 0.080131 0.081198 0.082266 0.083335 0.084406 0.085479 0.086553 0.087628 0.088704 0.089782 0.090860 0.091940 0.093021 0.094102 0.095185 0.096268 0.097353 0.098438 0.099523
0.043564 0.043070 0.043294 0.043812 0.044491 0.045287 0.046187 0.047190 0.048299 0.049521 0.050864 0.052335 0.053931 0.055594 0.057186 0.058691 0.060106 0.061425 0.062643 0.063755 0.064810 0.065870 0.066936 0.068006 0.069082 0.070161 0.071245 0.072333 0.073425 0.074520 0.075618 0.076719 0.077823 0.078929 0.080038 0.081150 0.082263 0.083378 0.084496 0.085615 0.086735 0.087857 0.088981 0.090106 0.091232 0.092359 0.093488 0.094617 0.095747 0.096878
0.039224 0.040557 0.041362 0.042029 0.042694 0.043408 0.044193 0.045062 0.046021 0.047081 0.048248 0.049533 0.050942 0.052473 0.054055 0.055556 0.056966 0.058279 0.059490 0.060595 0.061658 0.062730 0.063810 0.064896 0.065990 0.067089 0.068195 0.069306 0.070422 0.071544 0.072669 0.073799 0.074933 0.076070 0.077211 0.078356 0.079503 0.080653 0.081805 0.082961 0.084118 0.085277 0.086439 0.087602 0.088767 0.089933 0.091101 0.092271 0.093441 0.094612
0.038489 0.039517 0.040196 0.040780 0.041366 0.041992 0.042679 0.043436 0.044274 0.045200 0.046222 0.047348 0.048589 0.049952 0.051431 0.052931 0.054338 0.055646 0.056851 0.057949 0.059019 0.060099 0.061188 0.062287 0.063394 0.064508 0.065630 0.066759 0.067895 0.069036 0.070183 0.071336 0.072494 0.073656 0.074824 0.075995 0.077170 0.078349 0.079531 0.080716 0.081905 0.083096 0.084290 0.085486 0.086684 0.087885 0.089087 0.090291 0.091497 0.092704
0.040514 0.039684 0.039668 0.039962 0.040398 0.040921 0.041517 0.042185 0.042927 0.043749 0.044657 0.045659 0.046763 0.047978 0.049313 0.050754 0.052158 0.053462 0.054659 0.055752 0.056828 0.057915 0.059014 0.060122 0.061239 0.062366 0.063501 0.064645 0.065796 0.066954 0.068119 0.069290 0.070467 0.071650 0.072839 0.074032 0.075231 0.076434 0.077641 0.078852 0.080066 0.081285 0.082506 0.083731 0.084958 0.086188 0.087420 0.088655 0.089892 0.091130
0.038437 0.038551 0.038818 0.039160 0.039570 0.040045 0.040587 0.041195 0.041872 0.042622 0.043448 0.044357 0.045357 0.046456 0.047665 0.048990 0.050377 0.051672 0.052858 0.053946 0.055030 0.056125 0.057232 0.058349 0.059476 0.060614 0.061760 0.062916 0.064080 0.065252 0.066431 0.067618 0.068812 0.070013 0.071219 0.072432 0.073650 0.074873 0.076101 0.077334 0.078571 0.079812 0.081058 0.082307 0.083559 0.084815 0.086073 0.087334 0.088598 0.089864
0.035302 0.037178 0.037900 0.038360 0.038796 0.039270 0.039799 0.040385 0.041030 0.041738 0.042513 0.043359 0.044285 0.045299 0.046410 0.047629 0.048955 0.050234 0.051402 0.052487 0.053578 0.054681 0.055796 0.056922 0.058058 0.059205 0.060362 0.061529 0.062704 0.063888 0.065081 0.066281 0.067489 0.068705 0.069927 0.071156 0.072391 0.073631 0.074878 0.076130 0.077387 0.078648 0.079914 0.081184 0.082459 0.083737 0.085018 0.086303 0.087590 0.088881
0.039428 0.037610 0.037384 0.037636 0.038058 0.038558 0.039111 0.039709 0.040354 0.041048 0.041795 0.042604 0.043480 0.044433 0.045473 0.046610 0.047856 0.049108 0.050249 0.051335 0.052433 0.053544 0.054666 0.055800 0.056945 0.058101 0.059268 0.060444 0.061630 0.062825 0.064029 0.065242 0.066463 0.067691 0.068928 0.070171 0.071421 0.072678 0.073941 0.075209 0.076483 0.077763 0.079048 0.080337 0.081630 0.082928 0.084230 0.085536 0.086845 0.088157
0.033975 0.035333 0.036084 0.036711 0.037314 0.037918 0.038533 0.039167 0.039829 0.040524 0.041261 0.042047 0.042891 0.043802 0.044790 0.045866 0.047043 0.048255 0.049364 0.050456 0.051560 0.052678 0.053807 0.054949 0.056102 0.057266 0.058442 0.059627 0.060823 0.062029 0.063244 0.064468 0.065701 0.066942 0.068191 0.069448 0.070712 0.071983 0.073261 0.074545 0.075835 0.077131 0.078433 0.079739 0.081050 0.082366 0.083687 0.085011 0.086339 0.087671
0.032586 0.034105 0.035200 0.036050 0.036783 0.037462 0.038123 0.038784 0.039458 0.040155 0.040885 0.041656 0.042477 0.043357 0.044308 0.045340 0.046465 0.047629 0.048718 0.049815 0.050925 0.052049 0.053186 0.054335 0.055496 0.056669 0.057853 0.059048 0.060254 0.061470 0.062696 0.063931 0.065175 0.066429 0.067691 0.068960 0.070238 0.071523 0.072815 0.074113 0.075419 0.076730 0.078047 0.079369 0.080697 0.082030 0.083367 0.084709 0.086055 0.087405
0.034012 0.034610 0.035270 0.035940 0.036601 0.037255 0.037906 0.038562 0.039232 0.039922 0.040642 0.041398 0.042201 0.043058 0.043980 0.044980 0.046068 0.047185 0.048273 0.049376 0.050493 0.051624 0.052768 0.053925 0.055095 0.056277 0.057470 0.058676 0.059892 0.061119 0.062356 0.063603 0.064859 0.066125 0.067399 0.068682 0.069973 0.071272 0.072578 0.073891 0.075210 0.076536 0.077868 0.079206 0.080549 0.081898 0.083251 0.084609 0.085971 0.087338
0.035266 0.035209 0.035533 0.036028 0.036597 0.037198 0.037819 0.038455 0.039110 0.039788 0.040495 0.041237 0.042024 0.042864 0.043766 0.044742 0.045805 0.046895 0.047991 0.049101 0.050227 0.051367 0.052520 0.053687 0.054867 0.056060 0.057265 0.058481 0.059709 0.060948 0.062198 0.063457 0.064727 0.066005 0.067293 0.068589 0.069894 0.071206 0.072526 0.073853 0.075187 0.076528 0.077874 0.079227 0.080585 0.081948 0.083317 0.084690 0.086068 0.087450
0.034113 0.034746 0.035369 0.035966 0.036559 0.037157 0.037768 0.038393 0.039037 0.039706 0.040403 0.041136 0.041912 0.042740 0.043630 0.044592 0.045640 0.046730 0.047837 0.048959 0.050096 0.051247 0.052413 0.053593 0.054786 0.055991 0.057210 0.058440 0.059681 0.060934 0.062197 0.063470 0.064754 0.066046 0.067348 0.068659 0.069977 0.071304 0.072638 0.073979 0.075327 0.076682 0.078043 0.079410 0.080782 0.082160 0.083543 0.084931 0.086323 0.087719
0.032869 0.034318 0.035168 0.035842 0.036466 0.037078 0.037695 0.038323 0.038968 0.039636 0.040332 0.041063 0.041836 0.042660 0.043545 0.044503 0.045558 0.046664 0.047785 0.048923 0.050076 0.051243 0.052425 0.053621 0.054830 0.056051 0.057285 0.058531 0.059788 0.061056 0.062335 0.063623 0.064921 0.066229 0.067546 0.068871 0.070204 0.071545 0.072893 0.074248 0.075611 0.076979 0.078354 0.079735 0.081121 0.082512 0.083909 0.085310 0.086715 0.088125
0.035040 0.034789 0.035159 0.035709 0.036313 0.036937 0.037571 0.038217 0.038877 0.039556 0.040262 0.041000 0.041780 0.042611 0.043502 0.044468 0.045556 0.046682 0.047825 0.048983 0.050156 0.051343 0.052545 0.053760 0.054987 0.056227 0.057479 0.058743 0.060017 0.061302 0.062597 0.063902 0.065216 0.066539 0.067870 0.069210 0.070557 0.071912 0.073275 0.074644 0.076019 0.077401 0.078789 0.080183 0.081581 0.082985 0.084394 0.085807 0.087225 0.088646
0.033221 0.033975 0.034668 0.035352 0.036033 0.036712 0.037390 0.038072 0.038762 0.039466 0.040193 0.040951 0.041748 0.042595 0.043505 0.044504 0.045636 0.046789 0.047957 0.049140 0.050337 0.051548 0.052772 0.054009 0.055257 0.056517 0.057788 0.059070 0.060362 0.061664 0.062975 0.064296 0.065626 0.066963 0.068309 0.069663 0.071024 0.072393 0.073768 0.075149 0.076537 0.077931 0.079330 0.080735 0.082145 0.083560 0.084979 0.086403 0.087830 0.089262
0.031524 0.033004 0.034030 0.034896 0.035693 0.036454 0.037194 0.037924 0.038654 0.039392 0.040150 0.040936 0.041761 0.042638 0.043579 0.044649 0.045818 0.047001 0.048199 0.049409 0.050633 0.051868 0.053115 0.054373 0.055642 0.056921 0.058211 0.059510 0.060819 0.062137 0.063464 0.064799 0.066142 0.067493 0.068852 0.070218 0.071591 0.072970 0.074356 0.075749 0.077147 0.078550 0.079959 0.081373 0.082792 0.084215 0.085642 0.087074 0.088509 0.089948
0.032283 0.032832 0.033706 0.034599 0.035456 0.036276 0.037066 0.037840 0.038608 0.039383 0.040176 0.040999 0.041864 0.042785 0.043779 0.044933 0.046136 0.047350 0.048576 0.049812 0.051059 0.052316 0.053583 0.054860 0.056146 0.057442 0.058747 0.060061 0.061383 0.062714 0.064053 0.065399 0.066753 0.068115 0.069483 0.070858 0.072240 0.073628 0.075022 0.076422 0.077827 0.079237 0.080652 0.082073 0.083497 0.084926 0.086359 0.087796 0.089236 0.090679
0.031160 0.032563 0.033615 0.034555 0.035436 0.036276 0.037089 0.037888 0.038685 0.039494 0.040327 0.041198 0.042118 0.043099 0.044181 0.045397 0.046627 0.047864 0.049111 0.050365 0.051629 0.052901 0.054182 0.055472 0.056770 0.058076 0.059391 0.060713 0.062044 0.063383 0.064729 0.066082 0.067442 0.068809 0.070183 0.071563 0.072950 0.074342 0.075740 0.077143 0.078552 0.079965 0.081383 0.082806 0.084233 0.085664 0.087098 0.088536 0.089978 0.091422
0.032258 0.033046 0.033947 0.034823 0.035666 0.036485 0.037293 0.038102 0.038926 0.039776 0.040664 0.041602 0.042596 0.043654 0.044836 0.046071 0.047312 0.048558 0.049812 0.051073 0.052342 0.053619 0.054904 0.056197 0.057498 0.058807 0.060124 0.061449 0.062781 0.064121 0.065468 0.066822 0.068183 0.069551 0.070925 0.072305 0.073691 0.075083 0.076480 0.077882 0.079290 0.080702 0.082118 0.083539 0.084963 0.086392 0.087824 0.089259 0.090697 0.092138
0.032672 0.033654 0.034473 0.035259 0.036042 0.036833 0.037642 0.038479 0.039353 0.040273 0.041247 0.042278 0.043363 0.044505 0.045724 0.046947 0.048177 0.049414 0.050659 0.051911 0.053172 0.054442 0.055719 0.057006 0.058300 0.059603 0.060914 0.062233 0.063560 0.064894 0.066235 0.067584 0.068940 0.070302 0.071670 0.073044 0.074425 0.075811 0.077202 0.078598 0.079999 0.081404 0.082814 0.084228 0.085646 0.087067 0.088491 0.089919 0.091349 0.092783
0.033685 0.034209 0.034877 0.035615 0.036398 0.037221 0.038090 0.039012 0.039993 0.041034 0.042130 0.043268 0.044425 0.045595 0.046774 0.047963 0.049163 0.050373 0.051593 0.052824 0.054065 0.055315 0.056576 0.057846 0.059126 0.060414 0.061711 0.063017 0.064331 0.065653 0.066982 0.068319 0.069663 0.071013 0.072370 0.073733 0.075102 0.076476 0.077856 0.079240 0.080629 0.082023 0.083421 0.084822 0.086227 0.087636 0.089048 0.090462 0.091880 0.093299
0.033313 0.034035 0.034865 0.035742 0.036657 0.037621 0.038646 0.039738 0.040892 0.042090 0.043305 0.044500 0.045629 0.046736 0.047863 0.049006 0.050165 0.051339 0.052526 0.053726 0.054939 0.056164 0.057400 0.058647 0.059905 0.061173 0.062450 0.063737 0.065032 0.066335 0.067647 0.068966 0.070292 0.071625 0.072965 0.074311 0.075662 0.077019 0.078381 0.079748 0.081120 0.082496 0.083876 0.085259 0.086646 0.088037 0.089430 0.090826 0.092224 0.093624
0.032054 0.033458 0.034659 0.035792 0.036932 0.038125 0.039387 0.040703 0.042038 0.043342 0.044574 0.045670 0.046703 0.047760 0.048840 0.049940 0.051059 0.052196 0.053349 0.054518 0.055700 0.056896 0.058105 0.059326 0.060558 0.061801 0.063054 0.064316 0.065588 0.066868 0.068157 0.069453 0.070756 0.072067 0.073383 0.074706 0.076035 0.077369 0.078708 0.080051 0.081399 0.082751 0.084107 0.085467 0.086829 0.088195 0.089563 0.090933 0.092306 0.093681
0.032065 0.033481 0.034763 0.036045 0.037396 0.038840 0.040338 0.041808 0.043193 0.044416 0.045500 0.046492 0.047494 0.048520 0.049568 0.050638 0.051726 0.052833 0.053957 0.055096 0.056250 0.057418 0.058599 0.059792 0.060997 0.062213 0.063438 0.064674 0.065918 0.067171 0.068432 0.069700 0.070975 0.072258 0.073546 0.074840 0.076139 0.077444 0.078753 0.080067 0.081385 0.082707 0.084032 0.085360 0.086691 0.088025 0.089361 0.090700 0.092040 0.093383
0.033386 0.034096 0.035178 0.036509 0.038048 0.039680 0.041249 0.042638 0.043872 0.044961 0.045940 0.046912 0.047906 0.048920 0.049953 0.051004 0.052073 0.053158 0.054258 0.055373 0.056502 0.057643 0.058797 0.059962 0.061137 0.062323 0.063519 0.064723 0.065936 0.067157 0.068385 0.069621 0.070862 0.072110 0.073364 0.074622 0.075886 0.077155 0.078427 0.079704 0.080984 0.082268 0.083555 0.084844 0.086137 0.087431 0.088728 0.090027 0.091327 0.092629
0.033189 0.034169 0.035393 0.036915 0.038632 0.040223 0.041646 0.042895 0.043982 0.044959 0.045924 0.046907 0.047905 0.048917 0.049944 0.050984 0.052039 0.053106 0.054186 0.055278 0.056382 0.057496 0.058621 0.059755 0.060899 0.062051 0.063212 0.064381 0.065557 0.066739 0.067929 0.069124 0.070325 0.071531 0.072742 0.073958 0.075178 0.076402 0.077630 0.078861 0.080095 0.081333 0.082572 0.083815 0.085060 0.086306 0.087555 0.088806 0.090058 0.091311
0.032908 0.033929 0.035346 0.037095 0.038772 0.040246 0.041510 0.042592 0.043564 0.044535 0.045516 0.046505 0.047504 0.048513 0.049531 0.050558 0.051595 0.052642 0.053698 0.054763 0.055837 0.056919 0.058009 0.059106 0.060211 0.061323 0.062442 0.063567 0.064697 0.065833 0.066975 0.068121 0.069272 0.070427 0.071586 0.072749 0.073916 0.075086 0.076259 0.077435 0.078613 0.079794 0.080978 0.082163 0.083351 0.084541 0.085732 0.086925 0.088119 0.089315
0.032348 0.033555 0.035177 0.036983 0.038539 0.039832 0.040903 0.041864 0.042834 0.043804 0.044779 0.045758 0.046742 0.047732 0.048728 0.049730 0.050738 0.051752 0.052772 0.053799 0.054831 0.055870 0.056914 0.057963 0.059018 0.060078 0.061143 0.062212 0.063285 0.064363 0.065445 0.066530 0.067619 0.068711 0.069807 0.070905 0.072006 0.073111 0.074217 0.075327 0.076438 0.077552 0.078669 0.079787 0.080907 0.082029 0.083154 0.084279 0.085407 0.086536
0.031608 0.033365 0.035082 0.036733 0.038055 0.039099 0.040027 0.040963 0.041898 0.042835 0.043774 0.044715 0.045659 0.046607 0.047558 0.048512 0.049471 0.050433 0.051399 0.052368 0.053342 0.054319 0.055300 0.056285 0.057273 0.058264 0.059259 0.060257 0.061258 0.062261 0.063268 0.064277 0.065290 0.066304 0.067322 0.068342 0.069365 0.070390 0.071418 0.072449 0.073481 0.074517 0.075554 0.076594 0.077637 0.078681 0.079728 0.080777 0.081828 0.082881
0.033399 0.033859 0.035093 0.036380 0.037368 0.038212 0.039070 0.039931 0.040796 0.041662 0.042530 0.043401 0.044274 0.045149 0.046026 0.046906 0.047788 0.048672 0.049559 0.050448 0.051340 0.052233 0.053129 0.054027 0.054927 0.055830 0.056734 0.057641 0.058550 0.059461 0.060374 0.061290 0.062209 0.063130 0.064054 0.064981 0.065911 0.066844 0.067779 0.068718 0.069660 0.070604 0.071552 0.072503 0.073457 0.074414 0.075374 0.076337 0.077303 0.078272
0.032793 0.033511 0.034707 0.035746 0.036499 0.037246 0.037997 0.038750 0.039507 0.040267 0.041030 0.041796 0.042564 0.043334 0.044106 0.044880 0.045656 0.046433 0.047212 0.047992 0.048774 0.049557 0.050341 0.051127 0.051914 0.052704 0.053495 0.054288 0.055084 0.055882 0.056683 0.057487 0.058295 0.059106 0.059921 0.060739 0.061562 0.062388 0.063219 0.064054 0.064894 0.065738 0.066586 0.067438 0.068295 0.069156 0.070022 0.070891 0.071765 0.072642
0.031178 0.032831 0.034103 0.034898 0.035526 0.036137 0.036746 0.037358 0.037974 0.038594 0.039218 0.039845 0.040475 0.041106 0.041740 0.042375 0.043012 0.043650 0.044289 0.044930 0.045571 0.046214 0.046859 0.047505 0.048154 0.048804 0.049458 0.050116 0.050777 0.051442 0.052112 0.052787 0.053467 0.054153 0.054844 0.055542 0.056245 0.056955 0.057671 0.058393 0.059122 0.059857 0.060598 0.061345 0.062098 0.062858 0.063623 0.064393 0.065170 0.065952
0.033135 0.033177 0.033655 0.034012 0.034406 0.034822 0.035252 0.035690 0.036133 0.036582 0.037033 0.037488 0.037945 0.038404 0.038864 0.039326 0.039790 0.040255 0.040722 0.041191 0.041661 0.042134 0.042610 0.043089 0.043573 0.044062 0.044556 0.045057 0.045566 0.046082 0.046605 0.047138 0.047679 0.048229 0.048788 0.049356 0.049933 0.050519 0.051115 0.051719 0.052333 0.052955 0.053585 0.054224 0.054871 0.055526 0.056189 0.056859 0.057536 0.058220
0.032874 0.032662 0.032710 0.032835 0.033024 0.033241 0.033472 0.033708 0.033948 0.034191 0.034435 0.034681 0.034930 0.035179 0.035431 0.035685 0.035941 0.036199 0.036461 0.036725 0.036995 0.037269 0.037551 0.037840 0.038139 0.038448 0.038768 0.039101 0.039445 0.039803 0.040174 0.040558 0.040955 0.041366 0.041791 0.042228 0.042679 0.043142 0.043617 0.044105 0.044604 0.045115 0.045637 0.046169 0.046711 0.047264 0.047825 0.048396 0.048976 0.049564
0.030878 0.031181 0.031287 0.031364 0.031400 0.031415 0.031419 0.031419 0.031415 0.031412 0.031409 0.031407 0.031408 0.031412 0.031418 0.031428 0.031442 0.031461 0.031487 0.031521 0.031565 0.031621 0.031692 0.031780 0.031885 0.032008 0.032151 0.032314 0.032497 0.032700 0.032922 0.033164 0.033425 0.033705 0.034002 0.034317 0.034648 0.034996 0.035359 0.035738 0.036130 0.036536 0.036956 0.037387 0.037831 0.038286 0.038752 0.039229 0.039715 0.040211
0.029941 0.030228 0.030119 0.029953 0.029712 0.029436 0.029146 0.028849 0.028551 0.028254 0.027960 0.027671 0.027386 0.027107 0.026833 0.026567 0.026309 0.026063 0.025832 0.025619 0.025429 0.025264 0.025128 0.025020 0.024943 0.024896 0.024879 0.024890 0.024931 0.024998 0.025092 0.025211 0.025354 0.025521 0.025709 0.025918 0.026147 0.026395 0.026661 0.026943 0.027241 0.027555 0.027883 0.028224 0.028579 0.028946 0.029324 0.029713 0.030113 0.030523
0.031639 0.030400 0.029447 0.028711 0.028015 0.027340 0.026678 0.026026 0.025384 0.024752 0.024128 0.023515 0.022911 0.022317 0.021736 0.021170 0.020624 0.020104 0.019617 0.019170 0.018768 0.018411 0.018102 0.017839 0.017620 0.017443 0.017306 0.017206 0.017142 0.017110 0.017110 0.017139 0.017195 0.017277 0.017383 0.017512 0.017661 0.017829 0.018016 0.018220 0.018440 0.018676 0.018925 0.019189 0.019465 0.019753 0.020052 0.020362 0.020682 0.021012
0.031643 0.029969 0.028527 0.027311 0.026174 0.025084 0.024026 0.022992 0.021979 0.020983 0.020005 0.019043 0.018098 0.017172 0.016270 0.015404 0.014585 0.013823 0.013131 0.012515 0.011975 0.011507 0.011104 0.010761 0.010473 0.010234 0.010040 0.009887 0.009771 0.009690 0.009640 0.009619 0.009627 0.009659 0.009713 0.009787 0.009880 0.009990 0.010118 0.010261 0.010419 0.010591 0.010775 0.010972 0.011179 0.011397 0.011625 0.011862 0.012107 0.012360
0.030404 0.028718 0.027141 0.025643 0.024157 0.022693 0.021253 0.019838 0.018448 0.017083 0.015742 0.014425 0.013133 0.011879 0.010685 0.009578 0.008570 0.007684 0.006932 0.006299 0.005767 0.005319 0.004943 0.004626 0.004363 0.004145 0.003967 0.003825 0.003715 0.003634 0.003579 0.003552 0.003547 0.003559 0.003585 0.003626 0.003682 0.003753 0.003837 0.003933 0.004040 0.004157 0.004284 0.004420 0.004564 0.004716 0.004875 0.005040 0.005212 0.005389
0.029428 0.027639 0.025809 0.023985 0.022139 0.020303 0.018489 0.016703 0.014947 0.013221 0.011525 0.009862 0.008251 0.006737 0.005394 0.004239 0.003262 0.002548 0.002016 0.001600 0.001265 0.000992 0.000768 0.000583 0.000430 0.000306 0.000206 0.000126 0.000065 0.000021 0.000001 0.000001 0.000000 0.000000 0.000006 0.000026 0.000056 0.000095 0.000141 0.000194 0.000253 0.000317 0.000386 0.000460 0.000538 0.000621 0.000707 0.000796 0.000888 0.000984
0.029861 0.027302 0.024856 0.022534 0.020265 0.018043 0.015865 0.013726 0.011626 0.009562 0.007535 0.005570 0.003771 0.002283 0.001225 0.000422 0.000001 0.000001 0.000001 0.000001 0.000001 0.000001 0.000001 0.000001 0.000001 0.000001 0.000001 0.000001 0.000001 0.000001 0.000001 0.000001 0.000001 0.000001 0.000001 0.000001 0.000001 0.000001 0.000001 0.000001 0.000001 0.000001 0.000001 0.000001 0.000001 0.000001 0.000001 0.000001 0.000001 0.000001
0.030858 0.026944 0.023884 0.021139 0.018513 0.015961 0.013464 0.011015 0.008609 0.006244 0.003937 0.001872 0.000386 0.000001 0.000001 0.000001 0.000001 0.000001 0.000001 0.000001 0.000001 0.000001 0.000001 0.000001 0.000001 0.000001 0.000001 0.000001 0.000001 0.000001 0.000001 0.000001 0.000001 0.000001 0.000001 0.000001 0.000001 0.000001 0.000001 0.000001 0.000001 0.000001 0.000001 0.000001 0.000001 0.000001 0.000001 0.000001 0.000001 0.000001
0.027829 0.025325 0.022538 0.019710 0.016889 0.014101 0.011354 0.008649 0.005987 0.003369 0.000993 0.000001 0.000001 0.000001 0.000001 0.000001 0.000001 0.000001 0.000001 0.000001 0.000001 0.000001 0.000001 0.000001 0.000001 0.000001 0.000001 0.000001 0.000001 0.000001 0.000001 0.000001 0.000001 0.000001 0.000001 0.000001 0.000001 0.000001 0.000001 0.000001 0.000001 0.000001 0.000001 0.000001 0.000001 0.000001 0.000001 0.000001 0.000001 0.000001
0.027797 0.024630 0.021580 0.018555 0.015540 0.012551 0.009600 0.006690 0.003822 0.001043 0.000001 0.000001 0.000001 0.000001 0.000001 0.000001 0.000001 0.000001 0.000001 0.000001 0.000001 0.000001 0.000001 0.000001 0.000001 0.000001 0.000001 0.000001 0.000001 0.000001 0.000001 0.000001 0.000001 0.000001 0.000001 0.000001 0.000001 0.000001 0.000001 0.000001 0.000001 0.000001 0.000001 0.000001 0.000001 0.000001 0.000001 0.000001 0.000001 0.000001
0.028412 0.024476 0.021028 0.017738 0.014516 0.011350 0.008234 0.005166 0.002146 0.000001 0.000001 0.000001 0.000001 0.000001 0.000001 0.000001 0.000001 0.000001 0.000001 0.000001 0.000001 0.000001 0.000001 0.000001 0.000001 0.000001 0.000001 0.000001 0.000001 0.000001 0.000001 0.000001 0.000001 0.000001 0.000001 0.000001 0.000001 0.000001 0.000001 0.000001 0.000001 0.000001 0.000001 0.000001 0.000001 0.000001 0.000001 0.000001 0.000001 0.000001
0.027529 0.023980 0.020491 0.017082 0.013741 0.010465 0.007247 0.004084 0.000971 0.000001 0.000001 0.000001 0.000001 0.000001 0.000001 0.000001 0.000001 0.000001 0.000001 0.000001 0.000001 0.000001 0.000001 0.000001 0.000001 0.000001 0.000001 0.000001 0.000001 0.000001 0.000001 0.000001 0.000001 0.000001 0.000001 0.000001 0.000001 0.000001 0.000001 0.000001 0.000001 0.000001 0.000001 0.000001 0.000001 0.000001 0.000001 0.000001 0.000001 0.000001
0.027798 0.023584 0.019968 0.016534 0.013181 0.009888 0.006649 0.003460 0.000320 0.000001 0.000001 0.000001 0.000001 0.000001 0.000001 0.000001 0.000001 0.000001 0.000001 0.000001 0.000001 0.000001 0.000001 0.000001 0.000001 0.000001 0.000001 0.000001 0.000001 0.000001 0.000001 0.000001 0.000001 0.000001 0.000001 0.000001 0.000001 0.000001 0.000001 0.000001 0.000001 0.000001 0.000001 0.000001 0.000001 0.000001 0.000001 0.000001 0.000001 0.000001
0.025895 0.022704 0.019448 0.016171 0.012905 0.009671 0.006477 0.003325 0.000215 0.000001 0.000001 0.000001 0.000001 0.000001 0.000001 0.000001 0.000001 0.000001 0.000001 0.000001 0.000001 0.000001 0.000001 0.000001 0.000001 0.000001 0.000001 0.000001 0.000001 0.000001 0.000001 0.000001 0.000001 0.000001 0.000001 0.000001 0.000001 0.000001 0.000001 0.000001 0.000001 0.000001 0.000001 0.000001 0.000001 0.000001 0.000001 0.000001 0.000001 0.000001
0.025941 0.022616 0.019397 0.016193 0.013011 0.009863 0.006753 0.003680 0.000643 0.000001 0.000001 0.000001 0.000001 0.000001 0.000001 0.000001 0.000001 0.000001 0.000001 0.000001 0.000001 0.000001 0.000001 0.000001 0.000001 0.000001 0.000001 0.000001 0.000001 0.000001 0.000001 0.000001 0.000001 0.000001 0.000001 0.000001 0.000001 0.000001 0.000001 0.000001 0.000001 0.000001 0.000001 0.000001 0.000001 0.000001 0.000001 0.000001 0.000001 0.000001
0.026735 0.023026 0.019696 0.016521 0.013429 0.010390 0.007392 0.004425 0.001486 0.000001 0.000001 0.000001 0.000001 0.000001 0.000001 0.000001 0.000001 0.000001 0.000001 0.000001 0.000001 0.000001 0.000001 0.000001 0.000001 0.000001 0.000001 0.000001 0.000001 0.000001 0.000001 0.000001 0.000001 0.000001 0.000001 0.000001 0.000001 0.000001 0.000001 0.000001 0.000001 0.000001 0.000001 0.000001 0.000001 0.000001 0.000001 0.000001 0.000001 0.000001
0.025793 0.022814 0.019798 0.016838 0.013927 0.011043 0.008176 0.005323 0.002482 0.000001 0.000001 0.000001 0.000001 0.000001 0.000001 0.000001 0.000001 0.000001 0.000001 0.000001 0.000001 0.000001 0.000001 0.000001 0.000001 0.000001 0.000001 0.000001 0.000001 0.000001 0.000001 0.000001 0.000001 0.000001 0.000001 0.000001 0.000001 0.000001 0.000001 0.000001 0.000001 0.000001 0.000001 0.000001 0.000001 0.000001 0.000001 0.000001 0.000001 0.000001
0.025400 0.022571 0.019687 0.017030 0.014317 0.011567 0.008800 0.006025 0.003248 0.000484 0.000001 0.000001 0.000001 0.000001 0.000001 0.000001 0.000001 0.000001 0.000001 0.000001 0.000001 0.000001 0.000001 0.000001 0.000001 0.000001 0.000001 0.000001 0.000001 0.000001 0.000001 0.000001 0.000001 0.000001 0.000001 0.000001 0.000001 0.000001 0.000001 0.000001 0.000001 0.000001 0.000001 0.000001 0.000001 0.000001 0.000001 0.000001 0.000001 0.000001
