0.168376 0.175223 0.180982 0.185937 0.190334 0.194359 0.198136 0.201747 0.205241 0.208651 0.212001 0.215304 0.218572 0.221816 0.225042 0.228257 0.231468 0.234682 0.237902 0.241135 0.244386 0.247659 0.250960 0.254292 0.257659 0.261067 0.264517 0.268014 0.271562 0.275163 0.278821 0.282539 0.286320 0.290166 0.294081 0.298067 0.302127 0.306262 0.310477 0.314772 0.319150 0.323612 0.328162 0.332801 0.337531 0.342353 0.347269 0.352281 0.357390 0.362598
0.178224 0.182270 0.185973 0.189551 0.193105 0.196651 0.200176 0.203669 0.207123 0.210535 0.213909 0.217249 0.220561 0.223850 0.227124 0.230388 0.233648 0.236910 0.240180 0.243462 0.246763 0.250087 0.253439 0.256822 0.260241 0.263700 0.267202 0.270752 0.274351 0.278005 0.281716 0.285486 0.289320 0.293219 0.297187 0.301227 0.305339 0.309528 0.313796 0.318144 0.322575 0.327091 0.331694 0.336385 0.341167 0.346041 0.351009 0.356072 0.361232 0.366489
0.189400 0.189979 0.191467 0.193900 0.196919 0.200243 0.203704 0.207212 0.210719 0.214205 0.217663 0.221090 0.224491 0.227871 0.231236 0.234592 0.237944 0.241300 0.244664 0.248042 0.251440 0.254862 0.258311 0.261794 0.265313 0.268872 0.272475 0.276126 0.279828 0.283584 0.287398 0.291272 0.295210 0.299213 0.303286 0.307430 0.311647 0.315941 0.320314 0.324767 0.329302 0.333922 0.338629 0.343424 0.348308 0.353284 0.358354 0.363517 0.368776 0.374132
0.191984 0.190686 0.193199 0.196814 0.200698 0.204600 0.208446 0.212223 0.215932 0.219582 0.223181 0.226741 0.230268 0.233773 0.237263 0.240745 0.244225 0.247711 0.251208 0.254721 0.258256 0.261816 0.265406 0.269030 0.272692 0.276396 0.280145 0.283943 0.287792 0.291697 0.295661 0.299686 0.303774 0.307930 0.312155 0.316452 0.320822 0.325269 0.329794 0.334400 0.339088 0.343860 0.348718 0.353663 0.358698 0.363822 0.369039 0.374348 0.379751 0.385250
0.171752 0.185378 0.194196 0.200651 0.205920 0.210555 0.214827 0.218879 0.222788 0.226600 0.230346 0.234045 0.237713 0.241360 0.244997 0.248630 0.252266 0.255913 0.259575 0.263256 0.266962 0.270696 0.274463 0.278265 0.282108 0.285995 0.289928 0.293913 0.297951 0.302047 0.306202 0.310420 0.314703 0.319053 0.323474 0.327966 0.332533 0.337176 0.341897 0.346698 0.351581 0.356547 0.361598 0.366735 0.371960 0.377273 0.382676 0.388171 0.393758 0.399438
0.185189 0.197212 0.204333 0.209769 0.214507 0.218890 0.223066 0.227109 0.231063 0.234956 0.238809 0.242636 0.246448 0.250253 0.254058 0.257869 0.261691 0.265528 0.269384 0.273263 0.277170 0.281109 0.285083 0.289096 0.293153 0.297257 0.301412 0.305619 0.309883 0.314205 0.318589 0.323037 0.327551 0.332133 0.336785 0.341510 0.346308 0.351183 0.356135 0.361166 0.366278 0.371472 0.376749 0.382110 0.387557 0.393090 0.398711 0.404420 0.410219 0.416109
0.230340 0.220550 0.219556 0.221624 0.224818 0.228450 0.232261 0.236149 0.240071 0.244012 0.247964 0.251927 0.255902 0.259888 0.263889 0.267906 0.271941 0.275996 0.280075 0.284182 0.288319 0.292493 0.296707 0.300964 0.305269 0.309624 0.314032 0.318496 0.323017 0.327599 0.332242 0.336950 0.341724 0.346566 0.351479 0.356462 0.361519 0.366650 0.371858 0.377142 0.382505 0.387947 0.393470 0.399074 0.404760 0.410530 0.416384 0.422324 0.428350 0.434462
0.218183 0.223154 0.226603 0.229906 0.233391 0.237077 0.240918 0.244869 0.248897 0.252983 0.257111 0.261273 0.265463 0.269678 0.273915 0.278173 0.282453 0.286756 0.291086 0.295448 0.299846 0.304286 0.308771 0.313303 0.317885 0.322520 0.327210 0.331956 0.336761 0.341625 0.346551 0.351540 0.356595 0.361717 0.366907 0.372167 0.377499 0.382902 0.388378 0.393928 0.399554 0.405255 0.411032 0.416888 0.422822 0.428835 0.434929 0.441105 0.447362 0.453703
0.210535 0.223577 0.230318 0.235268 0.239687 0.243965 0.248232 0.252530 0.256872 0.261256 0.265676 0.270128 0.274605 0.279105 0.283624 0.288161 0.292717 0.297298 0.301911 0.306562 0.311256 0.315995 0.320782 0.325618 0.330506 0.335447 0.340441 0.345490 0.350595 0.355759 0.360982 0.366268 0.371616 0.377029 0.382508 0.388053 0.393665 0.399346 0.405095 0.410914 0.416804 0.422764 0.428797 0.434903 0.441083 0.447339 0.453671 0.460080 0.466567 0.473133
0.240131 0.233426 0.235739 0.240060 0.244766 0.249516 0.254264 0.259017 0.263783 0.268564 0.273358 0.278164 0.282980 0.287803 0.292636 0.297478 0.302337 0.307229 0.312162 0.317138 0.322160 0.327229 0.332345 0.337510 0.342724 0.347987 0.353300 0.358665 0.364083 0.369557 0.375088 0.380678 0.386326 0.392035 0.397805 0.403637 0.409531 0.415487 0.421508 0.427592 0.433741 0.439955 0.446238 0.452589 0.459010 0.465502 0.472066 0.478703 0.485412 0.492195
0.214154 0.230549 0.238135 0.243777 0.249015 0.254187 0.259364 0.264550 0.269738 0.274923 0.280099 0.285266 0.290426 0.295580 0.300732 0.305890 0.311077 0.316311 0.321591 0.326915 0.332283 0.337695 0.343153 0.348655 0.354202 0.359795 0.365433 0.371120 0.376859 0.382649 0.388492 0.394388 0.400339 0.406344 0.412405 0.418521 0.424694 0.430923 0.437210 0.443554 0.449957 0.456422 0.462951 0.469544 0.476202 0.482926 0.489717 0.496574 0.503498 0.510489
0.241735 0.239402 0.242790 0.247607 0.252870 0.258320 0.263852 0.269405 0.274954 0.280484 0.285992 0.291482 0.296958 0.302421 0.307875 0.313353 0.318874 0.324437 0.330046 0.335701 0.341401 0.347146 0.352938 0.358773 0.364653 0.370577 0.376545 0.382558 0.388616 0.394722 0.400876 0.407079 0.413330 0.419631 0.425982 0.432383 0.438835 0.445338 0.451892 0.458499 0.465161 0.471882 0.478660 0.485498 0.492395 0.499351 0.506367 0.513442 0.520578 0.527774
0.233369 0.239446 0.244867 0.250462 0.256235 0.262109 0.267987 0.273844 0.279677 0.285488 0.291275 0.297042 0.302793 0.308531 0.314259 0.320007 0.325804 0.331649 0.337542 0.343484 0.349475 0.355515 0.361603 0.367740 0.373923 0.380154 0.386430 0.392753 0.399121 0.405536 0.411998 0.418506 0.425062 0.431664 0.438314 0.445011 0.451755 0.458547 0.465388 0.472276 0.479213 0.486200 0.493237 0.500327 0.507469 0.514663 0.521910 0.529210 0.536563 0.543970
0.229685 0.239352 0.246707 0.253344 0.259734 0.265994 0.272151 0.278244 0.284296 0.290320 0.296328 0.302323 0.308311 0.314293 0.320274 0.326259 0.332283 0.338367 0.344504 0.350695 0.356940 0.363238 0.369589 0.375991 0.382443 0.388945 0.395497 0.402097 0.408746 0.415442 0.422186 0.428978 0.435816 0.442701 0.449633 0.456611 0.463636 0.470707 0.477825 0.484989 0.492199 0.499455 0.506759 0.514110 0.521509 0.528957 0.536452 0.543996 0.551589 0.559232
0.242186 0.245419 0.251403 0.257765 0.264118 0.270396 0.276607 0.282788 0.288958 0.295131 0.301311 0.307502 0.313704 0.319918 0.326142 0.332377 0.338631 0.344924 0.351269 0.357681 0.364153 0.370682 0.377265 0.383902 0.390593 0.397339 0.404137 0.410987 0.417889 0.424841 0.431842 0.438892 0.445991 0.453138 0.460332 0.467574 0.474863 0.482198 0.489580 0.497009 0.504483 0.512003 0.519570 0.527183 0.534841 0.542546 0.550298 0.558095 0.565940 0.573831
0.239378 0.250487 0.257118 0.263024 0.268943 0.274978 0.281095 0.287288 0.293544 0.299855 0.306211 0.312605 0.319031 0.325486 0.331964 0.338463 0.344982 0.351527 0.358106 0.364732 0.371412 0.378147 0.384937 0.391784 0.398693 0.405661 0.412684 0.419763 0.426895 0.434080 0.441317 0.448605 0.455944 0.463333 0.470772 0.478260 0.485797 0.493382 0.501016 0.508697 0.516426 0.524202 0.532025 0.539895 0.547812 0.555775 0.563785 0.571841 0.579943 0.588091
0.263468 0.259776 0.262667 0.267414 0.272917 0.278846 0.285033 0.291372 0.297822 0.304355 0.310953 0.317602 0.324292 0.331017 0.337772 0.344554 0.351358 0.358185 0.365038 0.371922 0.378845 0.385813 0.392828 0.399893 0.407012 0.414188 0.421422 0.428712 0.436058 0.443459 0.450914 0.458424 0.465988 0.473605 0.481274 0.488996 0.496770 0.504595 0.512471 0.520398 0.528375 0.536402 0.544479 0.552604 0.560779 0.569002 0.577273 0.585591 0.593958 0.602371
0.244071 0.256239 0.262934 0.268948 0.275136 0.281568 0.288189 0.294932 0.301753 0.308631 0.315552 0.322510 0.329500 0.336519 0.343565 0.350634 0.357726 0.364840 0.371979 0.379143 0.386337 0.393565 0.400833 0.408143 0.415498 0.422903 0.430361 0.437873 0.445439 0.453061 0.460738 0.468471 0.476259 0.484103 0.492003 0.499957 0.507966 0.516030 0.524148 0.532319 0.540544 0.548822 0.557152 0.565534 0.573968 0.582453 0.590989 0.599575 0.608211 0.616896
0.257082 0.256773 0.262493 0.269544 0.276814 0.284077 0.291310 0.298528 0.305741 0.312959 0.320188 0.327432 0.334695 0.341979 0.349287 0.356618 0.363973 0.371352 0.378758 0.386190 0.393651 0.401144 0.408672 0.416238 0.423846 0.431498 0.439198 0.446948 0.454750 0.462606 0.470517 0.478484 0.486508 0.494588 0.502725 0.510919 0.519171 0.527479 0.535844 0.544266 0.552744 0.561278 0.569867 0.578512 0.587211 0.595964 0.604771 0.613630 0.622542 0.631506
0.236021 0.251743 0.262855 0.271982 0.280203 0.287988 0.295559 0.303028 0.310453 0.317865 0.325280 0.332709 0.340159 0.347633 0.355136 0.362667 0.370230 0.377825 0.385452 0.393112 0.400807 0.408539 0.416308 0.424117 0.431969 0.439865 0.447808 0.455801 0.463844 0.471941 0.480093 0.488300 0.496564 0.504886 0.513267 0.521705 0.530203 0.538760 0.547376 0.556051 0.564784 0.573576 0.582426 0.591334 0.600299 0.609320 0.618398 0.627532 0.636720 0.645963
0.248126 0.262594 0.271601 0.279331 0.286754 0.294106 0.301450 0.308811 0.316198 0.323619 0.331076 0.338572 0.346109 0.353688 0.361309 0.368973 0.376680 0.384432 0.392227 0.400067 0.407951 0.415881 0.423857 0.431879 0.439950 0.448070 0.456241 0.464464 0.472740 0.481072 0.489459 0.497905 0.506408 0.514971 0.523594 0.532277 0.541021 0.549825 0.558691 0.567618 0.576605 0.585653 0.594761 0.603929 0.613157 0.622444 0.631789 0.641192 0.650652 0.660168
0.295337 0.282946 0.283769 0.288522 0.294643 0.301331 0.308303 0.315446 0.322705 0.330057 0.337486 0.344985 0.352550 0.360177 0.367864 0.375610 0.383415 0.391278 0.399198 0.407174 0.415208 0.423298 0.431444 0.439647 0.447907 0.456223 0.464598 0.473030 0.481522 0.490072 0.498684 0.507355 0.516089 0.524884 0.533742 0.542662 0.551645 0.560692 0.569801 0.578973 0.588208 0.597506 0.606866 0.616288 0.625771 0.635316 0.644920 0.654584 0.664307 0.674089
0.258646 0.278115 0.287306 0.294384 0.301169 0.308036 0.315039 0.322171 0.329415 0.336757 0.344189 0.351703 0.359295 0.366962 0.374702 0.382514 0.390396 0.398348 0.406369 0.414458 0.422616 0.430840 0.439131 0.447489 0.455913 0.464402 0.472958 0.481578 0.490264 0.499016 0.507833 0.516715 0.525664 0.534678 0.543757 0.552903 0.562114 0.571390 0.580733 0.590140 0.599612 0.609149 0.618750 0.628415 0.638143 0.647933 0.657785 0.667699 0.677673 0.687707
0.282757 0.284860 0.291842 0.299308 0.306673 0.313957 0.321231 0.328539 0.335904 0.343337 0.350842 0.358423 0.366081 0.373815 0.381627 0.389517 0.397484 0.405528 0.413649 0.421847 0.430121 0.438471 0.446897 0.455396 0.463970 0.472617 0.481337 0.490130 0.498994 0.507929 0.516936 0.526013 0.535160 0.544377 0.553663 0.563019 0.572443 0.581935 0.591496 0.601124 0.610819 0.620581 0.630409 0.640302 0.650259 0.660281 0.670366 0.680514 0.690723 0.700994
0.276618 0.288189 0.296632 0.304391 0.311967 0.319478 0.326968 0.334468 0.341998 0.349573 0.357205 0.364901 0.372666 0.380506 0.388423 0.396419 0.404494 0.412650 0.420888 0.429206 0.437606 0.446087 0.454648 0.463289 0.472010 0.480809 0.489687 0.498641 0.507673 0.516780 0.525963 0.535221 0.544552 0.553957 0.563435 0.572985 0.582607 0.592299 0.602062 0.611894 0.621795 0.631765 0.641802 0.651907 0.662077 0.672313 0.682613 0.692977 0.703403 0.713892
0.290203 0.295664 0.302441 0.309704 0.317164 0.324717 0.332318 0.339954 0.347628 0.355349 0.363125 0.370963 0.378869 0.386848 0.394903 0.403036 0.411250 0.419545 0.427922 0.436381 0.444923 0.453548 0.462255 0.471045 0.479916 0.488869 0.497902 0.507015 0.516208 0.525480 0.534830 0.544257 0.553761 0.563341 0.572996 0.582725 0.592528 0.602403 0.612351 0.622370 0.632460 0.642620 0.652848 0.663145 0.673508 0.683938 0.694434 0.704994 0.715617 0.726303
0.294573 0.299563 0.306635 0.314176 0.321806 0.329464 0.337162 0.344908 0.352709 0.360572 0.368501 0.376499 0.384569 0.392715 0.400936 0.409236 0.417614 0.426072 0.434611 0.443231 0.451932 0.460714 0.469579 0.478524 0.487552 0.496661 0.505850 0.515120 0.524470 0.533900 0.543409 0.552996 0.562661 0.572403 0.582221 0.592114 0.602083 0.612125 0.622241 0.632429 0.642688 0.653019 0.663418 0.673887 0.684424 0.695027 0.705697 0.716432 0.727230 0.738092
0.285718 0.299982 0.309659 0.317948 0.325807 0.333563 0.341350 0.349210 0.357151 0.365175 0.373279 0.381461 0.389720 0.398054 0.406464 0.414949 0.423510 0.432147 0.440861 0.449653 0.458522 0.467470 0.476496 0.485601 0.494785 0.504049 0.513392 0.522814 0.532315 0.541895 0.551553 0.561289 0.571102 0.580993 0.590960 0.601002 0.611120 0.621312 0.631577 0.641915 0.652325 0.662805 0.673356 0.683976 0.694664 0.705420 0.716241 0.727128 0.738079 0.749092
0.304566 0.308056 0.314454 0.321630 0.329145 0.336872 0.344768 0.352799 0.360941 0.369176 0.377493 0.385888 0.394354 0.402891 0.411498 0.420174 0.428920 0.437737 0.446625 0.455585 0.464619 0.473726 0.482908 0.492165 0.501499 0.510908 0.520395 0.529958 0.539598 0.549315 0.559109 0.568980 0.578927 0.588950 0.599049 0.609223 0.619472 0.629794 0.640190 0.650658 0.661198 0.671808 0.682489 0.693238 0.704056 0.714940 0.725891 0.736906 0.747985 0.759127
0.303004 0.309855 0.316218 0.323410 0.331170 0.339231 0.347467 0.355816 0.364245 0.372741 0.381297 0.389910 0.398581 0.407310 0.416098 0.424947 0.433859 0.442835 0.451876 0.460985 0.470163 0.479410 0.488728 0.498119 0.507582 0.517119 0.526730 0.536416 0.546177 0.556013 0.565924 0.575911 0.585973 0.596110 0.606321 0.616607 0.626967 0.637399 0.647905 0.658482 0.669131 0.679849 0.690637 0.701494 0.712418 0.723409 0.734465 0.745585 0.756768 0.768013
0.303523 0.306203 0.314443 0.323457 0.332417 0.341244 0.349994 0.358713 0.367427 0.376153 0.384905 0.393690 0.402516 0.411388 0.420310 0.429286 0.438320 0.447414 0.456570 0.465790 0.475077 0.484431 0.493854 0.503348 0.512913 0.522550 0.532260 0.542044 0.551901 0.561832 0.571838 0.581918 0.592072 0.602300 0.612603 0.622978 0.633427 0.643948 0.654542 0.665206 0.675941 0.686745 0.697619 0.708560 0.719567 0.730640 0.741778 0.752979 0.764242 0.775566
0.272135 0.299533 0.314319 0.325330 0.335031 0.344203 0.353150 0.362001 0.370813 0.379620 0.388442 0.397292 0.406179 0.415111 0.424093 0.433130 0.442225 0.451380 0.460599 0.469884 0.479235 0.488655 0.498145 0.507706 0.517339 0.527044 0.536822 0.546674 0.556600 0.566600 0.576674 0.586822 0.597044 0.607340 0.617710 0.628153 0.638668 0.649255 0.659914 0.670643 0.681442 0.692310 0.703246 0.714248 0.725316 0.736448 0.747643 0.758901 0.770218 0.781595
0.322258 0.318529 0.323894 0.331608 0.339953 0.348469 0.357051 0.365672 0.374330 0.383026 0.391766 0.400556 0.409400 0.418301 0.427264 0.436291 0.445384 0.454544 0.463774 0.473074 0.482446 0.491891 0.501409 0.511001 0.520667 0.530408 0.540224 0.550115 0.560081 0.570123 0.580240 0.590431 0.600697 0.611038 0.621452 0.631939 0.642499 0.653131 0.663833 0.674605 0.685446 0.696355 0.707331 0.718371 0.729476 0.740644 0.751873 0.763162 0.774510 0.785916
0.316783 0.323496 0.329911 0.337028 0.344658 0.352590 0.360722 0.368996 0.377381 0.385861 0.394428 0.403077 0.411806 0.420614 0.429500 0.438465 0.447508 0.456629 0.465829 0.475107 0.484464 0.493900 0.503413 0.513006 0.522677 0.532426 0.542253 0.552158 0.562140 0.572200 0.582336 0.592549 0.602837 0.613201 0.623638 0.634149 0.644733 0.655388 0.666113 0.676907 0.687769 0.698698 0.709691 0.720748 0.731867 0.743047 0.754286 0.765583 0.776936 0.788345
0.310618 0.322340 0.331402 0.339466 0.347262 0.355058 0.362959 0.370992 0.379152 0.387432 0.395824 0.404322 0.412921 0.421616 0.430406 0.439288 0.448260 0.457320 0.466467 0.475702 0.485021 0.494426 0.503914 0.513486 0.523141 0.532878 0.542696 0.552595 0.562575 0.572633 0.582771 0.592987 0.603279 0.613647 0.624090 0.634607 0.645196 0.655855 0.666584 0.677380 0.688242 0.699169 0.710159 0.721209 0.732320 0.743488 0.754714 0.765994 0.777329 0.788715
0.317776 0.324706 0.332268 0.339900 0.347546 0.355240 0.363033 0.370946 0.378984 0.387142 0.395419 0.403808 0.412306 0.420909 0.429615 0.438420 0.447323 0.456321 0.465412 0.474596 0.483870 0.493235 0.502687 0.512228 0.521854 0.531567 0.541363 0.551244 0.561207 0.571251 0.581376 0.591581 0.601863 0.612221 0.622654 0.633160 0.643737 0.654382 0.665095 0.675874 0.686716 0.697620 0.708584 0.719606 0.730685 0.741819 0.753008 0.764249 0.775540 0.786880
0.318805 0.324207 0.330685 0.337810 0.345263 0.352897 0.360663 0.368554 0.376560 0.384678 0.392906 0.401241 0.409682 0.418227 0.426875 0.435624 0.444472 0.453418 0.462459 0.471596 0.480826 0.490149 0.499563 0.509067 0.518660 0.528341 0.538108 0.547962 0.557900 0.567921 0.578023 0.588205 0.598465 0.608800 0.619208 0.629687 0.640235 0.650848 0.661527 0.672268 0.683069 0.693928 0.704844 0.715815 0.726841 0.737920 0.749050 0.760229 0.771456 0.782730
0.310730 0.317507 0.324981 0.332614 0.340324 0.348097 0.355942 0.363877 0.371904 0.380026 0.388243 0.396559 0.404972 0.413484 0.422094 0.430802 0.439607 0.448510 0.457508 0.466602 0.475789 0.485071 0.494445 0.503910 0.513466 0.523111 0.532845 0.542666 0.552573 0.562562 0.572633 0.582781 0.593006 0.603303 0.613670 0.624104 0.634603 0.645165 0.655789 0.666471 0.677210 0.688003 0.698851 0.709754 0.720709 0.731716 0.742771 0.753874 0.765025 0.776222
0.296649 0.308271 0.317288 0.325516 0.333486 0.341382 0.349284 0.357243 0.365276 0.373392 0.381594 0.389887 0.398272 0.406750 0.415322 0.423989 0.432752 0.441610 0.450562 0.459610 0.468753 0.477989 0.487319 0.496741 0.506255 0.515860 0.525554 0.535336 0.545203 0.555151 0.565178 0.575279 0.585451 0.595693 0.605999 0.616367 0.626798 0.637289 0.647840 0.658445 0.669105 0.679820 0.690591 0.701415 0.712293 0.723224 0.734207 0.745240 0.756322 0.767452
0.298402 0.303226 0.310306 0.317881 0.325582 0.333340 0.341153 0.349040 0.357011 0.365068 0.373214 0.381450 0.389777 0.398196 0.406709 0.415316 0.424018 0.432816 0.441710 0.450700 0.459786 0.468967 0.478243 0.487613 0.497077 0.506634 0.516279 0.526011 0.535825 0.545716 0.555680 0.565712 0.575813 0.585977 0.596202 0.606489 0.616838 0.627248 0.637719 0.648249 0.658836 0.669480 0.680181 0.690937 0.701748 0.712613 0.723531 0.734502 0.745524 0.756596
0.285875 0.294624 0.301949 0.309220 0.316630 0.324168 0.331809 0.339547 0.347386 0.355322 0.363353 0.371479 0.379702 0.388021 0.396437 0.404952 0.413565 0.422278 0.431090 0.440001 0.449012 0.458122 0.467330 0.476636 0.486038 0.495533 0.505115 0.514779 0.524518 0.534329 0.544206 0.554150 0.564163 0.574243 0.584389 0.594599 0.604872 0.615209 0.625608 0.636068 0.646589 0.657169 0.667808 0.678504 0.689257 0.700066 0.710930 0.721848 0.732819 0.743842
0.281188 0.285731 0.292224 0.299275 0.306534 0.313909 0.321375 0.328928 0.336581 0.344337 0.352196 0.360159 0.368227 0.376400 0.384679 0.393064 0.401555 0.410154 0.418858 0.427669 0.436585 0.445606 0.454731 0.463958 0.473282 0.482696 0.492191 0.501759 0.511401 0.521117 0.530906 0.540766 0.550696 0.560696 0.570766 0.580902 0.591106 0.601376 0.611710 0.622108 0.632570 0.643093 0.653678 0.664322 0.675026 0.685787 0.696606 0.707481 0.718412 0.729396
0.264223 0.273124 0.280908 0.288272 0.295500 0.302711 0.309961 0.317280 0.324691 0.332212 0.339849 0.347602 0.355473 0.363462 0.371570 0.379796 0.388139 0.396600 0.405176 0.413867 0.422673 0.431591 0.440619 0.449752 0.458978 0.468284 0.477672 0.487140 0.496686 0.506311 0.516012 0.525789 0.535641 0.545566 0.555563 0.565632 0.575771 0.585980 0.596256 0.606599 0.617008 0.627483 0.638020 0.648621 0.659283 0.670006 0.680788 0.691629 0.702528 0.713483
0.254466 0.263091 0.270244 0.277068 0.283851 0.290679 0.297587 0.304594 0.311711 0.318957 0.326339 0.333857 0.341510 0.349298 0.357219 0.365273 0.373456 0.381769 0.390208 0.398772 0.407459 0.416267 0.425190 0.434210 0.443318 0.452516 0.461799 0.471169 0.480623 0.490159 0.499777 0.509475 0.519253 0.529107 0.539038 0.549045 0.559125 0.569278 0.579502 0.589796 0.600160 0.610591 0.621089 0.631653 0.642281 0.652972 0.663725 0.674540 0.685414 0.696348
0.253608 0.254713 0.259371 0.265076 0.271189 0.277531 0.284050 0.290727 0.297553 0.304530 0.311665 0.318957 0.326404 0.334001 0.341745 0.349634 0.357665 0.365835 0.374142 0.382583 0.391156 0.399855 0.408662 0.417565 0.426565 0.435658 0.444845 0.454122 0.463488 0.472942 0.482482 0.492106 0.501814 0.511603 0.521473 0.531422 0.541448 0.551551 0.561728 0.571979 0.582303 0.592697 0.603161 0.613693 0.624293 0.634958 0.645689 0.656483 0.667340 0.678258
0.229471 0.238779 0.245061 0.250872 0.256761 0.262831 0.269093 0.275537 0.282154 0.288937 0.295885 0.303001 0.310283 0.317726 0.325325 0.333078 0.340979 0.349028 0.357219 0.365552 0.374022 0.382614 0.391311 0.400111 0.409012 0.418012 0.427109 0.436301 0.445587 0.454964 0.464432 0.473989 0.483633 0.493362 0.503175 0.513071 0.523048 0.533104 0.543239 0.553450 0.563737 0.574098 0.584532 0.595037 0.605612 0.616256 0.626968 0.637746 0.648588 0.659495
0.222354 0.224437 0.229257 0.234765 0.240563 0.246571 0.252766 0.259135 0.265672 0.272369 0.279224 0.286236 0.293413 0.300751 0.308247 0.315898 0.323700 0.331652 0.339750 0.347992 0.356373 0.364869 0.373472 0.382182 0.390995 0.399911 0.408927 0.418042 0.427254 0.436562 0.445963 0.455456 0.465039 0.474712 0.484471 0.494317 0.504247 0.514259 0.524354 0.534527 0.544780 0.555109 0.565515 0.575994 0.586546 0.597170 0.607864 0.618627 0.629458 0.640355
0.197311 0.205161 0.211225 0.217132 0.223146 0.229299 0.235591 0.242020 0.248584 0.255285 0.262123 0.269099 0.276219 0.283493 0.290919 0.298497 0.306224 0.314100 0.322121 0.330287 0.338588 0.347000 0.355521 0.364149 0.372883 0.381722 0.390663 0.399705 0.408847 0.418087 0.427423 0.436855 0.446379 0.455995 0.465702 0.475497 0.485380 0.495349 0.505401 0.515537 0.525754 0.536051 0.546426 0.556879 0.567407 0.578010 0.588685 0.599432 0.610249 0.621136
0.183991 0.187520 0.193255 0.199419 0.205701 0.212057 0.218492 0.225015 0.231637 0.238366 0.245209 0.252172 0.259259 0.266481 0.273848 0.281360 0.289019 0.296824 0.304773 0.312866 0.321087 0.329419 0.337860 0.346409 0.355065 0.363827 0.372693 0.381662 0.390732 0.399903 0.409172 0.418539 0.428002 0.437559 0.447209 0.456950 0.466782 0.476702 0.486710 0.496803 0.506980 0.517241 0.527582 0.538004 0.548503 0.559080 0.569733 0.580460 0.591260 0.602131
0.159144 0.169339 0.176575 0.183158 0.189599 0.196031 0.202501 0.209035 0.215649 0.222355 0.229164 0.236082 0.243116 0.250273 0.257562 0.264993 0.272570 0.280290 0.288156 0.296165 0.304298 0.312542 0.320895 0.329357 0.337927 0.346604 0.355387 0.364275 0.373266 0.382360 0.391555 0.400850 0.410243 0.419733 0.429319 0.439000 0.448773 0.458637 0.468592 0.478635 0.488765 0.498981 0.509282 0.519665 0.530129 0.540674 0.551296 0.561996 0.572772 0.583622
0.156450 0.158503 0.163754 0.169709 0.175849 0.182078 0.188386 0.194781 0.201270 0.207861 0.214560 0.221372 0.228302 0.235354 0.242534 0.249851 0.257315 0.264925 0.272682 0.280584 0.288609 0.296745 0.304993 0.313352 0.321821 0.330398 0.339084 0.347877 0.356776 0.365780 0.374888 0.384099 0.393410 0.402822 0.412332 0.421940 0.431643 0.441441 0.451332 0.461315 0.471388 0.481549 0.491798 0.502133 0.512552 0.523054 0.533638 0.544302 0.555044 0.565864
0.137571 0.146685 0.152971 0.158747 0.164525 0.170413 0.176429 0.182573 0.188843 0.195238 0.201758 0.208402 0.215174 0.222075 0.229107 0.236275 0.243590 0.251057 0.258675 0.266442 0.274332 0.282337 0.290456 0.298689 0.307036 0.315494 0.324064 0.332745 0.341534 0.350432 0.359436 0.368547 0.377762 0.387080 0.396501 0.406021 0.415642 0.425360 0.435174 0.445083 0.455086 0.465181 0.475367 0.485642 0.496004 0.506453 0.516986 0.527603 0.538301 0.549080
0.138824 0.140787 0.145016 0.149976 0.155280 0.160812 0.166527 0.172401 0.178424 0.184588 0.190891 0.197331 0.203907 0.210620 0.217471 0.224462 0.231599 0.238893 0.246345 0.253948 0.261676 0.269524 0.277491 0.285576 0.293779 0.302097 0.310531 0.319080 0.327741 0.336515 0.345399 0.354393 0.363495 0.372705 0.382020 0.391439 0.400961 0.410585 0.420309 0.430132 0.440052 0.450067 0.460177 0.470379 0.480672 0.491055 0.501526 0.512084 0.522727 0.533453
0.127971 0.132665 0.137423 0.142413 0.147599 0.152952 0.158458 0.164111 0.169907 0.175846 0.181926 0.188148 0.194511 0.201017 0.207667 0.214462 0.221405 0.228507 0.235772 0.243191 0.250736 0.258407 0.266202 0.274120 0.282160 0.290320 0.298601 0.307001 0.315518 0.324151 0.332899 0.341762 0.350736 0.359823 0.369018 0.378322 0.387734 0.397250 0.406871 0.416594 0.426418 0.436341 0.446363 0.456481 0.466693 0.476999 0.487397 0.497884 0.508461 0.519124
0.119117 0.125498 0.131045 0.136299 0.141499 0.146748 0.152090 0.157550 0.163138 0.168861 0.174724 0.180729 0.186879 0.193174 0.199617 0.206209 0.212952 0.219855 0.226926 0.234147 0.241499 0.248980 0.256591 0.264330 0.272195 0.280186 0.288301 0.296540 0.304901 0.313383 0.321984 0.330703 0.339540 0.348491 0.357557 0.366735 0.376024 0.385423 0.394930 0.404543 0.414261 0.424083 0.434006 0.444030 0.454151 0.464370 0.474684 0.485092 0.495592 0.506182
0.117972 0.122609 0.127397 0.132248 0.137168 0.142178 0.147299 0.152541 0.157915 0.163426 0.169078 0.174874 0.180817 0.186909 0.193151 0.199545 0.206092 0.212801 0.219679 0.226701 0.233858 0.241150 0.248574 0.256130 0.263818 0.271635 0.279581 0.287654 0.295854 0.304179 0.312628 0.321199 0.329891 0.338702 0.347631 0.356677 0.365839 0.375113 0.384500 0.393996 0.403602 0.413315 0.423133 0.433055 0.443079 0.453204 0.463428 0.473748 0.484165 0.494675
0.118335 0.121545 0.125439 0.129711 0.134226 0.138926 0.143788 0.148800 0.153960 0.159268 0.164722 0.170326 0.176079 0.181983 0.188040 0.194251 0.200618 0.207148 0.213842 0.220676 0.227647 0.234756 0.242001 0.249382 0.256897 0.264545 0.272325 0.280237 0.288278 0.296449 0.304746 0.313170 0.321718 0.330389 0.339182 0.348095 0.357127 0.366276 0.375541 0.384919 0.394410 0.404011 0.413722 0.423539 0.433462 0.443489 0.453619 0.463848 0.474177 0.484602
0.115841 0.119636 0.123553 0.127664 0.131974 0.136468 0.141134 0.145961 0.150944 0.156080 0.161367 0.166805 0.172395 0.178137 0.184034 0.190085 0.196294 0.202667 0.209191 0.215856 0.222661 0.229604 0.236686 0.243905 0.251261 0.258753 0.266379 0.274140 0.282033 0.290057 0.298212 0.306496 0.314907 0.323445 0.332107 0.340892 0.349800 0.358827 0.367973 0.377236 0.386614 0.396106 0.405710 0.415424 0.425247 0.435176 0.445211 0.455349 0.465588 0.475928
0.113254 0.117474 0.121565 0.125722 0.130002 0.134422 0.138989 0.143704 0.148566 0.153577 0.158737 0.164047 0.169507 0.175119 0.180885 0.186807 0.192885 0.199123 0.205503 0.212024 0.218685 0.225486 0.232426 0.239505 0.246722 0.254076 0.261567 0.269193 0.276954 0.284848 0.292874 0.301031 0.309318 0.317734 0.326276 0.334944 0.343736 0.352651 0.361686 0.370841 0.380113 0.389502 0.399005 0.408620 0.418347 0.428183 0.438126 0.448176 0.458329 0.468584
0.112285 0.115796 0.119804 0.123977 0.128261 0.132659 0.137180 0.141832 0.146619 0.151547 0.156617 0.161834 0.167198 0.172713 0.178380 0.184202 0.190180 0.196306 0.202571 0.208976 0.215522 0.222207 0.229031 0.235995 0.243097 0.250336 0.257713 0.265227 0.272875 0.280658 0.288574 0.296623 0.304802 0.313111 0.321549 0.330113 0.338803 0.347617 0.356554 0.365611 0.374788 0.384083 0.393494 0.403020 0.412658 0.422407 0.432266 0.442232 0.452304 0.462480
0.109346 0.114142 0.118372 0.122553 0.126807 0.131167 0.135644 0.140246 0.144978 0.149847 0.154855 0.160007 0.165305 0.170752 0.176350 0.182102 0.188005 0.194046 0.200226 0.206545 0.213003 0.219600 0.226337 0.233211 0.240224 0.247374 0.254661 0.262084 0.269643 0.277336 0.285163 0.293122 0.301213 0.309434 0.317784 0.326261 0.334865 0.343593 0.352445 0.361419 0.370514 0.379727 0.389057 0.398503 0.408062 0.417734 0.427517 0.437408 0.447407 0.457510
0.111032 0.113836 0.117497 0.121472 0.125621 0.129909 0.134327 0.138876 0.143561 0.148385 0.153350 0.158459 0.163716 0.169122 0.174678 0.180388 0.186238 0.192222 0.198345 0.204605 0.211004 0.217540 0.224214 0.231025 0.237973 0.245058 0.252279 0.259635 0.267127 0.274752 0.282510 0.290400 0.298421 0.306573 0.314853 0.323260 0.331794 0.340453 0.349235 0.358140 0.367165 0.376309 0.385571 0.394949 0.404441 0.414046 0.423762 0.433587 0.443521 0.453560
0.108250 0.112475 0.116445 0.120447 0.124550 0.128779 0.133145 0.137652 0.142303 0.147099 0.152042 0.157133 0.162372 0.167761 0.173301 0.178990 0.184808 0.190762 0.196852 0.203078 0.209440 0.215939 0.222574 0.229344 0.236250 0.243291 0.250467 0.257778 0.265221 0.272798 0.280506 0.288346 0.296316 0.304415 0.312642 0.320996 0.329475 0.338079 0.346806 0.355655 0.364624 0.373712 0.382918 0.392239 0.401675 0.411223 0.420883 0.430652 0.440529 0.450512
0.107864 0.111681 0.115549 0.119469 0.123506 0.127689 0.132029 0.136524 0.141173 0.145972 0.150921 0.156018 0.161263 0.166657 0.172202 0.177883 0.183692 0.189635 0.195712 0.201923 0.208268 0.214748 0.221362 0.228110 0.234991 0.242006 0.249154 0.256435 0.263848 0.271392 0.279067 0.286871 0.294804 0.302866 0.311054 0.319368 0.327807 0.336369 0.345054 0.353859 0.362784 0.371827 0.380988 0.390263 0.399652 0.409153 0.418766 0.428487 0.438316 0.448250
0.107684 0.111177 0.114665 0.118410 0.122403 0.126603 0.130982 0.135521 0.140212 0.145049 0.150030 0.155155 0.160424 0.165839 0.171400 0.177085 0.182899 0.188844 0.194920 0.201129 0.207469 0.213942 0.220548 0.227285 0.234155 0.241156 0.248288 0.255551 0.262945 0.270468 0.278121 0.285902 0.293810 0.301845 0.310006 0.318291 0.326699 0.335230 0.343882 0.352654 0.361544 0.370552 0.379675 0.388913 0.398264 0.407726 0.417298 0.426979 0.436767 0.446659
0.107932 0.109826 0.113176 0.117096 0.121288 0.125653 0.130156 0.134788 0.139548 0.144439 0.149461 0.154619 0.159916 0.165355 0.170931 0.176625 0.182448 0.188400 0.194482 0.200693 0.207035 0.213508 0.220111 0.226844 0.233708 0.240702 0.247826 0.255079 0.262461 0.269972 0.277609 0.285374 0.293265 0.301281 0.309421 0.317685 0.326070 0.334577 0.343203 0.351948 0.360811 0.369789 0.378882 0.388089 0.397407 0.406836 0.416374 0.426019 0.435770 0.445626
0.100641 0.106395 0.111426 0.116109 0.120671 0.125230 0.129842 0.134540 0.139342 0.144260 0.149303 0.154477 0.159789 0.165242 0.170821 0.176523 0.182352 0.188309 0.194394 0.200608 0.206952 0.213425 0.220027 0.226758 0.233619 0.240608 0.247726 0.254972 0.262346 0.269846 0.277473 0.285225 0.293102 0.301103 0.309227 0.317473 0.325840 0.334326 0.342931 0.351653 0.360492 0.369445 0.378512 0.387691 0.396980 0.406379 0.415886 0.425499 0.435217 0.445038
0.100268 0.107165 0.112200 0.116754 0.121208 0.125686 0.130238 0.134890 0.139656 0.144547 0.149571 0.154733 0.160038 0.165487 0.171061 0.176762 0.182590 0.188546 0.194631 0.200844 0.207186 0.213656 0.220256 0.226983 0.233840 0.240824 0.247936 0.255174 0.262540 0.270031 0.277648 0.285388 0.293253 0.301240 0.309349 0.317578 0.325927 0.334395 0.342979 0.351680 0.360496 0.369426 0.378467 0.387620 0.396882 0.406252 0.415728 0.425310 0.434995 0.444783
0.113519 0.112644 0.115125 0.118655 0.122605 0.126793 0.131160 0.135685 0.140362 0.145189 0.150169 0.155302 0.160591 0.166027 0.171591 0.177284 0.183105 0.189055 0.195134 0.201342 0.207679 0.214144 0.220738 0.227460 0.234309 0.241286 0.248390 0.255620 0.262975 0.270456 0.278060 0.285788 0.293639 0.301611 0.309704 0.317916 0.326246 0.334694 0.343258 0.351937 0.360729 0.369634 0.378649 0.387774 0.397008 0.406348 0.415793 0.425343 0.434994 0.444747
0.106493 0.112344 0.116270 0.119983 0.123841 0.127899 0.132152 0.136588 0.141198 0.145979 0.150928 0.156046 0.161331 0.166755 0.172310 0.177994 0.183808 0.189751 0.195822 0.202023 0.208353 0.214810 0.221396 0.228109 0.234950 0.241917 0.249010 0.256228 0.263571 0.271038 0.278629 0.286341 0.294175 0.302130 0.310204 0.318396 0.326705 0.335131 0.343671 0.352325 0.361091 0.369969 0.378955 0.388050 0.397252 0.406560 0.415971 0.425485 0.435100 0.444814
0.111042 0.113421 0.116849 0.120585 0.124512 0.128613 0.132885 0.137329 0.141945 0.146735 0.151700 0.156839 0.162133 0.167555 0.173107 0.178788 0.184597 0.190535 0.196601 0.202795 0.209116 0.215565 0.222142 0.228844 0.235673 0.242628 0.249708 0.256912 0.264240 0.271690 0.279263 0.286957 0.294771 0.302704 0.310756 0.318924 0.327209 0.335608 0.344121 0.352746 0.361481 0.370327 0.379281 0.388341 0.397507 0.406777 0.416150 0.425624 0.435197 0.444869
0.109182 0.112840 0.116640 0.120615 0.124724 0.128959 0.133331 0.137855 0.142540 0.147394 0.152417 0.157595 0.162901 0.168332 0.173889 0.179572 0.185381 0.191316 0.197377 0.203565 0.209879 0.216319 0.222884 0.229575 0.236391 0.243330 0.250394 0.257580 0.264889 0.272319 0.279870 0.287541 0.295331 0.303238 0.311263 0.319403 0.327657 0.336025 0.344505 0.353095 0.361795 0.370604 0.379518 0.388539 0.397663 0.406890 0.416218 0.425645 0.435170 0.444793
0.107485 0.112018 0.116349 0.120597 0.124859 0.129202 0.133669 0.138284 0.143054 0.147982 0.153060 0.158263 0.163584 0.169026 0.174590 0.180276 0.186086 0.192018 0.198075 0.204255 0.210560 0.216988 0.223540 0.230216 0.237014 0.243936 0.250979 0.258143 0.265429 0.272834 0.280359 0.288001 0.295761 0.303638 0.311629 0.319734 0.327953 0.336283 0.344723 0.353273 0.361930 0.370694 0.379563 0.388536 0.397611 0.406787 0.416062 0.425436 0.434906 0.444471
0.108250 0.112761 0.116914 0.121026 0.125219 0.129557 0.134058 0.138723 0.143550 0.148525 0.153621 0.158832 0.164160 0.169605 0.175169 0.180854 0.186658 0.192583 0.198630 0.204799 0.211089 0.217501 0.224035 0.230691 0.237467 0.244365 0.251382 0.258519 0.265776 0.273150 0.280642 0.288250 0.295974 0.303812 0.311763 0.319827 0.328002 0.336286 0.344680 0.353180 0.361787 0.370498 0.379313 0.388229 0.397246 0.406363 0.415577 0.424887 0.434292 0.443791
0.112067 0.114588 0.117889 0.121623 0.125671 0.129970 0.134481 0.139178 0.144028 0.148999 0.154086 0.159288 0.164607 0.170042 0.175595 0.181265 0.187055 0.192963 0.198992 0.205140 0.211409 0.217797 0.224306 0.230934 0.237682 0.244548 0.251533 0.258636 0.265855 0.273191 0.280643 0.288208 0.295888 0.303679 0.311583 0.319596 0.327718 0.335948 0.344285 0.352727 0.361274 0.369923 0.378673 0.387523 0.396472 0.405519 0.414661 0.423898 0.433228 0.442650
0.111268 0.114316 0.117861 0.121746 0.125906 0.130289 0.134861 0.139581 0.144415 0.149363 0.154425 0.159602 0.164895 0.170303 0.175829 0.181473 0.187235 0.193115 0.199114 0.205232 0.211469 0.217825 0.224299 0.230891 0.237601 0.244428 0.251372 0.258431 0.265605 0.272894 0.280296 0.287810 0.295435 0.303170 0.311015 0.318968 0.327027 0.335192 0.343462 0.351835 0.360309 0.368885 0.377560 0.386333 0.395202 0.404167 0.413227 0.422379 0.431622 0.440956
0.108034 0.112805 0.117269 0.121631 0.126039 0.130553 0.135164 0.139863 0.144663 0.149570 0.154590 0.159724 0.164975 0.170342 0.175828 0.181432 0.187155 0.192996 0.198956 0.205033 0.211229 0.217542 0.223973 0.230520 0.237182 0.243960 0.250852 0.257858 0.264976 0.272207 0.279548 0.286999 0.294559 0.302227 0.310001 0.317881 0.325866 0.333954 0.342144 0.350435 0.358826 0.367316 0.375903 0.384586 0.393363 0.402235 0.411199 0.420254 0.429398 0.438631
0.108126 0.113246 0.117700 0.122010 0.126375 0.130824 0.135349 0.139971 0.144701 0.149545 0.154506 0.159586 0.164785 0.170103 0.175541 0.181098 0.186774 0.192569 0.198481 0.204511 0.210657 0.216919 0.223296 0.229788 0.236393 0.243111 0.249941 0.256882 0.263933 0.271093 0.278362 0.285737 0.293219 0.300806 0.308497 0.316292 0.324188 0.332185 0.340283 0.348479 0.356772 0.365162 0.373648 0.382228 0.390901 0.399665 0.408521 0.417466 0.426499 0.435620
0.113417 0.115722 0.118905 0.122611 0.126647 0.130870 0.135245 0.139761 0.144410 0.149187 0.154091 0.159118 0.164268 0.169539 0.174929 0.180439 0.186067 0.191811 0.197671 0.203647 0.209736 0.215939 0.222254 0.228681 0.235218 0.241865 0.248621 0.255484 0.262455 0.269531 0.276713 0.284000 0.291389 0.298881 0.306475 0.314169 0.321963 0.329855 0.337846 0.345932 0.354115 0.362392 0.370763 0.379226 0.387781 0.396426 0.405161 0.413983 0.422893 0.431889
0.113344 0.115533 0.118610 0.122225 0.126148 0.130284 0.134598 0.139067 0.143678 0.148422 0.153294 0.158288 0.163404 0.168637 0.173988 0.179453 0.185033 0.190726 0.196531 0.202446 0.208472 0.214607 0.220850 0.227201 0.233658 0.240221 0.246889 0.253662 0.260538 0.267516 0.274597 0.281779 0.289061 0.296444 0.303925 0.311504 0.319181 0.326955 0.334824 0.342788 0.350845 0.358996 0.367239 0.375574 0.383998 0.392511 0.401113 0.409802 0.418577 0.427437
0.107525 0.112397 0.116475 0.120546 0.124697 0.128968 0.133364 0.137884 0.142525 0.147283 0.152155 0.157141 0.162237 0.167444 0.172759 0.178182 0.183713 0.189350 0.195093 0.200941 0.206893 0.212949 0.219108 0.225369 0.231733 0.238197 0.244763 0.251429 0.258195 0.265060 0.272025 0.279087 0.286248 0.293506 0.300860 0.308311 0.315857 0.323498 0.331234 0.339062 0.346983 0.354996 0.363100 0.371294 0.379578 0.387950 0.396409 0.404954 0.413585 0.422301
0.107461 0.110109 0.114135 0.118456 0.122852 0.127309 0.131837 0.136447 0.141145 0.145935 0.150819 0.155801 0.160879 0.166056 0.171332 0.176705 0.182178 0.187748 0.193417 0.199184 0.205048 0.211010 0.217069 0.223225 0.229478 0.235829 0.242276 0.248820 0.255460 0.262197 0.269031 0.275960 0.282985 0.290106 0.297322 0.304632 0.312036 0.319534 0.327125 0.334808 0.342583 0.350449 0.358406 0.366452 0.374586 0.382809 0.391118 0.399513 0.407994 0.416558
0.100923 0.107306 0.112210 0.116791 0.121318 0.125862 0.130452 0.135100 0.139816 0.144607 0.149478 0.154433 0.159472 0.164599 0.169815 0.175119 0.180513 0.185998 0.191573 0.197239 0.202995 0.208844 0.214785 0.220818 0.226944 0.233164 0.239477 0.245885 0.252386 0.258982 0.265673 0.272458 0.279338 0.286311 0.293379 0.300541 0.307795 0.315143 0.322583 0.330115 0.337738 0.345452 0.353256 0.361149 0.369130 0.377199 0.385355 0.393597 0.401924 0.410335
0.106264 0.108089 0.111888 0.116131 0.120514 0.124973 0.129497 0.134087 0.138747 0.143479 0.148286 0.153170 0.158133 0.163176 0.168300 0.173506 0.178795 0.184167 0.189623 0.195165 0.200793 0.206508 0.212312 0.218206 0.224190 0.230266 0.236434 0.242694 0.249048 0.255495 0.262036 0.268670 0.275399 0.282221 0.289137 0.296147 0.303249 0.310444 0.317731 0.325110 0.332580 0.340141 0.347792 0.355531 0.363359 0.371275 0.379277 0.387366 0.395539 0.403797
0.101766 0.107420 0.111874 0.116078 0.120301 0.124599 0.128979 0.133440 0.137981 0.142599 0.147293 0.152063 0.156910 0.161833 0.166832 0.171909 0.177063 0.182296 0.187610 0.193007 0.198488 0.204054 0.209709 0.215452 0.221286 0.227211 0.233228 0.239338 0.245541 0.251838 0.258229 0.264713 0.271292 0.277964 0.284730 0.291590 0.298543 0.305588 0.312726 0.319955 0.327275 0.334686 0.342187 0.349777 0.357455 0.365221 0.373074 0.381013 0.389037 0.397145
0.106230 0.108982 0.112520 0.116347 0.120348 0.124473 0.128699 0.133014 0.137413 0.141890 0.146444 0.151073 0.155775 0.160551 0.165399 0.170322 0.175320 0.180397 0.185553 0.190793 0.196118 0.201531 0.207034 0.212627 0.218312 0.224089 0.229960 0.235925 0.241983 0.248136 0.254383 0.260724 0.267160 0.273690 0.280314 0.287031 0.293842 0.300745 0.307741 0.314828 0.322006 0.329275 0.336634 0.344082 0.351618 0.359242 0.366952 0.374749 0.382631 0.390596
0.106695 0.109004 0.112495 0.116311 0.120264 0.124304 0.128421 0.132613 0.136877 0.141214 0.145621 0.150098 0.154645 0.159260 0.163945 0.168704 0.173540 0.178455 0.183456 0.188543 0.193721 0.198990 0.204352 0.209806 0.215355 0.220997 0.226734 0.232566 0.238492 0.244514 0.250630 0.256840 0.263146 0.269545 0.276039 0.282626 0.289306 0.296079 0.302943 0.309900 0.316947 0.324085 0.331313 0.338629 0.346034 0.353526 0.361105 0.368769 0.376519 0.384352
0.100737 0.107191 0.111855 0.115978 0.119971 0.123963 0.127993 0.132078 0.136222 0.140427 0.144694 0.149022 0.153413 0.157869 0.162395 0.166999 0.171685 0.176458 0.181324 0.186282 0.191334 0.196481 0.201722 0.207058 0.212488 0.218014 0.223635 0.229350 0.235161 0.241067 0.247068 0.253163 0.259353 0.265637 0.272014 0.278485 0.285049 0.291705 0.298453 0.305293 0.312223 0.319243 0.326353 0.333551 0.340838 0.348212 0.355672 0.363217 0.370847 0.378561
0.106701 0.108802 0.112106 0.115748 0.119532 0.123396 0.127322 0.131300 0.135331 0.139413 0.143547 0.147734 0.151980 0.156293 0.160685 0.165165 0.169734 0.174400 0.179162 0.184019 0.188971 0.194017 0.199158 0.204395 0.209726 0.215153 0.220674 0.226291 0.232002 0.237809 0.243710 0.249706 0.255796 0.261980 0.268257 0.274628 0.281091 0.287646 0.294293 0.301032 0.307860 0.314779 0.321787 0.328883 0.336067 0.343338 0.350695 0.358137 0.365664 0.373274
0.105586 0.108170 0.111415 0.114971 0.118679 0.122466 0.126305 0.130188 0.134112 0.138078 0.142087 0.146146 0.150270 0.154477 0.158779 0.163173 0.167659 0.172238 0.176911 0.181680 0.186544 0.191503 0.196558 0.201708 0.206953 0.212294 0.217731 0.223263 0.228890 0.234613 0.240430 0.246342 0.252348 0.258449 0.264643 0.270930 0.277310 0.283782 0.290346 0.297001 0.303746 0.310581 0.317506 0.324518 0.331619 0.338806 0.346079 0.353437 0.360880 0.368406
0.100704 0.105419 0.109642 0.113559 0.117356 0.121119 0.124887 0.128677 0.132497 0.136351 0.140245 0.144201 0.148248 0.152384 0.156611 0.160932 0.165345 0.169853 0.174454 0.179151 0.183943 0.188831 0.193815 0.198895 0.204070 0.209342 0.214710 0.220173 0.225733 0.231388 0.237138 0.242983 0.248922 0.254956 0.261084 0.267306 0.273620 0.280026 0.286524 0.293114 0.299794 0.306564 0.313422 0.320370 0.327405 0.334526 0.341734 0.349027 0.356404 0.363864
0.099406 0.104422 0.108414 0.112118 0.115753 0.119384 0.123035 0.126715 0.130429 0.134178 0.137981 0.141874 0.145858 0.149935 0.154104 0.158368 0.162725 0.167177 0.171725 0.176367 0.181106 0.185941 0.190872 0.195900 0.201024 0.206244 0.211561 0.216974 0.222483 0.228088 0.233789 0.239584 0.245475 0.251460 0.257539 0.263712 0.269978 0.276336 0.282786 0.289328 0.295960 0.302681 0.309492 0.316391 0.323378 0.330452 0.337611 0.344855 0.352184 0.359596
0.104729 0.104865 0.107247 0.110329 0.113670 0.117129 0.120657 0.124238 0.127863 0.131532 0.135285 0.139132 0.143073 0.147109 0.151240 0.155466 0.159787 0.164203 0.168715 0.173324 0.178029 0.182830 0.187728 0.192723 0.197814 0.203002 0.208286 0.213667 0.219144 0.224717 0.230386 0.236150 0.242009 0.247963 0.254010 0.260152 0.266386 0.272713 0.279131 0.285641 0.292241 0.298931 0.305710 0.312577 0.319532 0.326573 0.333700 0.340912 0.348207 0.355586
0.095762 0.100294 0.103925 0.107338 0.110744 0.114190 0.117685 0.121226 0.124811 0.128450 0.132183 0.136011 0.139935 0.143954 0.148069 0.152279 0.156585 0.160986 0.165484 0.170078 0.174769 0.179556 0.184440 0.189420 0.194497 0.199670 0.204940 0.210306 0.215769 0.221327 0.226980 0.232729 0.238573 0.244511 0.250543 0.256668 0.262886 0.269197 0.275599 0.282092 0.288675 0.295347 0.302109 0.308958 0.315895 0.322918 0.330026 0.337219 0.344495 0.351854
0.091996 0.096446 0.100180 0.103714 0.107211 0.110715 0.114245 0.117806 0.121400 0.125052 0.128797 0.132635 0.136567 0.140594 0.144715 0.148931 0.153242 0.157649 0.162151 0.166749 0.171443 0.176234 0.181120 0.186103 0.191181 0.196356 0.201627 0.206994 0.212456 0.218014 0.223667 0.229414 0.235256 0.241192 0.247222 0.253344 0.259559 0.265866 0.272264 0.278752 0.285331 0.291998 0.298754 0.305597 0.312527 0.319543 0.326644 0.333829 0.341097 0.348448
0.093013 0.093717 0.096589 0.099976 0.103493 0.107051 0.110633 0.114240 0.117875 0.121564 0.125343 0.129211 0.133172 0.137224 0.141370 0.145609 0.149942 0.154369 0.158890 0.163507 0.168218 0.173025 0.177927 0.182925 0.188017 0.193206 0.198489 0.203868 0.209342 0.214910 0.220573 0.226330 0.232180 0.238125 0.244161 0.250291 0.256512 0.262825 0.269228 0.275721 0.282303 0.288974 0.295733 0.302579 0.309511 0.316528 0.323630 0.330816 0.338084 0.345434
0.081599 0.088209 0.092554 0.096319 0.099950 0.103564 0.107196 0.110853 0.114540 0.118274 0.122095 0.126004 0.130002 0.134090 0.138270 0.142541 0.146905 0.151361 0.155911 0.160554 0.165291 0.170122 0.175048 0.180067 0.185182 0.190390 0.195693 0.201091 0.206582 0.212167 0.217846 0.223619 0.229484 0.235442 0.241492 0.247634 0.253868 0.260191 0.266605 0.273108 0.279700 0.286380 0.293147 0.300000 0.306940 0.313964 0.321072 0.328263 0.335536 0.342891
0.085406 0.086980 0.090020 0.093429 0.096973 0.100588 0.104254 0.107959 0.111700 0.115481 0.119342 0.123290 0.127326 0.131451 0.135665 0.139970 0.144365 0.148852 0.153431 0.158103 0.162867 0.167724 0.172674 0.177717 0.182854 0.188085 0.193409 0.198826 0.204337 0.209941 0.215637 0.221427 0.227308 0.233282 0.239347 0.245503 0.251749 0.258086 0.264512 0.271027 0.277630 0.284320 0.291097 0.297960 0.304909 0.311941 0.319057 0.326256 0.333536 0.340897
0.081317 0.084308 0.087578 0.091057 0.094661 0.098338 0.102064 0.105828 0.109625 0.113452 0.117344 0.121322 0.125387 0.129541 0.133783 0.138114 0.142535 0.147047 0.151650 0.156345 0.161131 0.166009 0.170980 0.176043 0.181199 0.186447 0.191788 0.197222 0.202749 0.208368 0.214079 0.219883 0.225778 0.231764 0.237842 0.244010 0.250268 0.256615 0.263052 0.269576 0.276189 0.282888 0.289674 0.296545 0.303501 0.310541 0.317664 0.324869 0.332156 0.339523
0.077221 0.081564 0.085626 0.089492 0.093293 0.097080 0.100876 0.104690 0.108526 0.112387 0.116295 0.120288 0.124369 0.128538 0.132795 0.137141 0.141577 0.146103 0.150719 0.155426 0.160225 0.165115 0.170097 0.175171 0.180337 0.185596 0.190947 0.196390 0.201926 0.207553 0.213273 0.219084 0.224987 0.230981 0.237065 0.243240 0.249504 0.255858 0.262300 0.268831 0.275449 0.282153 0.288944 0.295820 0.302780 0.309825 0.316952 0.324161 0.331451 0.338822
