0.056206 0.072064 0.087899 0.103670 0.119343 0.134892 0.150297 0.165541 0.180612 0.195501 0.210202 0.224709 0.239018 0.253127 0.267033 0.280735 0.294231 0.307523 0.320609 0.333490 0.346166 0.358640 0.370912 0.382984 0.394857 0.406533 0.418015 0.429303 0.440401 0.451309 0.462030 0.472565 0.482916 0.493086 0.503075 0.512886 0.522520 0.531978 0.541263 0.550377 0.559319 0.568093 0.576698 0.585138 0.593413 0.601524 0.609473 0.617262 0.624890 0.632360
0.053653 0.069876 0.085930 0.101785 0.117438 0.132888 0.148133 0.163171 0.178002 0.192623 0.207034 0.221234 0.235224 0.249004 0.262573 0.275933 0.289084 0.302028 0.314766 0.327301 0.339633 0.351765 0.363699 0.375437 0.386981 0.398335 0.409498 0.420475 0.431266 0.441874 0.452300 0.462548 0.472617 0.482511 0.492230 0.501777 0.511154 0.520361 0.529400 0.538273 0.546981 0.555525 0.563908 0.572129 0.580192 0.588096 0.595843 0.603434 0.610871 0.618154
0.049924 0.066505 0.082538 0.098214 0.113575 0.128643 0.143434 0.157959 0.172230 0.186255 0.200041 0.213594 0.226919 0.240020 0.252903 0.265570 0.278026 0.290275 0.302321 0.314167 0.325818 0.337276 0.348546 0.359630 0.370531 0.381251 0.391794 0.402162 0.412356 0.422379 0.432233 0.441920 0.451441 0.460798 0.469994 0.479028 0.487904 0.496621 0.505183 0.513589 0.521842 0.529942 0.537891 0.545689 0.553339 0.560841 0.568195 0.575404 0.582468 0.589387
0.047769 0.062898 0.078089 0.092979 0.107519 0.121719 0.135597 0.149175 0.162469 0.175492 0.188258 0.200777 0.213058 0.225110 0.236941 0.248560 0.259972 0.271185 0.282206 0.293040 0.303693 0.314170 0.324475 0.334611 0.344583 0.354392 0.364042 0.373534 0.382872 0.392057 0.401091 0.409975 0.418712 0.427303 0.435749 0.444052 0.452212 0.460232 0.468111 0.475852 0.483454 0.490920 0.498250 0.505445 0.512505 0.519432 0.526226 0.532889 0.539420 0.545820
0.043154 0.058164 0.072232 0.085749 0.098856 0.111606 0.124030 0.136152 0.147991 0.159560 0.170876 0.181950 0.192796 0.203425 0.213848 0.224075 0.234117 0.243983 0.253681 0.263218 0.272599 0.281830 0.290915 0.299858 0.308660 0.317327 0.325858 0.334257 0.342526 0.350666 0.358678 0.366564 0.374325 0.381962 0.389477 0.396870 0.404142 0.411294 0.418327 0.425240 0.432036 0.438714 0.445274 0.451718 0.458046 0.464258 0.470355 0.476337 0.482204 0.487958
0.041133 0.053518 0.065296 0.076656 0.087675 0.098388 0.108817 0.118981 0.128894 0.138571 0.148026 0.157272 0.166325 0.175199 0.183906 0.192458 0.200865 0.209137 0.217279 0.225299 0.233202 0.240990 0.248667 0.256236 0.263697 0.271054 0.278306 0.285456 0.292504 0.299451 0.306298 0.313047 0.319697 0.326249 0.332704 0.339062 0.345322 0.351487 0.357554 0.363526 0.369401 0.375180 0.380862 0.386448 0.391939 0.397333 0.402630 0.407832 0.412938 0.417948
0.040571 0.049151 0.057844 0.066414 0.074794 0.082969 0.090940 0.098714 0.106301 0.113714 0.120967 0.128077 0.135062 0.141937 0.148712 0.155399 0.162004 0.168531 0.174983 0.181364 0.187675 0.193915 0.200086 0.206186 0.212216 0.218175 0.224063 0.229881 0.235629 0.241307 0.246914 0.252452 0.257919 0.263315 0.268640 0.273894 0.279076 0.284185 0.289221 0.294183 0.299071 0.303885 0.308623 0.313286 0.317872 0.322383 0.326816 0.331173 0.335452 0.339653
0.039130 0.044747 0.050291 0.055777 0.061183 0.066490 0.071691 0.076784 0.081780 0.086696 0.091554 0.096376 0.101179 0.105973 0.110761 0.115545 0.120323 0.125090 0.129843 0.134579 0.139292 0.143980 0.148639 0.153264 0.157855 0.162408 0.166925 0.171404 0.175845 0.180247 0.184608 0.188927 0.193204 0.197436 0.201623 0.205762 0.209853 0.213894 0.217885 0.221823 0.225708 0.229539 0.233314 0.237034 0.240696 0.244301 0.247847 0.251335 0.254763 0.258130
0.037445 0.040282 0.042749 0.045138 0.047503 0.049851 0.052178 0.054503 0.056857 0.059277 0.061797 0.064437 0.067197 0.070065 0.073025 0.076061 0.079158 0.082303 0.085484 0.088690 0.091912 0.095143 0.098376 0.101605 0.104831 0.108052 0.111268 0.114477 0.117678 0.120868 0.124045 0.127205 0.130347 0.133467 0.136563 0.139633 0.142676 0.145688 0.148669 0.151616 0.154528 0.157404 0.160242 0.163042 0.165802 0.168520 0.171197 0.173832 0.176422 0.178969
0.037113 0.036137 0.035452 0.034852 0.034307 0.033812 0.033393 0.033145 0.033144 0.033441 0.034076 0.035006 0.036175 0.037532 0.039038 0.040662 0.042377 0.044166 0.046012 0.047902 0.049825 0.051772 0.053737 0.055721 0.057731 0.059768 0.061830 0.063912 0.066009 0.068118 0.070233 0.072351 0.074467 0.076579 0.078683 0.080777 0.082858 0.084925 0.086974 0.089005 0.091015 0.093003 0.094968 0.096909 0.098824 0.100712 0.102573 0.104405 0.106207 0.107980
0.035430 0.032132 0.028739 0.025455 0.022291 0.019249 0.016541 0.014434 0.012909 0.012084 0.011803 0.011854 0.012125 0.012554 0.013098 0.013731 0.014432 0.015187 0.015984 0.016813 0.017667 0.018540 0.019437 0.020394 0.021416 0.022493 0.023615 0.024773 0.025958 0.027164 0.028386 0.029619 0.030860 0.032105 0.033352 0.034597 0.035839 0.037075 0.038305 0.039525 0.040736 0.041935 0.043122 0.044295 0.045454 0.046597 0.047724 0.048834 0.049926 0.051000
0.034365 0.028627 0.023014 0.017535 0.012203 0.007179 0.003682 0.001415 0.000001 0.000001 0.000001 0.000001 0.000001 0.000001 0.000001 0.000001 0.000001 0.000001 0.000001 0.000001 0.000001 0.000001 0.000099 0.000354 0.000699 0.001100 0.001540 0.002009 0.002499 0.003006 0.003524 0.004053 0.004588 0.005128 0.005671 0.006216 0.006761 0.007305 0.007847 0.008386 0.008921 0.009453 0.009979 0.010499 0.011013 0.011521 0.012021 0.012513 0.012998 0.013474
0.033875 0.026246 0.018848 0.011669 0.004694 0.000001 0.000001 0.000001 0.000001 0.000001 0.000001 0.000001 0.000001 0.000001 0.000001 0.000001 0.000001 0.000001 0.000001 0.000001 0.000001 0.000001 0.000001 0.000001 0.000001 0.000001 0.000001 0.000001 0.000001 0.000001 0.000001 0.000001 0.000001 0.000001 0.000001 0.000001 0.000001 0.000001 0.000001 0.000001 0.000001 0.000001 0.000001 0.000001 0.000001 0.000001 0.000001 0.000001 0.000001 0.000001
0.033295 0.024793 0.016375 0.008174 0.000228 0.000001 0.000001 0.000001 0.000001 0.000001 0.000001 0.000001 0.000001 0.000001 0.000001 0.000001 0.000001 0.000001 0.000001 0.000001 0.000001 0.000001 0.000001 0.000001 0.000001 0.000001 0.000001 0.000001 0.000001 0.000001 0.000001 0.000001 0.000001 0.000001 0.000001 0.000001 0.000001 0.000001 0.000001 0.000001 0.000001 0.000001 0.000001 0.000001 0.000001 0.000001 0.000001 0.000001 0.000001 0.000001
0.033361 0.024437 0.015714 0.007264 0.000001 0.000001 0.000001 0.000001 0.000001 0.000001 0.000001 0.000001 0.000001 0.000001 0.000001 0.000001 0.000001 0.000001 0.000001 0.000001 0.000001 0.000001 0.000001 0.000001 0.000001 0.000001 0.000001 0.000001 0.000001 0.000001 0.000001 0.000001 0.000001 0.000001 0.000001 0.000001 0.000001 0.000001 0.000001 0.000001 0.000001 0.000001 0.000001 0.000001 0.000001 0.000001 0.000001 0.000001 0.000001 0.000001
0.033757 0.025056 0.016872 0.009038 0.001493 0.000001 0.000001 0.000001 0.000001 0.000001 0.000001 0.000001 0.000001 0.000001 0.000001 0.000001 0.000001 0.000001 0.000001 0.000001 0.000001 0.000001 0.000001 0.000001 0.000001 0.000001 0.000001 0.000001 0.000001 0.000001 0.000001 0.000001 0.000001 0.000001 0.000001 0.000001 0.000001 0.000001 0.000001 0.000001 0.000001 0.000001 0.000001 0.000001 0.000001 0.000001 0.000001 0.000001 0.000001 0.000001
0.032245 0.026039 0.019650 0.013341 0.007170 0.001900 0.000001 0.000001 0.000001 0.000001 0.000001 0.000001 0.000001 0.000001 0.000001 0.000001 0.000001 0.000001 0.000001 0.000001 0.000001 0.000001 0.000001 0.000001 0.000001 0.000001 0.000001 0.000001 0.000001 0.000001 0.000001 0.000001 0.000001 0.000001 0.000001 0.000001 0.000001 0.000001 0.000001 0.000001 0.000001 0.000001 0.000001 0.000001 0.000001 0.000001 0.000001 0.000001 0.000001 0.000001
0.033187 0.028500 0.024032 0.019686 0.015407 0.011241 0.007700 0.005405 0.003860 0.002748 0.001911 0.001260 0.000739 0.000315 0.000001 0.000001 0.000001 0.000001 0.000001 0.000001 0.000001 0.000001 0.000001 0.000001 0.000001 0.000001 0.000001 0.000001 0.000001 0.000001 0.000001 0.000001 0.000001 0.000001 0.000001 0.000001 0.000001 0.000001 0.000001 0.000001 0.000001 0.000001 0.000001 0.000001 0.000001 0.000001 0.000001 0.000001 0.000001 0.000001
0.032590 0.030824 0.028949 0.026963 0.024879 0.022712 0.020555 0.018659 0.017145 0.015965 0.015048 0.014333 0.013771 0.013325 0.012968 0.012735 0.012601 0.012522 0.012474 0.012445 0.012424 0.012407 0.012388 0.012366 0.012337 0.012299 0.012252 0.012195 0.012127 0.012047 0.011955 0.011850 0.011733 0.011603 0.011461 0.011306 0.011138 0.010958 0.010766 0.010562 0.010346 0.010118 0.009879 0.009628 0.009367 0.009094 0.008811 0.008518 0.008214 0.007901
0.031823 0.033079 0.033745 0.034086 0.034192 0.034101 0.033842 0.033487 0.033134 0.032841 0.032628 0.032494 0.032427 0.032415 0.032446 0.032514 0.032623 0.032763 0.032922 0.033087 0.033251 0.033406 0.033548 0.033674 0.033779 0.033863 0.033923 0.033959 0.033969 0.033953 0.033911 0.033842 0.033746 0.033623 0.033473 0.033297 0.033095 0.032866 0.032613 0.032334 0.032030 0.031702 0.031350 0.030975 0.030577 0.030156 0.029714 0.029250 0.028765 0.028260
0.032242 0.035281 0.037917 0.040237 0.042272 0.044041 0.045566 0.046874 0.048005 0.049008 0.049918 0.050763 0.051558 0.052310 0.053025 0.053705 0.054354 0.054975 0.055567 0.056129 0.056658 0.057151 0.057605 0.058020 0.058394 0.058726 0.059015 0.059261 0.059463 0.059622 0.059738 0.059810 0.059839 0.059826 0.059771 0.059674 0.059537 0.059360 0.059143 0.058887 0.058593 0.058262 0.057895 0.057492 0.057053 0.056581 0.056074 0.055536 0.054965 0.054363
0.032681 0.037037 0.041174 0.045001 0.048526 0.051763 0.054727 0.057433 0.059900 0.062153 0.064219 0.066121 0.067880 0.069514 0.071035 0.072453 0.073776 0.075013 0.076168 0.077247 0.078252 0.079186 0.080049 0.080844 0.081572 0.082233 0.082829 0.083359 0.083826 0.084231 0.084573 0.084855 0.085077 0.085240 0.085346 0.085395 0.085389 0.085328 0.085214 0.085048 0.084830 0.084562 0.084246 0.083881 0.083470 0.083012 0.082510 0.081964 0.081375 0.080745
0.033065 0.038505 0.043518 0.048265 0.052757 0.056987 0.060957 0.064671 0.068137 0.071367 0.074376 0.077178 0.079790 0.082226 0.084500 0.086623 0.088606 0.090458 0.092186 0.093799 0.095301 0.096699 0.097996 0.099196 0.100303 0.101319 0.102247 0.103089 0.103847 0.104524 0.105121 0.105641 0.106084 0.106454 0.106750 0.106976 0.107132 0.107221 0.107243 0.107201 0.107095 0.106927 0.106698 0.106410 0.106064 0.105662 0.105205 0.104694 0.104130 0.103514
0.033304 0.039062 0.044633 0.049931 0.054980 0.059785 0.064348 0.068673 0.072766 0.076632 0.080277 0.083710 0.086941 0.089980 0.092835 0.095517 0.098035 0.100396 0.102609 0.104681 0.106618 0.108426 0.110110 0.111677 0.113128 0.114470 0.115705 0.116836 0.117867 0.118801 0.119640 0.120386 0.121043 0.121612 0.122096 0.122497 0.122816 0.123055 0.123217 0.123304 0.123316 0.123257 0.123126 0.122927 0.122661 0.122328 0.121932 0.121472 0.120952 0.120372
0.032641 0.038937 0.044758 0.050256 0.055502 0.060523 0.065325 0.069915 0.074295 0.078470 0.082444 0.086220 0.089803 0.093198 0.096412 0.099450 0.102319 0.105024 0.107571 0.109967 0.112217 0.114326 0.116299 0.118141 0.119857 0.121449 0.122923 0.124282 0.125529 0.126667 0.127700 0.128630 0.129460 0.130193 0.130830 0.131375 0.131829 0.132195 0.132475 0.132670 0.132784 0.132817 0.132772 0.132650 0.132454 0.132184 0.131843 0.131433 0.130954 0.130408
0.033063 0.038806 0.044365 0.049709 0.054838 0.059776 0.064529 0.069100 0.073492 0.077705 0.081741 0.085603 0.089291 0.092808 0.096157 0.099341 0.102363 0.105228 0.107938 0.110498 0.112912 0.115184 0.117318 0.119317 0.121185 0.122926 0.124543 0.126040 0.127420 0.128685 0.129839 0.130884 0.131824 0.132660 0.133395 0.134032 0.134573 0.135020 0.135376 0.135641 0.135819 0.135911 0.135920 0.135847 0.135694 0.135462 0.135154 0.134772 0.134316 0.133789
0.033496 0.038603 0.043721 0.048699 0.053507 0.058151 0.062647 0.066994 0.071191 0.075238 0.079133 0.082878 0.086471 0.089914 0.093207 0.096351 0.099348 0.102200 0.104909 0.107477 0.109906 0.112199 0.114359 0.116388 0.118289 0.120064 0.121718 0.123251 0.124667 0.125968 0.127158 0.128237 0.129210 0.130077 0.130841 0.131505 0.132071 0.132541 0.132916 0.133199 0.133392 0.133496 0.133514 0.133448 0.133299 0.133069 0.132759 0.132373 0.131910 0.131374
0.033020 0.038212 0.042952 0.047487 0.051868 0.056107 0.060223 0.064218 0.068087 0.071829 0.075443 0.078927 0.082280 0.085501 0.088592 0.091551 0.094379 0.097077 0.099646 0.102086 0.104400 0.106587 0.108651 0.110592 0.112412 0.114114 0.115699 0.117169 0.118525 0.119771 0.120908 0.121937 0.122862 0.123683 0.124403 0.125024 0.125547 0.125975 0.126309 0.126551 0.126702 0.126766 0.126742 0.126634 0.126443 0.126170 0.125818 0.125388 0.124882 0.124301
0.034112 0.038078 0.042157 0.046172 0.050083 0.053874 0.057557 0.061134 0.064603 0.067961 0.071206 0.074338 0.077356 0.080259 0.083046 0.085718 0.088273 0.090713 0.093037 0.095246 0.097340 0.099321 0.101188 0.102943 0.104587 0.106121 0.107546 0.108863 0.110075 0.111181 0.112185 0.113086 0.113887 0.114590 0.115195 0.115704 0.116119 0.116442 0.116673 0.116815 0.116869 0.116837 0.116720 0.116520 0.116239 0.115878 0.115440 0.114925 0.114336 0.113675
0.033717 0.037490 0.041141 0.044707 0.048167 0.051508 0.054744 0.057881 0.060918 0.063854 0.066688 0.069420 0.072049 0.074576 0.076999 0.079319 0.081536 0.083648 0.085658 0.087563 0.089366 0.091065 0.092662 0.094158 0.095551 0.096844 0.098037 0.099131 0.100127 0.101025 0.101827 0.102534 0.103147 0.103667 0.104095 0.104432 0.104681 0.104841 0.104914 0.104902 0.104806 0.104629 0.104370 0.104032 0.103617 0.103127 0.102562 0.101926 0.101219 0.100445
0.033296 0.036576 0.039889 0.043065 0.046099 0.049002 0.051796 0.054492 0.057092 0.059597 0.062006 0.064320 0.066539 0.068663 0.070693 0.072629 0.074470 0.076217 0.077870 0.079429 0.080894 0.082265 0.083543 0.084729 0.085821 0.086822 0.087731 0.088549 0.089277 0.089915 0.090464 0.090924 0.091297 0.091584 0.091785 0.091901 0.091934 0.091885 0.091754 0.091544 0.091255 0.090890 0.090450 0.089937 0.089352 0.088698 0.087977 0.087191 0.086341 0.085429
0.031757 0.035479 0.038513 0.041290 0.043903 0.046380 0.048747 0.051016 0.053190 0.055270 0.057258 0.059155 0.060961 0.062678 0.064306 0.065846 0.067298 0.068662 0.069939 0.071130 0.072233 0.073251 0.074183 0.075029 0.075790 0.076467 0.077059 0.077567 0.077992 0.078334 0.078594 0.078771 0.078868 0.078885 0.078823 0.078682 0.078464 0.078170 0.077801 0.077360 0.076848 0.076267 0.075618 0.074905 0.074129 0.073293 0.072399 0.071448 0.070444 0.069389
0.032693 0.034814 0.037193 0.039509 0.041702 0.043765 0.045719 0.047575 0.049335 0.051003 0.052579 0.054067 0.055468 0.056783 0.058013 0.059158 0.060221 0.061200 0.062098 0.062914 0.063648 0.064303 0.064877 0.065371 0.065786 0.066122 0.066380 0.066560 0.066663 0.066688 0.066637 0.066510 0.066308 0.066032 0.065683 0.065262 0.064772 0.064213 0.063588 0.062899 0.062149 0.061340 0.060475 0.059557 0.058588 0.057572 0.056510 0.055405 0.054260 0.053078
0.031911 0.034057 0.036054 0.037942 0.039709 0.041351 0.042890 0.044333 0.045685 0.046947 0.048122 0.049212 0.050217 0.051139 0.051980 0.052740 0.053421 0.054022 0.054545 0.054991 0.055360 0.055652 0.055869 0.056010 0.056077 0.056069 0.055988 0.055833 0.055606 0.055306 0.054935 0.054494 0.053983 0.053405 0.052761 0.052053 0.051285 0.050459 0.049579 0.048648 0.047668 0.046645 0.045581 0.044481 0.043347 0.042183 0.040989 0.039770 0.038531 0.037275
0.031844 0.033678 0.035292 0.036746 0.038070 0.039277 0.040390 0.041419 0.042364 0.043228 0.044010 0.044711 0.045332 0.045875 0.046340 0.046727 0.047038 0.047274 0.047434 0.047521 0.047533 0.047473 0.047341 0.047136 0.046860 0.046514 0.046097 0.045611 0.045057 0.044434 0.043744 0.042990 0.042174 0.041299 0.040369 0.039387 0.038359 0.037290 0.036184 0.035044 0.033878 0.032690 0.031486 0.030268 0.029038 0.027798 0.026550 0.025303 0.024065 0.022837
0.032472 0.033813 0.034923 0.035900 0.036773 0.037550 0.038246 0.038872 0.039424 0.039902 0.040306 0.040634 0.040888 0.041067 0.041172 0.041204 0.041163 0.041048 0.040862 0.040605 0.040277 0.039878 0.039410 0.038873 0.038268 0.037594 0.036854 0.036047 0.035174 0.034239 0.033244 0.032193 0.031093 0.029948 0.028766 0.027554 0.026322 0.025074 0.023814 0.022550 0.021292 0.020047 0.018817 0.017601 0.016396 0.015200 0.014035 0.012919 0.011847 0.010810
0.033909 0.034216 0.034712 0.035227 0.035693 0.036085 0.036405 0.036660 0.036849 0.036969 0.037019 0.036999 0.036908 0.036746 0.036514 0.036211 0.035838 0.035395 0.034883 0.034302 0.033652 0.032935 0.032150 0.031298 0.030379 0.029395 0.028347 0.027236 0.026065 0.024841 0.023570 0.022264 0.020933 0.019585 0.018234 0.016896 0.015578 0.014279 0.013001 0.011772 0.010606 0.009495 0.008428 0.007394 0.006386 0.005417 0.004596 0.003874 0.003210 0.002582
0.033561 0.033928 0.034259 0.034522 0.034700 0.034786 0.034788 0.034723 0.034590 0.034389 0.034120 0.033783 0.033378 0.032904 0.032362 0.031751 0.031073 0.030326 0.029513 0.028632 0.027684 0.026670 0.025590 0.024445 0.023235 0.021962 0.020628 0.019239 0.017807 0.016344 0.014869 0.013404 0.011960 0.010550 0.009215 0.007958 0.006767 0.005627 0.004566 0.003688 0.002921 0.002221 0.001564 0.000938 0.000334 0.000001 0.000001 0.000001 0.000001 0.000001
0.032758 0.033410 0.033721 0.033819 0.033771 0.033605 0.033339 0.032998 0.032587 0.032106 0.031558 0.030941 0.030257 0.029505 0.028685 0.027798 0.026844 0.025824 0.024737 0.023583 0.022364 0.021080 0.019730 0.018317 0.016840 0.015304 0.013721 0.012111 0.010501 0.008918 0.007413 0.006005 0.004680 0.003517 0.002570 0.001742 0.000989 0.000284 0.000001 0.000001 0.000001 0.000001 0.000001 0.000001 0.000001 0.000001 0.000001 0.000001 0.000001 0.000001
0.033150 0.033447 0.033410 0.033218 0.032914 0.032510 0.032010 0.031432 0.030783 0.030064 0.029275 0.028418 0.027492 0.026497 0.025435 0.024306 0.023109 0.021846 0.020517 0.019121 0.017659 0.016133 0.014541 0.012886 0.011174 0.009425 0.007675 0.005991 0.004416 0.003013 0.001899 0.000950 0.000101 0.000001 0.000001 0.000001 0.000001 0.000001 0.000001 0.000001 0.000001 0.000001 0.000001 0.000001 0.000001 0.000001 0.000001 0.000001 0.000001 0.000001
0.034905 0.033730 0.033108 0.032597 0.032061 0.031453 0.030759 0.029982 0.029134 0.028214 0.027224 0.026162 0.025031 0.023831 0.022562 0.021224 0.019818 0.018345 0.016804 0.015197 0.013523 0.011783 0.009977 0.008115 0.006229 0.004404 0.002731 0.001411 0.000322 0.000001 0.000001 0.000001 0.000001 0.000001 0.000001 0.000001 0.000001 0.000001 0.000001 0.000001 0.000001 0.000001 0.000001 0.000001 0.000001 0.000001 0.000001 0.000001 0.000001 0.000001
0.032467 0.032632 0.032308 0.031791 0.031153 0.030410 0.029570 0.028635 0.027622 0.026536 0.025378 0.024147 0.022845 0.021472 0.020028 0.018515 0.016932 0.015280 0.013559 0.011769 0.009912 0.007986 0.006000 0.004008 0.002158 0.000714 0.000001 0.000001 0.000001 0.000001 0.000001 0.000001 0.000001 0.000001 0.000001 0.000001 0.000001 0.000001 0.000001 0.000001 0.000001 0.000001 0.000001 0.000001 0.000001 0.000001 0.000001 0.000001 0.000001 0.000001
0.032461 0.032116 0.031659 0.031045 0.030298 0.029437 0.028473 0.027410 0.026261 0.025038 0.023740 0.022370 0.020927 0.019411 0.017823 0.016163 0.014432 0.012630 0.010756 0.008812 0.006797 0.004715 0.002622 0.000831 0.000001 0.000001 0.000001 0.000001 0.000001 0.000001 0.000001 0.000001 0.000001 0.000001 0.000001 0.000001 0.000001 0.000001 0.000001 0.000001 0.000001 0.000001 0.000001 0.000001 0.000001 0.000001 0.000001 0.000001 0.000001 0.000001
0.032534 0.031990 0.031280 0.030475 0.029580 0.028593 0.027515 0.026347 0.025088 0.023751 0.022340 0.020856 0.019297 0.017665 0.015958 0.014178 0.012323 0.010394 0.008392 0.006317 0.004168 0.001976 0.000131 0.000001 0.000001 0.000001 0.000001 0.000001 0.000001 0.000001 0.000001 0.000001 0.000001 0.000001 0.000001 0.000001 0.000001 0.000001 0.000001 0.000001 0.000001 0.000001 0.000001 0.000001 0.000001 0.000001 0.000001 0.000001 0.000001 0.000001
0.033059 0.031939 0.030980 0.030012 0.028990 0.027900 0.026732 0.025480 0.024142 0.022717 0.021216 0.019639 0.017988 0.016260 0.014456 0.012575 0.010617 0.008582 0.006471 0.004284 0.002023 0.000001 0.000001 0.000001 0.000001 0.000001 0.000001 0.000001 0.000001 0.000001 0.000001 0.000001 0.000001 0.000001 0.000001 0.000001 0.000001 0.000001 0.000001 0.000001 0.000001 0.000001 0.000001 0.000001 0.000001 0.000001 0.000001 0.000001 0.000001 0.000001
0.032263 0.031540 0.030597 0.029583 0.028508 0.027364 0.026143 0.024839 0.023447 0.021965 0.020395 0.018745 0.017018 0.015211 0.013326 0.011360 0.009315 0.007190 0.004985 0.002701 0.000398 0.000001 0.000001 0.000001 0.000001 0.000001 0.000001 0.000001 0.000001 0.000001 0.000001 0.000001 0.000001 0.000001 0.000001 0.000001 0.000001 0.000001 0.000001 0.000001 0.000001 0.000001 0.000001 0.000001 0.000001 0.000001 0.000001 0.000001 0.000001 0.000001
0.032188 0.031137 0.030203 0.029218 0.028154 0.027003 0.025763 0.024432 0.023008 0.021490 0.019875 0.018168 0.016378 0.014506 0.012551 0.010513 0.008392 0.006188 0.003901 0.001532 0.000001 0.000001 0.000001 0.000001 0.000001 0.000001 0.000001 0.000001 0.000001 0.000001 0.000001 0.000001 0.000001 0.000001 0.000001 0.000001 0.000001 0.000001 0.000001 0.000001 0.000001 0.000001 0.000001 0.000001 0.000001 0.000001 0.000001 0.000001 0.000001 0.000001
0.031150 0.030693 0.029934 0.029017 0.027980 0.026836 0.025591 0.024246 0.022802 0.021257 0.019612 0.017867 0.016024 0.014095 0.012080 0.009978 0.007791 0.005517 0.003158 0.000713 0.000001 0.000001 0.000001 0.000001 0.000001 0.000001 0.000001 0.000001 0.000001 0.000001 0.000001 0.000001 0.000001 0.000001 0.000001 0.000001 0.000001 0.000001 0.000001 0.000001 0.000001 0.000001 0.000001 0.000001 0.000001 0.000001 0.000001 0.000001 0.000001 0.000001
0.031495 0.030791 0.029968 0.029032 0.027988 0.026840 0.025587 0.024229 0.022768 0.021203 0.019533 0.017759 0.015881 0.013903 0.011834 0.009677 0.007430 0.005095 0.002671 0.000161 0.000001 0.000001 0.000001 0.000001 0.000001 0.000001 0.000001 0.000001 0.000001 0.000001 0.000001 0.000001 0.000001 0.000001 0.000001 0.000001 0.000001 0.000001 0.000001 0.000001 0.000001 0.000001 0.000001 0.000001 0.000001 0.000001 0.000001 0.000001 0.000001 0.000001
0.032098 0.031046 0.030109 0.029140 0.028085 0.026928 0.025666 0.024298 0.022822 0.021239 0.019549 0.017751 0.015846 0.013834 0.011720 0.009513 0.007215 0.004825 0.002344 0.000001 0.000001 0.000001 0.000001 0.000001 0.000001 0.000001 0.000001 0.000001 0.000001 0.000001 0.000001 0.000001 0.000001 0.000001 0.000001 0.000001 0.000001 0.000001 0.000001 0.000001 0.000001 0.000001 0.000001 0.000001 0.000001 0.000001 0.000001 0.000001 0.000001 0.000001
0.031186 0.030802 0.030099 0.029203 0.028167 0.027011 0.025742 0.024362 0.022873 0.021274 0.019566 0.017748 0.015820 0.013783 0.011636 0.009387 0.007044 0.004607 0.002076 0.000001 0.000001 0.000001 0.000001 0.000001 0.000001 0.000001 0.000001 0.000001 0.000001 0.000001 0.000001 0.000001 0.000001 0.000001 0.000001 0.000001 0.000001 0.000001 0.000001 0.000001 0.000001 0.000001 0.000001 0.000001 0.000001 0.000001 0.000001 0.000001 0.000001 0.000001
0.031692 0.031066 0.030232 0.029279 0.028215 0.027040 0.025754 0.024358 0.022851 0.021235 0.019508 0.017671 0.015723 0.013664 0.011493 0.009211 0.006829 0.004352 0.001779 0.000001 0.000001 0.000001 0.000001 0.000001 0.000001 0.000001 0.000001 0.000001 0.000001 0.000001 0.000001 0.000001 0.000001 0.000001 0.000001 0.000001 0.000001 0.000001 0.000001 0.000001 0.000001 0.000001 0.000001 0.000001 0.000001 0.000001 0.000001 0.000001 0.000001 0.000001
0.032620 0.031336 0.030329 0.029304 0.028195 0.026985 0.025669 0.024247 0.022716 0.021077 0.019329 0.017471 0.015502 0.013421 0.011228 0.008921 0.006506 0.003993 0.001383 0.000001 0.000001 0.000001 0.000001 0.000001 0.000001 0.000001 0.000001 0.000001 0.000001 0.000001 0.000001 0.000001 0.000001 0.000001 0.000001 0.000001 0.000001 0.000001 0.000001 0.000001 0.000001 0.000001 0.000001 0.000001 0.000001 0.000001 0.000001 0.000001 0.000001 0.000001
0.031407 0.031104 0.030264 0.029230 0.028079 0.026825 0.025469 0.024012 0.022450 0.020782 0.019007 0.017123 0.015129 0.013024 0.010807 0.008476 0.006033 0.003486 0.000844 0.000001 0.000001 0.000001 0.000001 0.000001 0.000001 0.000001 0.000001 0.000001 0.000001 0.000001 0.000001 0.000001 0.000001 0.000001 0.000001 0.000001 0.000001 0.000001 0.000001 0.000001 0.000001 0.000001 0.000001 0.000001 0.000001 0.000001 0.000001 0.000001 0.000001 0.000001
0.032788 0.031364 0.030216 0.029067 0.027850 0.026546 0.025148 0.023650 0.022052 0.020349 0.018541 0.016625 0.014601 0.012466 0.010220 0.007861 0.005388 0.002809 0.000171 0.000001 0.000001 0.000001 0.000001 0.000001 0.000001 0.000001 0.000001 0.000001 0.000001 0.000001 0.000001 0.000001 0.000001 0.000001 0.000001 0.000001 0.000001 0.000001 0.000001 0.000001 0.000001 0.000001 0.000001 0.000001 0.000001 0.000001 0.000001 0.000001 0.000001 0.000001
0.031655 0.030888 0.029878 0.028741 0.027500 0.026160 0.024721 0.023181 0.021539 0.019794 0.017945 0.015989 0.013925 0.011753 0.009470 0.007076 0.004568 0.001953 0.000001 0.000001 0.000001 0.000001 0.000001 0.000001 0.000001 0.000001 0.000001 0.000001 0.000001 0.000001 0.000001 0.000001 0.000001 0.000001 0.000001 0.000001 0.000001 0.000001 0.000001 0.000001 0.000001 0.000001 0.000001 0.000001 0.000001 0.000001 0.000001 0.000001 0.000001 0.000001
0.031454 0.030608 0.029577 0.028409 0.027125 0.025735 0.024241 0.022646 0.020949 0.019149 0.017246 0.015238 0.013124 0.010903 0.008574 0.006134 0.003583 0.000935 0.000001 0.000001 0.000001 0.000001 0.000001 0.000001 0.000001 0.000001 0.000001 0.000001 0.000001 0.000001 0.000001 0.000001 0.000001 0.000001 0.000001 0.000001 0.000001 0.000001 0.000001 0.000001 0.000001 0.000001 0.000001 0.000001 0.000001 0.000001 0.000001 0.000001 0.000001 0.000001
0.032099 0.030781 0.029522 0.028215 0.026826 0.025345 0.023767 0.022093 0.020320 0.018447 0.016475 0.014401 0.012224 0.009943 0.007556 0.005061 0.002458 0.000001 0.000001 0.000001 0.000001 0.000001 0.000001 0.000001 0.000001 0.000001 0.000001 0.000001 0.000001 0.000001 0.000001 0.000001 0.000001 0.000001 0.000001 0.000001 0.000001 0.000001 0.000001 0.000001 0.000001 0.000001 0.000001 0.000001 0.000001 0.000001 0.000001 0.000001 0.000001 0.000001
0.032079 0.030882 0.029544 0.028114 0.026600 0.025001 0.023315 0.021539 0.019672 0.017712 0.015657 0.013506 0.011255 0.008904 0.006450 0.003890 0.001232 0.000001 0.000001 0.000001 0.000001 0.000001 0.000001 0.000001 0.000001 0.000001 0.000001 0.000001 0.000001 0.000001 0.000001 0.000001 0.000001 0.000001 0.000001 0.000001 0.000001 0.000001 0.000001 0.000001 0.000001 0.000001 0.000001 0.000001 0.000001 0.000001 0.000001 0.000001 0.000001 0.000001
0.032463 0.031064 0.029589 0.028024 0.026376 0.024651 0.022849 0.020966 0.018999 0.016946 0.014804 0.012569 0.010240 0.007813 0.005285 0.002656 0.000047 0.000001 0.000001 0.000001 0.000001 0.000001 0.000001 0.000001 0.000001 0.000001 0.000001 0.000001 0.000001 0.000001 0.000001 0.000001 0.000001 0.000001 0.000001 0.000001 0.000001 0.000001 0.000001 0.000001 0.000001 0.000001 0.000001 0.000001 0.000001 0.000001 0.000001 0.000001 0.000001 0.000001
0.032694 0.031195 0.029543 0.027827 0.026055 0.024220 0.022317 0.020339 0.018283 0.016144 0.013918 0.011603 0.009195 0.006691 0.004088 0.001390 0.000001 0.000001 0.000001 0.000001 0.000001 0.000001 0.000001 0.000001 0.000001 0.000001 0.000001 0.000001 0.000001 0.000001 0.000001 0.000001 0.000001 0.000001 0.000001 0.000001 0.000001 0.000001 0.000001 0.000001 0.000001 0.000001 0.000001 0.000001 0.000001 0.000001 0.000001 0.000001 0.000001 0.000001
0.033105 0.031040 0.029212 0.027409 0.025568 0.023667 0.021695 0.019647 0.017518 0.015306 0.013006 0.010616 0.008133 0.005555 0.002878 0.000188 0.000001 0.000001 0.000001 0.000001 0.000001 0.000001 0.000001 0.000001 0.000001 0.000001 0.000001 0.000001 0.000001 0.000001 0.000001 0.000001 0.000001 0.000001 0.000001 0.000001 0.000001 0.000001 0.000001 0.000001 0.000001 0.000001 0.000001 0.000001 0.000001 0.000001 0.000001 0.000001 0.000001 0.000001
0.031512 0.030164 0.028554 0.026810 0.024967 0.023036 0.021020 0.018919 0.016730 0.014454 0.012086 0.009626 0.007071 0.004419 0.001668 0.000001 0.000001 0.000001 0.000001 0.000001 0.000001 0.000001 0.000001 0.000001 0.000001 0.000001 0.000001 0.000001 0.000001 0.000001 0.000001 0.000001 0.000001 0.000001 0.000001 0.000001 0.000001 0.000001 0.000001 0.000001 0.000001 0.000001 0.000001 0.000001 0.000001 0.000001 0.000001 0.000001 0.000001 0.000001
0.031106 0.029684 0.028058 0.026290 0.024412 0.022438 0.020370 0.018212 0.015962 0.013620 0.011184 0.008652 0.006023 0.003294 0.000500 0.000001 0.000001 0.000001 0.000001 0.000001 0.000001 0.000001 0.000001 0.000001 0.000001 0.000001 0.000001 0.000001 0.000001 0.000001 0.000001 0.000001 0.000001 0.000001 0.000001 0.000001 0.000001 0.000001 0.000001 0.000001 0.000001 0.000001 0.000001 0.000001 0.000001 0.000001 0.000001 0.000001 0.000001 0.000001
0.031698 0.029759 0.027881 0.025973 0.023999 0.021943 0.019801 0.017569 0.015244 0.012826 0.010313 0.007703 0.004994 0.002184 0.000001 0.000001 0.000001 0.000001 0.000001 0.000001 0.000001 0.000001 0.000001 0.000001 0.000001 0.000001 0.000001 0.000001 0.000001 0.000001 0.000001 0.000001 0.000001 0.000001 0.000001 0.000001 0.000001 0.000001 0.000001 0.000001 0.000001 0.000001 0.000001 0.000001 0.000001 0.000001 0.000001 0.000001 0.000001 0.000001
0.031665 0.029724 0.027762 0.025756 0.023685 0.021536 0.019303 0.016982 0.014571 0.012067 0.009468 0.006771 0.003973 0.001079 0.000001 0.000001 0.000001 0.000001 0.000001 0.000001 0.000001 0.000001 0.000001 0.000001 0.000001 0.000001 0.000001 0.000001 0.000001 0.000001 0.000001 0.000001 0.000001 0.000001 0.000001 0.000001 0.000001 0.000001 0.000001 0.000001 0.000001 0.000001 0.000001 0.000001 0.000001 0.000001 0.000001 0.000001 0.000001 0.000001
0.031491 0.029552 0.027594 0.025537 0.023386 0.021147 0.018823 0.016410 0.013907 0.011310 0.008617 0.005823 0.002929 0.000027 0.000001 0.000001 0.000001 0.000001 0.000001 0.000001 0.000001 0.000001 0.000001 0.000001 0.000001 0.000001 0.000001 0.000001 0.000001 0.000001 0.000001 0.000001 0.000001 0.000001 0.000001 0.000001 0.000001 0.000001 0.000001 0.000001 0.000001 0.000001 0.000001 0.000001 0.000001 0.000001 0.000001 0.000001 0.000001 0.000001
0.030689 0.029346 0.027411 0.025282 0.023047 0.020721 0.018307 0.015803 0.013204 0.010508 0.007711 0.004812 0.001813 0.000001 0.000001 0.000001 0.000001 0.000001 0.000001 0.000001 0.000001 0.000001 0.000001 0.000001 0.000001 0.000001 0.000001 0.000001 0.000001 0.000001 0.000001 0.000001 0.000001 0.000001 0.000001 0.000001 0.000001 0.000001 0.000001 0.000001 0.000001 0.000001 0.000001 0.000001 0.000001 0.000001 0.000001 0.000001 0.000001 0.000001
0.032773 0.029698 0.027294 0.024992 0.022652 0.020235 0.017727 0.015122 0.012415 0.009604 0.006687 0.003665 0.000604 0.000001 0.000001 0.000001 0.000001 0.000001 0.000001 0.000001 0.000001 0.000001 0.000001 0.000001 0.000001 0.000001 0.000001 0.000001 0.000001 0.000001 0.000001 0.000001 0.000001 0.000001 0.000001 0.000001 0.000001 0.000001 0.000001 0.000001 0.000001 0.000001 0.000001 0.000001 0.000001 0.000001 0.000001 0.000001 0.000001 0.000001
0.030619 0.029039 0.026921 0.024620 0.022203 0.019682 0.017054 0.014318 0.011471 0.008512 0.005446 0.002294 0.000001 0.000001 0.000001 0.000001 0.000001 0.000001 0.000001 0.000001 0.000001 0.000001 0.000001 0.000001 0.000001 0.000001 0.000001 0.000001 0.000001 0.000001 0.000001 0.000001 0.000001 0.000001 0.000001 0.000001 0.000001 0.000001 0.000001 0.000001 0.000001 0.000001 0.000001 0.000001 0.000001 0.000001 0.000001 0.000001 0.000001 0.000001
0.031260 0.029036 0.026723 0.024276 0.021707 0.019020 0.016214 0.013290 0.010248 0.007095 0.003857 0.000704 0.000001 0.000001 0.000001 0.000001 0.000001 0.000001 0.000001 0.000001 0.000001 0.000001 0.000001 0.000001 0.000001 0.000001 0.000001 0.000001 0.000001 0.000001 0.000001 0.000001 0.000001 0.000001 0.000001 0.000001 0.000001 0.000001 0.000001 0.000001 0.000001 0.000001 0.000001 0.000001 0.000001 0.000001 0.000001 0.000001 0.000001 0.000001
0.031962 0.029255 0.026579 0.023857 0.021038 0.018101 0.015037 0.011849 0.008548 0.005170 0.001837 0.000001 0.000001 0.000001 0.000001 0.000001 0.000001 0.000001 0.000001 0.000001 0.000001 0.000001 0.000001 0.000001 0.000001 0.000001 0.000001 0.000001 0.000001 0.000001 0.000001 0.000001 0.000001 0.000001 0.000001 0.000001 0.000001 0.000001 0.000001 0.000001 0.000001 0.000001 0.000001 0.000001 0.000001 0.000001 0.000001 0.000001 0.000001 0.000001
0.031754 0.028903 0.026040 0.023060 0.019935 0.016661 0.013247 0.009712 0.006109 0.002596 0.000001 0.000001 0.000001 0.000001 0.000001 0.000001 0.000001 0.000001 0.000001 0.000001 0.000001 0.000001 0.000001 0.000001 0.000001 0.000001 0.000001 0.000001 0.000001 0.000001 0.000001 0.000001 0.000001 0.000001 0.000001 0.000001 0.000001 0.000001 0.000001 0.000001 0.000001 0.000001 0.000001 0.000001 0.000001 0.000001 0.000001 0.000001 0.000001 0.000001
0.030566 0.028071 0.025048 0.021711 0.018143 0.014398 0.010506 0.006556 0.002802 0.000001 0.000001 0.000001 0.000001 0.000001 0.000001 0.000001 0.000001 0.000001 0.000001 0.000001 0.000001 0.000001 0.000001 0.000001 0.000001 0.000001 0.000001 0.000001 0.000001 0.000001 0.000001 0.000001 0.000001 0.000001 0.000001 0.000001 0.000001 0.000001 0.000001 0.000001 0.000001 0.000001 0.000001 0.000001 0.000001 0.000001 0.000001 0.000001 0.000001 0.000001
0.031384 0.027717 0.023836 0.019741 0.015461 0.011019 0.006538 0.002464 0.000001 0.000001 0.000001 0.000001 0.000001 0.000001 0.000001 0.000001 0.000001 0.000001 0.000001 0.000001 0.000001 0.000001 0.000001 0.000001 0.000001 0.000001 0.000001 0.000001 0.000001 0.000001 0.000001 0.000001 0.000001 0.000001 0.000001 0.000001 0.000001 0.000001 0.000001 0.000001 0.000001 0.000001 0.000001 0.000001 0.000001 0.000001 0.000001 0.000001 0.000001 0.000001
0.032269 0.027108 0.022069 0.016937 0.011675 0.006385 0.001793 0.000001 0.000001 0.000001 0.000001 0.000001 0.000001 0.000001 0.000001 0.000001 0.000001 0.000001 0.000001 0.000001 0.000001 0.000001 0.000001 0.000001 0.000001 0.000001 0.000001 0.000001 0.000001 0.000001 0.000001 0.000001 0.000001 0.000001 0.000001 0.000001 0.000001 0.000001 0.000001 0.000001 0.000001 0.000001 0.000001 0.000001 0.000001 0.000001 0.000001 0.000001 0.000001 0.000001
0.031029 0.025464 0.019437 0.013153 0.006756 0.001209 0.000001 0.000001 0.000001 0.000001 0.000001 0.000001 0.000001 0.000001 0.000001 0.000001 0.000001 0.000001 0.000001 0.000001 0.000001 0.000001 0.000001 0.000001 0.000001 0.000001 0.000001 0.000001 0.000001 0.000001 0.000001 0.000001 0.000001 0.000001 0.000001 0.000001 0.000001 0.000001 0.000001 0.000001 0.000001 0.000001 0.000001 0.000001 0.000001 0.000001 0.000001 0.000001 0.000001 0.000001
0.031084 0.023796 0.016259 0.008503 0.001355 0.000001 0.000001 0.000001 0.000001 0.000001 0.000001 0.000001 0.000001 0.000001 0.000001 0.000001 0.000001 0.000001 0.000001 0.000001 0.000001 0.000001 0.000001 0.000001 0.000001 0.000001 0.000001 0.000001 0.000001 0.000001 0.000001 0.000001 0.000001 0.000001 0.000001 0.000001 0.000001 0.000001 0.000001 0.000001 0.000001 0.000001 0.000001 0.000001 0.000001 0.000001 0.000001 0.000001 0.000001 0.000001
0.031161 0.021937 0.012539 0.003158 0.000001 0.000001 0.000001 0.000001 0.000001 0.000001 0.000001 0.000001 0.000001 0.000001 0.000001 0.000001 0.000001 0.000001 0.000001 0.000001 0.000001 0.000001 0.000001 0.000001 0.000001 0.000001 0.000001 0.000001 0.000001 0.000001 0.000001 0.000001 0.000001 0.000001 0.000001 0.000001 0.000001 0.000001 0.000001 0.000001 0.000001 0.000001 0.000001 0.000001 0.000001 0.000001 0.000001 0.000001 0.000001 0.000001
0.030848 0.019759 0.008124 0.000001 0.000001 0.000001 0.000001 0.000001 0.000001 0.000001 0.000001 0.000001 0.000001 0.000001 0.000001 0.000001 0.000001 0.000001 0.000001 0.000001 0.000001 0.000001 0.000001 0.000001 0.000001 0.000001 0.000001 0.000001 0.000001 0.000001 0.000001 0.000001 0.000001 0.000001 0.000001 0.000001 0.000001 0.000001 0.000001 0.000001 0.000001 0.000001 0.000001 0.000001 0.000001 0.000001 0.000001 0.000001 0.000001 0.000001
0.032178 0.017418 0.002946 0.000001 0.000001 0.000001 0.000001 0.000001 0.000001 0.000001 0.000001 0.000001 0.000001 0.000001 0.000001 0.000001 0.000001 0.000001 0.000001 0.000001 0.000001 0.000001 0.000001 0.000001 0.000001 0.000001 0.000001 0.000001 0.000001 0.000001 0.000001 0.000001 0.000001 0.000001 0.000001 0.000001 0.000001 0.000001 0.000001 0.000001 0.000001 0.000001 0.000001 0.000001 0.000001 0.000001 0.000001 0.000001 0.000001 0.000001
0.030856 0.013647 0.000001 0.000001 0.000001 0.000001 0.000001 0.000001 0.000001 0.000001 0.000001 0.000001 0.000001 0.000001 0.000001 0.000001 0.000001 0.000001 0.000001 0.000001 0.000001 0.000001 0.000001 0.000001 0.000001 0.000001 0.000001 0.000001 0.000001 0.000001 0.000001 0.000001 0.000001 0.000001 0.000001 0.000001 0.000001 0.000001 0.000001 0.000001 0.000001 0.000001 0.000001 0.000001 0.000001 0.000001 0.000001 0.000001 0.000001 0.000001
0.029585 0.009558 0.000001 0.000001 0.000001 0.000001 0.000001 0.000001 0.000001 0.000001 0.000001 0.000001 0.000001 0.000001 0.000001 0.000001 0.000001 0.000001 0.000001 0.000001 0.000001 0.000001 0.000001 0.000001 0.000001 0.000001 0.000001 0.000001 0.000001 0.000001 0.000001 0.000001 0.000001 0.000001 0.000001 0.000001 0.000001 0.000001 0.000001 0.000001 0.000001 0.000001 0.000001 0.000001 0.000001 0.000001 0.000001 0.000001 0.000001 0.000001
0.030652 0.006112 0.000001 0.000001 0.000001 0.000001 0.000001 0.000001 0.000001 0.000001 0.000001 0.000001 0.000001 0.000001 0.000001 0.000001 0.000001 0.000001 0.000001 0.000001 0.000001 0.000001 0.000001 0.000001 0.000001 0.000001 0.000001 0.000001 0.000001 0.000001 0.000001 0.000001 0.000001 0.000001 0.000001 0.000001 0.000001 0.000001 0.000001 0.000001 0.000001 0.000001 0.000001 0.000001 0.000001 0.000001 0.000001 0.000001 0.000001 0.000001
0.030723 0.002484 0.000001 0.000001 0.000001 0.000001 0.000001 0.000001 0.000001 0.000001 0.000001 0.000001 0.000001 0.000001 0.000001 0.000001 0.000001 0.000001 0.000001 0.000001 0.000001 0.000001 0.000001 0.000001 0.000001 0.000001 0.000001 0.000001 0.000001 0.000001 0.000001 0.000001 0.000001 0.000001 0.000001 0.000001 0.000001 0.000001 0.000001 0.000001 0.000001 0.000001 0.000001 0.000001 0.000001 0.000001 0.000001 0.000001 0.000001 0.000001
0.030470 0.000001 0.000001 0.000001 0.000001 0.000001 0.000001 0.000001 0.000001 0.000001 0.000001 0.000001 0.000001 0.000001 0.000001 0.000001 0.000001 0.000001 0.000001 0.000001 0.000001 0.000001 0.000001 0.000001 0.000001 0.000001 0.000001 0.000001 0.000001 0.000001 0.000001 0.000001 0.000001 0.000001 0.000001 0.000001 0.000001 0.000001 0.000001 0.000001 0.000001 0.000001 0.000001 0.000001 0.000001 0.000001 0.000001 0.000001 0.000001 0.000001
0.029639 0.000001 0.000001 0.000001 0.000001 0.000001 0.000001 0.000001 0.000001 0.000001 0.000001 0.000001 0.000001 0.000001 0.000001 0.000001 0.000001 0.000001 0.000001 0.000001 0.000001 0.000001 0.000001 0.000001 0.000001 0.000001 0.000001 0.000001 0.000001 0.000001 0.000001 0.000001 0.000001 0.000001 0.000001 0.000001 0.000001 0.000001 0.000001 0.000001 0.000001 0.000001 0.000001 0.000001 0.000001 0.000001 0.000001 0.000001 0.000001 0.000001
0.030914 0.000001 0.000001 0.000001 0.000001 0.000001 0.000001 0.000001 0.000001 0.000001 0.000001 0.000001 0.000001 0.000001 0.000001 0.000001 0.000001 0.000001 0.000001 0.000001 0.000001 0.000001 0.000001 0.000001 0.000001 0.000001 0.000001 0.000001 0.000001 0.000001 0.000001 0.000001 0.000001 0.000001 0.000001 0.000001 0.000001 0.000001 0.000001 0.000001 0.000001 0.000001 0.000001 0.000001 0.000001 0.000001 0.000001 0.000001 0.000001 0.000001
0.031206 0.000001 0.000001 0.000001 0.000001 0.000001 0.000001 0.000001 0.000001 0.000001 0.000001 0.000001 0.000001 0.000001 0.000001 0.000001 0.000001 0.000001 0.000001 0.000001 0.000001 0.000001 0.000001 0.000001 0.000001 0.000001 0.000001 0.000001 0.000001 0.000001 0.000001 0.000001 0.000001 0.000001 0.000001 0.000001 0.000001 0.000001 0.000001 0.000001 0.000001 0.000001 0.000001 0.000001 0.000001 0.000001 0.000001 0.000001 0.000001 0.000001
0.030940 0.000001 0.000001 0.000001 0.000001 0.000001 0.000001 0.000001 0.000001 0.000001 0.000001 0.000001 0.000001 0.000001 0.000001 0.000001 0.000001 0.000001 0.000001 0.000001 0.000001 0.000001 0.000001 0.000001 0.000001 0.000001 0.000001 0.000001 0.000001 0.000001 0.000001 0.000001 0.000001 0.000001 0.000001 0.000001 0.000001 0.000001 0.000001 0.000001 0.000001 0.000001 0.000001 0.000001 0.000001 0.000001 0.000001 0.000001 0.000001 0.000001
0.029984 0.000001 0.000001 0.000001 0.000001 0.000001 0.000001 0.000001 0.000001 0.000001 0.000001 0.000001 0.000001 0.000001 0.000001 0.000001 0.000001 0.000001 0.000001 0.000001 0.000001 0.000001 0.000001 0.000001 0.000001 0.000001 0.000001 0.000001 0.000001 0.000001 0.000001 0.000001 0.000001 0.000001 0.000001 0.000001 0.000001 0.000001 0.000001 0.000001 0.000001 0.000001 0.000001 0.000001 0.000001 0.000001 0.000001 0.000001 0.000001 0.000001
0.030116 0.000001 0.000001 0.000001 0.000001 0.000001 0.000001 0.000001 0.000001 0.000001 0.000001 0.000001 0.000001 0.000001 0.000001 0.000001 0.000001 0.000001 0.000001 0.000001 0.000001 0.000001 0.000001 0.000001 0.000001 0.000001 0.000001 0.000001 0.000001 0.000001 0.000001 0.000001 0.000001 0.000001 0.000001 0.000001 0.000001 0.000001 0.000001 0.000001 0.000001 0.000001 0.000001 0.000001 0.000001 0.000001 0.000001 0.000001 0.000001 0.000001
0.029809 0.000001 0.000001 0.000001 0.000001 0.000001 0.000001 0.000001 0.000001 0.000001 0.000001 0.000001 0.000001 0.000001 0.000001 0.000001 0.000001 0.000001 0.000001 0.000001 0.000001 0.000001 0.000001 0.000001 0.000001 0.000001 0.000001 0.000001 0.000001 0.000001 0.000001 0.000001 0.000001 0.000001 0.000001 0.000001 0.000001 0.000001 0.000001 0.000001 0.000001 0.000001 0.000001 0.000001 0.000001 0.000001 0.000001 0.000001 0.000001 0.000001
0.029380 0.000001 0.000001 0.000001 0.000001 0.000001 0.000001 0.000001 0.000001 0.000001 0.000001 0.000001 0.000001 0.000001 0.000001 0.000001 0.000001 0.000001 0.000001 0.000001 0.000001 0.000001 0.000001 0.000001 0.000001 0.000001 0.000001 0.000001 0.000001 0.000001 0.000001 0.000001 0.000001 0.000001 0.000001 0.000001 0.000001 0.000001 0.000001 0.000001 0.000001 0.000001 0.000001 0.000001 0.000001 0.000001 0.000001 0.000001 0.000001 0.000001
0.028571 0.000001 0.000001 0.000001 0.000001 0.000001 0.000001 0.000001 0.000001 0.000001 0.000001 0.000001 0.000001 0.000001 0.000001 0.000001 0.000001 0.000001 0.000001 0.000001 0.000001 0.000001 0.000001 0.000001 0.000001 0.000001 0.000001 0.000001 0.000001 0.000001 0.000001 0.000001 0.000001 0.000001 0.000001 0.000001 0.000001 0.000001 0.000001 0.000001 0.000001 0.000001 0.000001 0.000001 0.000001 0.000001 0.000001 0.000001 0.000001 0.000001
0.028734 0.000001 0.000001 0.000001 0.000001 0.000001 0.000001 0.000001 0.000001 0.000001 0.000001 0.000001 0.000001 0.000001 0.000001 0.000001 0.000001 0.000001 0.000001 0.000001 0.000001 0.000001 0.000001 0.000001 0.000001 0.000001 0.000001 0.000001 0.000001 0.000001 0.000001 0.000001 0.000001 0.000001 0.000001 0.000001 0.000001 0.000001 0.000001 0.000001 0.000001 0.000001 0.000001 0.000001 0.000001 0.000001 0.000001 0.000001 0.000001 0.000001
0.028448 0.000001 0.000001 0.000001 0.000001 0.000001 0.000001 0.000001 0.000001 0.000001 0.000001 0.000001 0.000001 0.000001 0.000001 0.000001 0.000001 0.000001 0.000001 0.000001 0.000001 0.000001 0.000001 0.000001 0.000001 0.000001 0.000001 0.000001 0.000001 0.000001 0.000001 0.000001 0.000001 0.000001 0.000001 0.000001 0.000001 0.000001 0.000001 0.000001 0.000001 0.000001 0.000001 0.000001 0.000001 0.000001 0.000001 0.000001 0.000001 0.000001
0.028825 0.000001 0.000001 0.000001 0.000001 0.000001 0.000001 0.000001 0.000001 0.000001 0.000001 0.000001 0.000001 0.000001 0.000001 0.000001 0.000001 0.000001 0.000001 0.000001 0.000001 0.000001 0.000001 0.000001 0.000001 0.000001 0.000001 0.000001 0.000001 0.000001 0.000001 0.000001 0.000001 0.000001 0.000001 0.000001 0.000001 0.000001 0.000001 0.000001 0.000001 0.000001 0.000001 0.000001 0.000001 0.000001 0.000001 0.000001 0.000001 0.000001
0.028575 0.000001 0.000001 0.000001 0.000001 0.000001 0.000001 0.000001 0.000001 0.000001 0.000001 0.000001 0.000001 0.000001 0.000001 0.000001 0.000001 0.000001 0.000001 0.000001 0.000001 0.000001 0.000001 0.000001 0.000001 0.000001 0.000001 0.000001 0.000001 0.000001 0.000001 0.000001 0.000001 0.000001 0.000001 0.000001 0.000001 0.000001 0.000001 0.000001 0.000001 0.000001 0.000001 0.000001 0.000001 0.000001 0.000001 0.000001 0.000001 0.000001
0.028383 0.000001 0.000001 0.000001 0.000001 0.000001 0.000001 0.000001 0.000001 0.000001 0.000001 0.000001 0.000001 0.000001 0.000001 0.000001 0.000001 0.000001 0.000001 0.000001 0.000001 0.000001 0.000001 0.000001 0.000001 0.000001 0.000001 0.000001 0.000001 0.000001 0.000001 0.000001 0.000001 0.000001 0.000001 0.000001 0.000001 0.000001 0.000001 0.000001 0.000001 0.000001 0.000001 0.000001 0.000001 0.000001 0.000001 0.000001 0.000001 0.000001
