0.763090 0.358483 0.142916 0.338612
0.760597 0.361089 0.140068 0.340818
0.755559 0.366222 0.134465 0.345204
0.748014 0.373718 0.126292 0.351674
0.738038 0.383343 0.115818 0.360076
0.725772 0.394814 0.103387 0.370186
0.711398 0.407819 0.089406 0.381714
0.695088 0.422046 0.074343 0.394297
0.676979 0.437200 0.058726 0.407496
0.657171 0.453020 0.043168 0.420778
0.635763 0.469280 0.028400 0.433490
0.612885 0.485789 0.015340 0.444861
0.588715 0.502391 0.005234 0.454045
0.563452 0.518956 0.000001 0.460278
0.537292 0.535369 0.000001 0.463236
0.510402 0.551502 0.000001 0.463375
0.482980 0.567264 0.000001 0.461092
0.455223 0.582589 0.000001 0.456738
0.427291 0.597430 0.000001 0.450622
0.399310 0.611748 0.000001 0.443007
0.371408 0.625500 0.000001 0.434105
0.343741 0.638635 0.000001 0.424074
0.316474 0.651091 0.000001 0.413035
0.289738 0.662795 0.000001 0.401085
0.263619 0.673666 0.000001 0.388305
0.238189 0.683614 0.000001 0.374763
0.213525 0.692539 0.000001 0.360505
0.189687 0.700334 0.000001 0.345572
0.166690 0.706893 0.000001 0.330008
0.144504 0.712114 0.000001 0.313870
0.123105 0.715895 0.000001 0.297219
0.102529 0.718139 0.000001 0.280131
0.082883 0.718752 0.000001 0.262693
0.064332 0.717655 0.000001 0.245030
0.047093 0.714781 0.000001 0.227314
0.031467 0.710083 0.000001 0.209783
0.017935 0.703534 0.000001 0.192751
0.007280 0.695120 0.000001 0.176601
0.000719 0.684857 0.000001 0.161731
0.000001 0.672819 0.000001 0.148401
0.000001 0.659205 0.000001 0.136428
0.000001 0.644228 0.000001 0.125591
0.000001 0.628096 0.000001 0.115717
0.000001 0.611015 0.000001 0.106669
0.000001 0.593190 0.000001 0.098341
0.000001 0.574832 0.000001 0.090647
0.000001 0.556156 0.000001 0.083521
0.000001 0.537378 0.000001 0.076912
0.000001 0.518716 0.000001 0.070776
0.000001 0.500381 0.000001 0.065079
0.000001 0.482578 0.000001 0.059794
0.000001 0.465494 0.000001 0.054901
0.000001 0.449297 0.000001 0.050391
0.000001 0.434129 0.000001 0.046263
0.000001 0.420102 0.000001 0.042525
0.000001 0.407296 0.000001 0.039195
0.000001 0.395758 0.000001 0.036295
0.000001 0.385499 0.000001 0.033847
0.000001 0.376497 0.000001 0.031867
0.000001 0.368703 0.000001 0.030359
0.000001 0.362039 0.000001 0.029318
0.000001 0.356412 0.000001 0.028723
0.000001 0.351712 0.000001 0.028538
0.000001 0.347824 0.000001 0.028713
0.000001 0.344628 0.000001 0.029189
0.000001 0.342005 0.000001 0.029898
0.000001 0.339844 0.000001 0.030773
0.000001 0.338039 0.000001 0.031749
0.000001 0.336494 0.000001 0.032769
0.000001 0.335125 0.000001 0.033782
0.000001 0.333856 0.000001 0.034747
0.000001 0.332622 0.000001 0.035629
0.000001 0.331370 0.000001 0.036397
0.000001 0.330054 0.000001 0.037030
0.000001 0.328638 0.000001 0.037508
0.000001 0.327093 0.000001 0.037818
0.000001 0.325396 0.000001 0.037950
0.000001 0.323532 0.000001 0.037901
0.000001 0.321488 0.000001 0.037668
0.000001 0.319251 0.000001 0.037251
0.000001 0.316813 0.000001 0.036650
0.000001 0.314162 0.000001 0.035860
0.000001 0.311288 0.000001 0.034870
0.000001 0.308180 0.000001 0.033660
0.000001 0.304831 0.000001 0.032199
0.000001 0.301243 0.000001 0.030446
0.000001 0.297426 0.000001 0.028349
0.000001 0.293412 0.000001 0.025851
0.000001 0.289259 0.000001 0.022891
0.000001 0.285051 0.000001 0.019413
0.000001 0.280911 0.002225 0.015343
0.000001 0.276969 0.007653 0.010954
0.000001 0.273355 0.014773 0.006722
0.000001 0.270198 0.023064 0.003131
0.000001 0.267600 0.032452 0.000693
0.000001 0.265615 0.043089 0.000001
0.000001 0.264210 0.055301 0.000001
0.000001 0.263322 0.069372 0.000001
0.000001 0.262864 0.085411 0.000001
0.000001 0.262713 0.103129 0.000001
