0.078934 0.077779 0.076503 0.075502 0.074918 0.074793 0.075127 0.075906 0.077107 0.078707 0.080682 0.083007 0.085663 0.088628 0.091884 0.095416 0.099208 0.103248 0.107523 0.112024 0.116741 0.121666 0.126792 0.132112 0.137620 0.143313 0.149184 0.155231 0.161450 0.167839 0.174393 0.181113 0.187994 0.195036 0.202238 0.209597 0.217114 0.224787 0.232615 0.240598 0.248735 0.257027 0.265473 0.274073 0.282828 0.291737 0.300800 0.310019 0.319393 0.328924
0.087506 0.083299 0.080581 0.078808 0.077759 0.077326 0.077444 0.078063 0.079142 0.080647 0.082546 0.084811 0.087418 0.090344 0.093570 0.097078 0.100851 0.104877 0.109143 0.113638 0.118351 0.123276 0.128404 0.133728 0.139243 0.144943 0.150824 0.156883 0.163114 0.169517 0.176087 0.182822 0.189721 0.196782 0.204003 0.211384 0.218922 0.226617 0.234469 0.242476 0.250639 0.258957 0.267430 0.276058 0.284842 0.293780 0.302874 0.312125 0.321532 0.331096
0.094352 0.089742 0.086414 0.084085 0.082584 0.081795 0.081631 0.082026 0.082925 0.084285 0.086067 0.088237 0.090768 0.093633 0.096810 0.100280 0.104026 0.108032 0.112285 0.116773 0.121486 0.126415 0.131551 0.136887 0.142418 0.148138 0.154042 0.160125 0.166385 0.172818 0.179421 0.186191 0.193128 0.200228 0.207490 0.214913 0.222497 0.230239 0.238139 0.246196 0.254411 0.262783 0.271311 0.279996 0.288838 0.297837 0.306994 0.316308 0.325781 0.335412
0.099465 0.095900 0.092678 0.090187 0.088453 0.087426 0.087044 0.087247 0.087983 0.089204 0.090870 0.092946 0.095400 0.098204 0.101335 0.104771 0.108494 0.112486 0.116734 0.121226 0.125948 0.130893 0.136051 0.141415 0.146978 0.152734 0.158678 0.164806 0.171114 0.177598 0.184255 0.191084 0.198080 0.205244 0.212572 0.220064 0.227718 0.235533 0.243509 0.251645 0.259941 0.268395 0.277009 0.285782 0.294714 0.303806 0.313057 0.322469 0.332042 0.341777
0.107858 0.102811 0.099284 0.096668 0.094815 0.093657 0.093142 0.093218 0.093838 0.094959 0.096541 0.098547 0.100946 0.103710 0.106814 0.110234 0.113952 0.117950 0.122212 0.126725 0.131478 0.136459 0.141661 0.147074 0.152691 0.158507 0.164516 0.170713 0.177094 0.183655 0.190393 0.197306 0.204390 0.211645 0.219067 0.226656 0.234410 0.242329 0.250411 0.258656 0.267063 0.275632 0.284363 0.293256 0.302311 0.311529 0.320910 0.330454 0.340162 0.350036
0.112471 0.109255 0.105984 0.103335 0.101399 0.100152 0.099550 0.099546 0.100096 0.101157 0.102691 0.104662 0.107039 0.109793 0.112897 0.116330 0.120070 0.124100 0.128403 0.132965 0.137775 0.142821 0.148093 0.153583 0.159283 0.165188 0.171290 0.177585 0.184069 0.190737 0.197586 0.204614 0.211816 0.219193 0.226740 0.234457 0.242343 0.250396 0.258615 0.267001 0.275552 0.284268 0.293149 0.302196 0.311408 0.320786 0.330330 0.340042 0.349921 0.359969
0.123028 0.116971 0.112991 0.110092 0.108021 0.106678 0.106001 0.105940 0.106447 0.107479 0.108997 0.110966 0.113352 0.116127 0.119264 0.122739 0.126532 0.130624 0.134999 0.139641 0.144539 0.149679 0.155053 0.160652 0.166467 0.172491 0.178718 0.185143 0.191761 0.198568 0.205559 0.212733 0.220085 0.227614 0.235318 0.243194 0.251243 0.259462 0.267851 0.276408 0.285135 0.294030 0.303094 0.312326 0.321727 0.331297 0.341038 0.350949 0.361031 0.371286
0.126131 0.123000 0.119492 0.116582 0.114424 0.113000 0.112265 0.112165 0.112652 0.113680 0.115210 0.117204 0.119628 0.122453 0.125651 0.129198 0.133074 0.137258 0.141733 0.146486 0.151501 0.156768 0.162275 0.168012 0.173972 0.180147 0.186529 0.193114 0.199896 0.206871 0.214034 0.221382 0.228913 0.236623 0.244512 0.252577 0.260816 0.269229 0.277815 0.286574 0.295504 0.304605 0.313879 0.323324 0.332942 0.342732 0.352696 0.362833 0.373146 0.383633
0.136847 0.130166 0.125808 0.122640 0.120374 0.118897 0.118135 0.118029 0.118527 0.119581 0.121149 0.123194 0.125682 0.128582 0.131867 0.135512 0.139496 0.143798 0.148402 0.153291 0.158451 0.163870 0.169536 0.175439 0.181569 0.187919 0.194481 0.201250 0.208219 0.215384 0.222742 0.230287 0.238019 0.245933 0.254028 0.262302 0.270754 0.279382 0.288186 0.297165 0.306319 0.315648 0.325151 0.334829 0.344682 0.354710 0.364914 0.375294 0.385851 0.396584
0.138110 0.134589 0.130867 0.127847 0.125637 0.124200 0.123478 0.123416 0.123962 0.125073 0.126708 0.128829 0.131403 0.134401 0.137793 0.141557 0.145670 0.150112 0.154864 0.159910 0.165235 0.170825 0.176667 0.182751 0.189067 0.195606 0.202362 0.209327 0.216496 0.223864 0.231427 0.239182 0.247124 0.255253 0.263564 0.272058 0.280732 0.289585 0.298616 0.307824 0.317210 0.326772 0.336512 0.346428 0.356520 0.366789 0.377233 0.387855 0.398652 0.409627
0.145390 0.139263 0.135241 0.132320 0.130244 0.128918 0.128287 0.128306 0.128932 0.130125 0.131848 0.134064 0.136743 0.139854 0.143371 0.147269 0.151526 0.156121 0.161033 0.166246 0.171742 0.177507 0.183529 0.189796 0.196297 0.203025 0.209972 0.217131 0.224497 0.232064 0.239829 0.247788 0.255938 0.264276 0.272799 0.281506 0.290396 0.299467 0.308717 0.318147 0.327755 0.337540 0.347503 0.357642 0.367957 0.378446 0.389109 0.399945 0.410954 0.422136
0.144963 0.142019 0.138923 0.136336 0.134419 0.133198 0.132656 0.132760 0.133474 0.134760 0.136581 0.138904 0.141698 0.144933 0.148583 0.152624 0.157030 0.161779 0.166849 0.172221 0.177878 0.183806 0.189991 0.196422 0.203091 0.209987 0.217105 0.224437 0.231978 0.239723 0.247668 0.255809 0.264143 0.272667 0.281378 0.290275 0.299354 0.308616 0.318057 0.327677 0.337475 0.347450 0.357599 0.367920 0.378412 0.389072 0.399899 0.410892 0.422051 0.433374
0.151204 0.146747 0.143134 0.140345 0.138366 0.137156 0.136665 0.136842 0.137642 0.139023 0.140948 0.143381 0.146294 0.149656 0.153441 0.157620 0.162165 0.167049 0.172251 0.177753 0.183537 0.189591 0.195902 0.202460 0.209256 0.216282 0.223531 0.230997 0.238674 0.246557 0.254641 0.262923 0.271399 0.280066 0.288920 0.297959 0.307180 0.316581 0.326161 0.335917 0.345847 0.355948 0.366215 0.376645 0.387236 0.397985 0.408890 0.419950 0.431165 0.442531
0.157395 0.151269 0.146930 0.143902 0.141892 0.140732 0.140322 0.140592 0.141489 0.142971 0.145000 0.147544 0.150574 0.154058 0.157964 0.162254 0.166898 0.171872 0.177154 0.182730 0.188587 0.194711 0.201092 0.207722 0.214591 0.221692 0.229018 0.236562 0.244318 0.252282 0.260447 0.268810 0.277366 0.286112 0.295042 0.304155 0.313447 0.322915 0.332556 0.342368 0.352346 0.362482 0.372770 0.383208 0.393794 0.404525 0.415400 0.426416 0.437573 0.448867
0.157331 0.152395 0.148976 0.146517 0.144857 0.143927 0.143680 0.144078 0.145085 0.146669 0.148799 0.151446 0.154581 0.158164 0.162146 0.166484 0.171156 0.176145 0.181436 0.187019 0.192880 0.199009 0.205398 0.212035 0.218914 0.226025 0.233362 0.240917 0.248685 0.256659 0.264833 0.273202 0.281761 0.290505 0.299430 0.308532 0.317806 0.327250 0.336859 0.346631 0.356551 0.366614 0.376818 0.387161 0.397640 0.408253 0.418997 0.429870 0.440869 0.451993
0.153062 0.152571 0.150799 0.149058 0.147759 0.147035 0.146923 0.147422 0.148515 0.150180 0.152391 0.155123 0.158333 0.161951 0.165916 0.170213 0.174834 0.179768 0.185003 0.190529 0.196334 0.202407 0.208739 0.215320 0.222142 0.229196 0.236474 0.243969 0.251673 0.259580 0.267684 0.275978 0.284457 0.293116 0.301949 0.310952 0.320120 0.329449 0.338934 0.348573 0.358360 0.368288 0.378352 0.388549 0.398876 0.409328 0.419903 0.430598 0.441410 0.452337
0.162798 0.157930 0.154776 0.152550 0.151071 0.150285 0.150164 0.150681 0.151807 0.153517 0.155784 0.158571 0.161776 0.165327 0.169219 0.173438 0.177973 0.182813 0.187949 0.193370 0.199065 0.205026 0.211243 0.217707 0.224408 0.231339 0.238492 0.245859 0.253433 0.261206 0.269173 0.277328 0.285663 0.294173 0.302853 0.311698 0.320703 0.329863 0.339173 0.348630 0.358229 0.367965 0.377834 0.387831 0.397952 0.408194 0.418553 0.429025 0.439607 0.450297
0.167354 0.162553 0.158776 0.156091 0.154350 0.153431 0.153251 0.153752 0.154890 0.156629 0.158937 0.161714 0.164845 0.168316 0.172116 0.176234 0.180658 0.185379 0.190387 0.195672 0.201225 0.207036 0.213097 0.219400 0.225935 0.232696 0.239674 0.246861 0.254252 0.261839 0.269615 0.277573 0.285709 0.294016 0.302489 0.311122 0.319910 0.328848 0.337932 0.347156 0.356517 0.366011 0.375632 0.385378 0.395242 0.405223 0.415316 0.425517 0.435823 0.446231
0.169814 0.164688 0.161122 0.158591 0.156937 0.156072 0.155935 0.156476 0.157655 0.159439 0.161775 0.164492 0.167548 0.170932 0.174632 0.178637 0.182937 0.187523 0.192384 0.197513 0.202900 0.208537 0.214415 0.220526 0.226864 0.233419 0.240186 0.247156 0.254324 0.261682 0.269224 0.276943 0.284835 0.292893 0.301111 0.309485 0.318009 0.326679 0.335488 0.344434 0.353511 0.362715 0.372043 0.381489 0.391050 0.400722 0.410502 0.420385 0.430368 0.440448
0.166631 0.164449 0.162036 0.160100 0.158794 0.158150 0.158159 0.158803 0.160062 0.161913 0.164244 0.166907 0.169892 0.173187 0.176783 0.180670 0.184838 0.189278 0.193982 0.198941 0.204147 0.209592 0.215269 0.221169 0.227285 0.233611 0.240140 0.246864 0.253779 0.260876 0.268151 0.275597 0.283209 0.290980 0.298907 0.306983 0.315203 0.323563 0.332059 0.340684 0.349436 0.358309 0.367301 0.376405 0.385620 0.394941 0.404364 0.413885 0.423502 0.433210
0.169338 0.165594 0.163187 0.161486 0.160400 0.159926 0.160064 0.160808 0.162148 0.164061 0.166362 0.168974 0.171888 0.175094 0.178584 0.182348 0.186379 0.190668 0.195206 0.199986 0.205000 0.210241 0.215701 0.221374 0.227253 0.233331 0.239602 0.246060 0.252698 0.259511 0.266492 0.273638 0.280941 0.288397 0.296001 0.303747 0.311632 0.319649 0.327796 0.336066 0.344457 0.352963 0.361581 0.370308 0.379138 0.388069 0.397096 0.406217 0.415428 0.424725
0.168993 0.167036 0.164826 0.163115 0.162031 0.161585 0.161767 0.162561 0.163953 0.165888 0.168151 0.170707 0.173546 0.176660 0.180041 0.183679 0.187568 0.191699 0.196064 0.200657 0.205471 0.210498 0.215731 0.221165 0.226793 0.232609 0.238606 0.244780 0.251124 0.257633 0.264302 0.271125 0.278097 0.285214 0.292471 0.299862 0.307383 0.315031 0.322800 0.330686 0.338685 0.346794 0.355008 0.363323 0.371736 0.380243 0.388841 0.397527 0.406296 0.415147
0.174812 0.169724 0.166676 0.164689 0.163505 0.163033 0.163223 0.164044 0.165473 0.167400 0.169619 0.172114 0.174874 0.177892 0.181159 0.184666 0.188407 0.192374 0.196560 0.200958 0.205563 0.210366 0.215363 0.220547 0.225913 0.231454 0.237165 0.243041 0.249076 0.255266 0.261605 0.268089 0.274712 0.281470 0.288359 0.295374 0.302511 0.309766 0.317134 0.324611 0.332194 0.339879 0.347661 0.355539 0.363507 0.371562 0.379702 0.387922 0.396219 0.404592
0.171712 0.169628 0.167313 0.165554 0.164479 0.164081 0.164332 0.165208 0.166688 0.168598 0.170774 0.173205 0.175883 0.178799 0.181945 0.185314 0.188900 0.192695 0.196694 0.200890 0.205276 0.209847 0.214598 0.219522 0.224615 0.229870 0.235284 0.240850 0.246564 0.252421 0.258417 0.264547 0.270806 0.277190 0.283695 0.290317 0.297051 0.303894 0.310842 0.317890 0.325036 0.332276 0.339605 0.347021 0.354521 0.362100 0.369756 0.377486 0.385286 0.393153
0.173693 0.169759 0.167389 0.165854 0.164988 0.164748 0.165114 0.166075 0.167614 0.169505 0.171635 0.173997 0.176584 0.179390 0.182407 0.185629 0.189050 0.192664 0.196466 0.200449 0.204608 0.208938 0.213432 0.218087 0.222897 0.227857 0.232963 0.238209 0.243591 0.249104 0.254745 0.260509 0.266391 0.272388 0.278496 0.284710 0.291028 0.297444 0.303956 0.310560 0.317252 0.324029 0.330887 0.337824 0.344835 0.351918 0.359070 0.366288 0.373568 0.380909
0.170058 0.168671 0.167147 0.165988 0.165337 0.165236 0.165700 0.166731 0.168302 0.170155 0.172222 0.174499 0.176981 0.179662 0.182536 0.185599 0.188844 0.192266 0.195860 0.199621 0.203543 0.207621 0.211851 0.216227 0.220745 0.225401 0.230189 0.235106 0.240147 0.245307 0.250584 0.255972 0.261467 0.267067 0.272767 0.278563 0.284452 0.290430 0.296494 0.302640 0.308865 0.315166 0.321539 0.327981 0.334489 0.341061 0.347693 0.354382 0.361125 0.367920
0.171844 0.169476 0.167679 0.166446 0.165785 0.165697 0.166177 0.167221 0.168766 0.170544 0.172519 0.174687 0.177043 0.179581 0.182298 0.185187 0.188243 0.191462 0.194838 0.198366 0.202041 0.205860 0.209816 0.213906 0.218125 0.222468 0.226932 0.231513 0.236205 0.241005 0.245910 0.250915 0.256017 0.261212 0.266496 0.271866 0.277319 0.282850 0.288457 0.294136 0.299885 0.305699 0.311576 0.317513 0.323507 0.329555 0.335654 0.341801 0.347994 0.354230
0.174064 0.170626 0.168362 0.166924 0.166164 0.166019 0.166457 0.167466 0.168931 0.170599 0.172454 0.174489 0.176700 0.179080 0.181624 0.184327 0.187183 0.190188 0.193337 0.196624 0.200046 0.203598 0.207275 0.211072 0.214986 0.219013 0.223148 0.227387 0.231726 0.236162 0.240691 0.245309 0.250013 0.254799 0.259663 0.264602 0.269613 0.274692 0.279837 0.285044 0.290310 0.295632 0.301007 0.306432 0.311904 0.317420 0.322978 0.328575 0.334208 0.339875
0.172300 0.170025 0.168167 0.166856 0.166113 0.165939 0.166330 0.167282 0.168640 0.170184 0.171904 0.173795 0.175848 0.178059 0.180422 0.182931 0.185580 0.188366 0.191282 0.194325 0.197489 0.200770 0.204165 0.207668 0.211275 0.214983 0.218787 0.222684 0.226670 0.230741 0.234893 0.239123 0.243428 0.247803 0.252246 0.256754 0.261322 0.265949 0.270630 0.275363 0.280144 0.284971 0.289841 0.294751 0.299698 0.304679 0.309692 0.314734 0.319802 0.324895
0.171247 0.169106 0.167438 0.166195 0.165448 0.165236 0.165572 0.166459 0.167710 0.169133 0.170721 0.172466 0.174363 0.176404 0.178584 0.180898 0.183340 0.185905 0.188589 0.191387 0.194295 0.197308 0.200421 0.203632 0.206935 0.210327 0.213803 0.217361 0.220996 0.224705 0.228484 0.232330 0.236239 0.240208 0.244233 0.248312 0.252441 0.256617 0.260838 0.265099 0.269398 0.273732 0.278099 0.282495 0.286917 0.291364 0.295832 0.300320 0.304823 0.309340
0.169903 0.168213 0.166278 0.164844 0.163993 0.163711 0.163984 0.164803 0.165964 0.167282 0.168750 0.170361 0.172108 0.173986 0.175991 0.178116 0.180357 0.182709 0.185167 0.187727 0.190385 0.193136 0.195977 0.198902 0.201909 0.204992 0.208149 0.211376 0.214669 0.218024 0.221438 0.224907 0.228428 0.231999 0.235614 0.239272 0.242969 0.246702 0.250469 0.254265 0.258088 0.261936 0.265805 0.269693 0.273597 0.277514 0.281443 0.285380 0.289323 0.293270
0.172383 0.166603 0.163908 0.162349 0.161475 0.161169 0.161399 0.162155 0.163251 0.164484 0.165847 0.167338 0.168950 0.170679 0.172521 0.174471 0.176524 0.178675 0.180921 0.183258 0.185679 0.188182 0.190763 0.193417 0.196141 0.198930 0.201780 0.204689 0.207653 0.210667 0.213729 0.216835 0.219981 0.223165 0.226383 0.229632 0.232909 0.236211 0.239535 0.242877 0.246236 0.249608 0.252990 0.256380 0.259776 0.263174 0.266573 0.269970 0.273363 0.276751
0.158313 0.160285 0.159551 0.158537 0.157814 0.157527 0.157719 0.158405 0.159446 0.160607 0.161883 0.163270 0.164765 0.166365 0.168064 0.169858 0.171744 0.173716 0.175770 0.177902 0.180107 0.182382 0.184723 0.187125 0.189584 0.192098 0.194661 0.197271 0.199923 0.202615 0.205342 0.208102 0.210891 0.213706 0.216543 0.219400 0.222274 0.225160 0.228057 0.230962 0.233871 0.236782 0.239693 0.242600 0.245502 0.248397 0.251282 0.254156 0.257016 0.259863
0.163034 0.157797 0.155433 0.154011 0.153145 0.152766 0.152868 0.153458 0.154439 0.155542 0.156749 0.158056 0.159460 0.160956 0.162539 0.164206 0.165951 0.167770 0.169658 0.171612 0.173627 0.175699 0.177825 0.179999 0.182219 0.184481 0.186780 0.189113 0.191478 0.193869 0.196285 0.198720 0.201173 0.203640 0.206118 0.208604 0.211093 0.213585 0.216075 0.218562 0.221041 0.223512 0.225971 0.228417 0.230847 0.233260 0.235655 0.238030 0.240385 0.242718
0.152047 0.151269 0.149584 0.148152 0.147180 0.146699 0.146708 0.147206 0.148135 0.149209 0.150380 0.151642 0.152989 0.154416 0.155918 0.157490 0.159127 0.160825 0.162579 0.164386 0.166240 0.168139 0.170078 0.172053 0.174061 0.176098 0.178160 0.180244 0.182346 0.184464 0.186592 0.188729 0.190871 0.193015 0.195157 0.197295 0.199426 0.201546 0.203654 0.205746 0.207821 0.209876 0.211910 0.213921 0.215909 0.217872 0.219810 0.221723 0.223611 0.225475
0.147660 0.144336 0.142162 0.140624 0.139625 0.139131 0.139124 0.139589 0.140504 0.141604 0.142788 0.144050 0.145382 0.146780 0.148238 0.149752 0.151316 0.152926 0.154579 0.156271 0.157996 0.159752 0.161535 0.163341 0.165167 0.167008 0.168862 0.170725 0.172593 0.174464 0.176334 0.178199 0.180057 0.181905 0.183738 0.185556 0.187354 0.189130 0.190883 0.192610 0.194310 0.195982 0.197625 0.199239 0.200825 0.202383 0.203913 0.205416 0.206895 0.208350
0.136667 0.134389 0.132542 0.131244 0.130446 0.130104 0.130197 0.130714 0.131651 0.132838 0.134087 0.135393 0.136752 0.138159 0.139608 0.141097 0.142621 0.144176 0.145759 0.147365 0.148992 0.150635 0.152292 0.153958 0.155630 0.157305 0.158979 0.160649 0.162313 0.163965 0.165604 0.167226 0.168829 0.170408 0.171962 0.173487 0.174983 0.176447 0.177877 0.179275 0.180639 0.181970 0.183269 0.184538 0.185779 0.186993 0.188183 0.189350 0.190499 0.191632
0.124538 0.122492 0.121296 0.120529 0.120108 0.120026 0.120287 0.120900 0.121873 0.123154 0.124499 0.125879 0.127291 0.128733 0.130200 0.131690 0.133199 0.134725 0.136263 0.137810 0.139364 0.140921 0.142477 0.144030 0.145575 0.147111 0.148633 0.150138 0.151623 0.153085 0.154521 0.155928 0.157303 0.158643 0.159947 0.161212 0.162439 0.163627 0.164778 0.165892 0.166972 0.168020 0.169041 0.170037 0.171012 0.171968 0.172909 0.173839 0.174764 0.175684
0.109256 0.109925 0.109780 0.109529 0.109414 0.109526 0.109907 0.110581 0.111564 0.112861 0.114307 0.115767 0.117242 0.118729 0.120227 0.121733 0.123244 0.124757 0.126270 0.127778 0.129280 0.130771 0.132249 0.133711 0.135153 0.136573 0.137966 0.139331 0.140664 0.141961 0.143220 0.144438 0.145613 0.146744 0.147831 0.148873 0.149873 0.150834 0.151760 0.152655 0.153523 0.154370 0.155201 0.156021 0.156833 0.157637 0.158443 0.159255 0.160075 0.160900
0.101391 0.100234 0.099526 0.099123 0.098987 0.099111 0.099499 0.100155 0.101090 0.102312 0.103791 0.105320 0.106852 0.108385 0.109917 0.111444 0.112965 0.114476 0.115974 0.117457 0.118921 0.120363 0.121780 0.123169 0.124527 0.125850 0.127137 0.128382 0.129584 0.130739 0.131845 0.132901 0.133906 0.134861 0.135771 0.136639 0.137470 0.138272 0.139053 0.139817 0.140568 0.141318 0.142072 0.142828 0.143587 0.144352 0.145138 0.145939 0.146751 0.147572
0.093043 0.090824 0.089700 0.089128 0.088911 0.088979 0.089309 0.089893 0.090734 0.091836 0.093203 0.094768 0.096347 0.097921 0.099484 0.101034 0.102567 0.104081 0.105572 0.107037 0.108473 0.109877 0.111246 0.112576 0.113864 0.115108 0.116303 0.117447 0.118537 0.119571 0.120548 0.121469 0.122340 0.123166 0.123957 0.124720 0.125464 0.126202 0.126939 0.127674 0.128419 0.129181 0.129955 0.130737 0.131526 0.132319 0.133121 0.133934 0.134756 0.135588
0.079833 0.079961 0.079638 0.079324 0.079168 0.079217 0.079487 0.079984 0.080711 0.081673 0.082876 0.084314 0.085918 0.087529 0.089121 0.090692 0.092239 0.093757 0.095245 0.096697 0.098112 0.099486 0.100815 0.102096 0.103326 0.104501 0.105619 0.106676 0.107671 0.108605 0.109481 0.110308 0.111099 0.111865 0.112622 0.113372 0.114131 0.114906 0.115689 0.116476 0.117268 0.118067 0.118875 0.119691 0.120514 0.121344 0.122179 0.123021 0.123870 0.124727
0.071318 0.070935 0.070498 0.070163 0.069987 0.069996 0.070199 0.070603 0.071211 0.072028 0.073057 0.074304 0.075759 0.077363 0.078991 0.080581 0.082142 0.083666 0.085152 0.086595 0.087992 0.089340 0.090635 0.091875 0.093054 0.094171 0.095222 0.096206 0.097124 0.097987 0.098809 0.099609 0.100398 0.101200 0.102012 0.102827 0.103646 0.104471 0.105303 0.106140 0.106983 0.107831 0.108685 0.109544 0.110410 0.111281 0.112157 0.113039 0.113926 0.114818
0.065009 0.063196 0.062294 0.061791 0.061537 0.061484 0.061616 0.061929 0.062420 0.063092 0.063948 0.064994 0.066232 0.067656 0.069221 0.070841 0.072411 0.073941 0.075425 0.076860 0.078241 0.079567 0.080832 0.082034 0.083170 0.084235 0.085229 0.086155 0.087030 0.087878 0.088722 0.089579 0.090438 0.091300 0.092168 0.093041 0.093918 0.094800 0.095685 0.096576 0.097471 0.098371 0.099275 0.100183 0.101097 0.102014 0.102936 0.103863 0.104794 0.105729
0.055167 0.054990 0.054516 0.054129 0.053896 0.053820 0.053898 0.054125 0.054503 0.055032 0.055717 0.056562 0.057572 0.058754 0.060100 0.061585 0.063145 0.064687 0.066165 0.067591 0.068957 0.070261 0.071498 0.072667 0.073762 0.074782 0.075732 0.076637 0.077535 0.078442 0.079350 0.080263 0.081180 0.082101 0.083026 0.083954 0.084887 0.085823 0.086763 0.087707 0.088655 0.089607 0.090562 0.091522 0.092485 0.093451 0.094422 0.095396 0.096374 0.097355
0.049038 0.048205 0.047750 0.047446 0.047253 0.047167 0.047192 0.047333 0.047593 0.047975 0.048486 0.049130 0.049912 0.050840 0.051919 0.053146 0.054506 0.055959 0.057440 0.058853 0.060202 0.061485 0.062696 0.063833 0.064891 0.065876 0.066820 0.067772 0.068726 0.069684 0.070646 0.071612 0.072581 0.073555 0.074532 0.075513 0.076498 0.077486 0.078478 0.079473 0.080472 0.081474 0.082480 0.083489 0.084502 0.085518 0.086537 0.087560 0.088585 0.089614
0.042607 0.042475 0.042244 0.042001 0.041797 0.041658 0.041600 0.041630 0.041755 0.041981 0.042312 0.042753 0.043309 0.043986 0.044792 0.045730 0.046804 0.048004 0.049308 0.050666 0.052011 0.053268 0.054454 0.055561 0.056588 0.057572 0.058563 0.059557 0.060556 0.061560 0.062568 0.063580 0.064597 0.065617 0.066642 0.067670 0.068702 0.069738 0.070778 0.071822 0.072869 0.073919 0.074973 0.076031 0.077091 0.078155 0.079222 0.080292 0.081366 0.082442
0.038941 0.038715 0.038294 0.037895 0.037558 0.037293 0.037105 0.036996 0.036969 0.037027 0.037174 0.037412 0.037747 0.038183 0.038725 0.039380 0.040153 0.041047 0.042061 0.043182 0.044381 0.045603 0.046774 0.047850 0.048869 0.049889 0.050915 0.051946 0.052983 0.054026 0.055073 0.056125 0.057182 0.058244 0.059311 0.060382 0.061457 0.062537 0.063621 0.064709 0.065800 0.066896 0.067995 0.069098 0.070205 0.071314 0.072428 0.073544 0.074664 0.075787
0.037770 0.036282 0.035441 0.034816 0.034311 0.033896 0.033563 0.033306 0.033124 0.033016 0.032983 0.033028 0.033152 0.033360 0.033656 0.034044 0.034531 0.035123 0.035824 0.036636 0.037553 0.038559 0.039619 0.040680 0.041724 0.042770 0.043827 0.044888 0.045957 0.047032 0.048113 0.049200 0.050293 0.051392 0.052496 0.053605 0.054719 0.055839 0.056963 0.058092 0.059225 0.060363 0.061505 0.062651 0.063801 0.064955 0.066112 0.067273 0.068438 0.069605
0.033997 0.033709 0.033025 0.032351 0.031751 0.031228 0.030776 0.030390 0.030068 0.029809 0.029611 0.029477 0.029409 0.029408 0.029479 0.029626 0.029852 0.030165 0.030569 0.031070 0.031672 0.032376 0.033172 0.034066 0.035081 0.036165 0.037243 0.038330 0.039427 0.040530 0.041641 0.042759 0.043884 0.045015 0.046153 0.047298 0.048448 0.049605 0.050766 0.051934 0.053106 0.054284 0.055466 0.056653 0.057845 0.059041 0.060241 0.061445 0.062653 0.063864
0.033246 0.031897 0.031050 0.030344 0.029705 0.029120 0.028583 0.028095 0.027655 0.027263 0.026921 0.026628 0.026388 0.026202 0.026073 0.026003 0.025998 0.026062 0.026199 0.026417 0.026720 0.027114 0.027603 0.028241 0.029058 0.030027 0.031100 0.032224 0.033342 0.034471 0.035610 0.036757 0.037912 0.039075 0.040245 0.041423 0.042608 0.043799 0.044997 0.046201 0.047411 0.048627 0.049849 0.051076 0.052308 0.053544 0.054786 0.056032 0.057282 0.058536
0.030324 0.030029 0.029442 0.028790 0.028135 0.027497 0.026886 0.026307 0.025763 0.025255 0.024785 0.024354 0.023963 0.023614 0.023310 0.023053 0.022846 0.022692 0.022597 0.022565 0.022602 0.022714 0.022917 0.023289 0.023846 0.024584 0.025486 0.026523 0.027650 0.028817 0.029980 0.031156 0.032342 0.033535 0.034738 0.035949 0.037167 0.038394 0.039627 0.040868 0.042116 0.043369 0.044630 0.045896 0.047167 0.048444 0.049726 0.051013 0.052305 0.053601
0.029987 0.029288 0.028545 0.027786 0.027037 0.026309 0.025607 0.024934 0.024290 0.023676 0.023092 0.022540 0.022019 0.021530 0.021076 0.020657 0.020277 0.019938 0.019643 0.019398 0.019205 0.019073 0.019035 0.019166 0.019472 0.019956 0.020617 0.021446 0.022426 0.023531 0.024717 0.025932 0.027146 0.028373 0.029609 0.030854 0.032108 0.033370 0.034640 0.035918 0.037203 0.038495 0.039794 0.041099 0.042411 0.043728 0.045051 0.046379 0.047712 0.049049
0.030588 0.029223 0.028125 0.027162 0.026274 0.025436 0.024637 0.023872 0.023137 0.022429 0.021747 0.021091 0.020459 0.019852 0.019271 0.018717 0.018190 0.017694 0.017232 0.016806 0.016420 0.016081 0.015854 0.015784 0.015874 0.016128 0.016551 0.017143 0.017903 0.018822 0.019885 0.021062 0.022313 0.023578 0.024848 0.026130 0.027421 0.028720 0.030029 0.031345 0.032669 0.034001 0.035339 0.036685 0.038036 0.039394 0.040757 0.042126 0.043500 0.044879
0.029861 0.028668 0.027594 0.026584 0.025630 0.024723 0.023856 0.023022 0.022215 0.021433 0.020671 0.019930 0.019207 0.018503 0.017817 0.017150 0.016502 0.015876 0.015274 0.014698 0.014151 0.013653 0.013281 0.013049 0.012963 0.013027 0.013245 0.013622 0.014160 0.014861 0.015724 0.016739 0.017890 0.019147 0.020465 0.021785 0.023115 0.024455 0.025803 0.027160 0.028524 0.029896 0.031275 0.032661 0.034054 0.035452 0.036857 0.038266 0.039681 0.041101
0.028578 0.027919 0.026960 0.025978 0.025022 0.024097 0.023200 0.022326 0.021471 0.020634 0.019813 0.019005 0.018209 0.017426 0.016655 0.015896 0.015149 0.014417 0.013700 0.013001 0.012323 0.011715 0.011233 0.010880 0.010658 0.010572 0.010625 0.010824 0.011171 0.011672 0.012331 0.013148 0.014121 0.015243 0.016494 0.017838 0.019217 0.020597 0.021987 0.023386 0.024792 0.026205 0.027625 0.029052 0.030485 0.031924 0.033368 0.034818 0.036272 0.037731
0.029217 0.027535 0.026412 0.025433 0.024496 0.023575 0.022667 0.021770 0.020884 0.020008 0.019140 0.018280 0.017428 0.016582 0.015743 0.014910 0.014083 0.013265 0.012454 0.011655 0.010882 0.010207 0.009648 0.009206 0.008884 0.008685 0.008613 0.008672 0.008868 0.009204 0.009687 0.010320 0.011109 0.012054 0.013152 0.014394 0.015755 0.017184 0.018616 0.020056 0.021504 0.022958 0.024419 0.025886 0.027358 0.028836 0.030319 0.031807 0.033299 0.034795
0.027041 0.026668 0.025916 0.025040 0.024124 0.023199 0.022275 0.021357 0.020444 0.019536 0.018633 0.017734 0.016837 0.015942 0.015049 0.014157 0.013267 0.012378 0.011494 0.010616 0.009795 0.009079 0.008468 0.007966 0.007574 0.007295 0.007132 0.007089 0.007170 0.007380 0.007724 0.008208 0.008837 0.009616 0.010550 0.011640 0.012882 0.014261 0.015731 0.017212 0.018699 0.020193 0.021691 0.023195 0.024705 0.026218 0.027736 0.029258 0.030784 0.032314
0.027479 0.026811 0.025869 0.024887 0.023912 0.022952 0.022003 0.021064 0.020130 0.019200 0.018272 0.017343 0.016413 0.015480 0.014545 0.013607 0.012667 0.011724 0.010780 0.009856 0.009021 0.008283 0.007644 0.007106 0.006669 0.006337 0.006112 0.005997 0.005997 0.006115 0.006357 0.006728 0.007232 0.007878 0.008670 0.009615 0.010716 0.011974 0.013380 0.014891 0.016413 0.017941 0.019473 0.021010 0.022550 0.024094 0.025642 0.027194 0.028748 0.030306
0.029501 0.027200 0.025824 0.024722 0.023715 0.022747 0.021798 0.020856 0.019917 0.018976 0.018033 0.017086 0.016133 0.015173 0.014207 0.013234 0.012254 0.011268 0.010282 0.009355 0.008520 0.007777 0.007127 0.006571 0.006110 0.005747 0.005484 0.005324 0.005271 0.005327 0.005498 0.005789 0.006205 0.006751 0.007435 0.008263 0.009242 0.010378 0.011674 0.013126 0.014674 0.016228 0.017786 0.019347 0.020911 0.022479 0.024049 0.025622 0.027199 0.028778
0.025746 0.025868 0.025202 0.024356 0.023465 0.022559 0.021644 0.020722 0.019792 0.018853 0.017904 0.016946 0.015978 0.014999 0.014009 0.013009 0.011999 0.010980 0.009986 0.009075 0.008251 0.007515 0.006867 0.006309 0.005840 0.005465 0.005183 0.004999 0.004915 0.004935 0.005063 0.005302 0.005659 0.006139 0.006748 0.007493 0.008381 0.009419 0.010616 0.011976 0.013493 0.015063 0.016636 0.018212 0.019790 0.021371 0.022955 0.024542 0.026131 0.027723
0.026890 0.025755 0.024960 0.024167 0.023337 0.022475 0.021589 0.020684 0.019762 0.018826 0.017874 0.016909 0.015929 0.014936 0.013928 0.012907 0.011873 0.010836 0.009865 0.008977 0.008173 0.007453 0.006818 0.006268 0.005805 0.005431 0.005147 0.004956 0.004861 0.004864 0.004970 0.005183 0.005507 0.005948 0.006511 0.007204 0.008032 0.009005 0.010129 0.011414 0.012866 0.014435 0.016010 0.017588 0.019169 0.020754 0.022341 0.023932 0.025526 0.027123
0.026505 0.025922 0.025120 0.024279 0.023421 0.022547 0.021656 0.020749 0.019825 0.018884 0.017927 0.016953 0.015963 0.014957 0.013934 0.012896 0.011844 0.010821 0.009880 0.009020 0.008242 0.007545 0.006930 0.006399 0.005951 0.005590 0.005316 0.005131 0.005040 0.005043 0.005146 0.005351 0.005664 0.006089 0.006632 0.007299 0.008097 0.009033 0.010115 0.011353 0.012755 0.014301 0.015866 0.017435 0.019009 0.020587 0.022169 0.023755 0.025346 0.026940
0.027579 0.026398 0.025421 0.024501 0.023600 0.022700 0.021793 0.020875 0.019943 0.018995 0.018030 0.017048 0.016048 0.015030 0.013994 0.012942 0.011887 0.010898 0.009990 0.009162 0.008414 0.007745 0.007158 0.006651 0.006228 0.005888 0.005634 0.005467 0.005392 0.005409 0.005523 0.005737 0.006056 0.006484 0.007027 0.007690 0.008480 0.009405 0.010472 0.011690 0.013068 0.014591 0.016138 0.017690 0.019249 0.020813 0.022383 0.023958 0.025538 0.027123
0.027033 0.026288 0.025456 0.024592 0.023714 0.022823 0.021919 0.021000 0.020066 0.019113 0.018143 0.017154 0.016146 0.015119 0.014075 0.013013 0.011981 0.011029 0.010156 0.009362 0.008648 0.008013 0.007457 0.006982 0.006588 0.006278 0.006052 0.005913 0.005863 0.005904 0.006041 0.006277 0.006616 0.007062 0.007621 0.008298 0.009101 0.010035 0.011108 0.012330 0.013709 0.015216 0.016740 0.018272 0.019811 0.021358 0.022912 0.024472 0.026039 0.027611
0.026681 0.026121 0.025383 0.024580 0.023742 0.022878 0.021990 0.021081 0.020150 0.019199 0.018227 0.017236 0.016225 0.015194 0.014144 0.013086 0.012093 0.011179 0.010344 0.009588 0.008911 0.008313 0.007794 0.007355 0.006997 0.006722 0.006530 0.006425 0.006409 0.006483 0.006652 0.006920 0.007289 0.007765 0.008353 0.009058 0.009887 0.010846 0.011943 0.013188 0.014587 0.016080 0.017582 0.019094 0.020614 0.022143 0.023680 0.025224 0.026776 0.028334
0.027469 0.026265 0.025386 0.024563 0.023731 0.022878 0.022000 0.021099 0.020174 0.019228 0.018260 0.017272 0.016262 0.015233 0.014184 0.013153 0.012200 0.011327 0.010534 0.009818 0.009182 0.008624 0.008145 0.007746 0.007428 0.007192 0.007040 0.006974 0.006997 0.007110 0.007318 0.007624 0.008031 0.008545 0.009171 0.009914 0.010780 0.011776 0.012910 0.014191 0.015619 0.017094 0.018579 0.020074 0.021578 0.023091 0.024612 0.026141 0.027678 0.029222
0.026273 0.025967 0.025275 0.024487 0.023661 0.022811 0.021939 0.021045 0.020130 0.019193 0.018235 0.017256 0.016256 0.015235 0.014196 0.013207 0.012298 0.011468 0.010718 0.010046 0.009452 0.008936 0.008500 0.008143 0.007867 0.007673 0.007563 0.007540 0.007604 0.007760 0.008011 0.008359 0.008810 0.009367 0.010036 0.010823 0.011733 0.012774 0.013953 0.015279 0.016724 0.018186 0.019658 0.021140 0.022631 0.024130 0.025638 0.027155 0.028679 0.030210
0.027047 0.025952 0.025120 0.024312 0.023491 0.022653 0.021797 0.020922 0.020026 0.019109 0.018169 0.017207 0.016223 0.015216 0.014203 0.013259 0.012396 0.011611 0.010904 0.010275 0.009724 0.009252 0.008858 0.008544 0.008310 0.008159 0.008092 0.008111 0.008218 0.008418 0.008712 0.009104 0.009600 0.010202 0.010918 0.011751 0.012709 0.013798 0.015026 0.016401 0.017845 0.019299 0.020761 0.022233 0.023714 0.025203 0.026701 0.028206 0.029720 0.031241
0.025801 0.025437 0.024744 0.023989 0.023214 0.022420 0.021605 0.020767 0.019905 0.019017 0.018103 0.017164 0.016199 0.015211 0.014234 0.013336 0.012515 0.011773 0.011108 0.010521 0.010011 0.009579 0.009225 0.008951 0.008758 0.008647 0.008621 0.008681 0.008830 0.009071 0.009408 0.009844 0.010383 0.011030 0.011790 0.012670 0.013675 0.014813 0.016091 0.017501 0.018938 0.020385 0.021841 0.023305 0.024778 0.026259 0.027748 0.029245 0.030750 0.032263
0.026248 0.025084 0.024328 0.023640 0.022942 0.022216 0.021457 0.020664 0.019838 0.018981 0.018093 0.017175 0.016230 0.015258 0.014321 0.013461 0.012679 0.011974 0.011346 0.010795 0.010321 0.009925 0.009607 0.009369 0.009212 0.009138 0.009148 0.009245 0.009431 0.009711 0.010086 0.010561 0.011141 0.011829 0.012632 0.013555 0.014605 0.015788 0.017114 0.018536 0.019968 0.021409 0.022858 0.024317 0.025783 0.027258 0.028741 0.030231 0.031729 0.033235
0.024341 0.024405 0.024018 0.023479 0.022862 0.022187 0.021465 0.020701 0.019898 0.019058 0.018185 0.017280 0.016345 0.015387 0.014480 0.013651 0.012898 0.012223 0.011624 0.011102 0.010657 0.010290 0.010002 0.009793 0.009666 0.009622 0.009663 0.009791 0.010010 0.010321 0.010730 0.011239 0.011854 0.012578 0.013418 0.014379 0.015469 0.016693 0.018058 0.019476 0.020903 0.022339 0.023783 0.025236 0.026697 0.028166 0.029644 0.031129 0.032621 0.034121
0.025590 0.024889 0.024324 0.023733 0.023095 0.022409 0.021680 0.020911 0.020104 0.019263 0.018388 0.017482 0.016546 0.015595 0.014707 0.013897 0.013165 0.012509 0.011931 0.011430 0.011006 0.010661 0.010395 0.010209 0.010105 0.010084 0.010149 0.010302 0.010546 0.010884 0.011319 0.011856 0.012499 0.013253 0.014123 0.015116 0.016238 0.017496 0.018882 0.020294 0.021716 0.023147 0.024587 0.026035 0.027492 0.028957 0.030430 0.031910 0.033399 0.034894
0.026107 0.025547 0.024902 0.024228 0.023526 0.022794 0.022029 0.021233 0.020405 0.019547 0.018659 0.017742 0.016798 0.015848 0.014969 0.014169 0.013448 0.012805 0.012240 0.011752 0.011343 0.011012 0.010761 0.010591 0.010503 0.010499 0.010582 0.010753 0.011015 0.011372 0.011828 0.012385 0.013049 0.013825 0.014719 0.015735 0.016882 0.018166 0.019559 0.020967 0.022384 0.023810 0.025246 0.026690 0.028143 0.029605 0.031074 0.032552 0.034037 0.035530
0.026626 0.026047 0.025382 0.024671 0.023929 0.023162 0.022368 0.021548 0.020700 0.019825 0.018923 0.017995 0.017041 0.016089 0.015214 0.014420 0.013705 0.013069 0.012511 0.012032 0.011631 0.011310 0.011068 0.010908 0.010831 0.010838 0.010931 0.011114 0.011389 0.011759 0.012227 0.012798 0.013477 0.014268 0.015176 0.016209 0.017372 0.018674 0.020067 0.021471 0.022884 0.024308 0.025740 0.027182 0.028633 0.030092 0.031560 0.033035 0.034519 0.036009
0.027268 0.026384 0.025625 0.024890 0.024142 0.023370 0.022572 0.021746 0.020893 0.020012 0.019105 0.018171 0.017212 0.016262 0.015391 0.014600 0.013890 0.013258 0.012705 0.012230 0.011835 0.011518 0.011282 0.011128 0.011056 0.011069 0.011169 0.011358 0.011640 0.012016 0.012492 0.013070 0.013757 0.014555 0.015472 0.016514 0.017686 0.018996 0.020388 0.021789 0.023201 0.024623 0.026055 0.027496 0.028945 0.030404 0.031871 0.033346 0.034829 0.036320
0.026546 0.026077 0.025486 0.024828 0.024122 0.023376 0.022594 0.021780 0.020935 0.020061 0.019158 0.018227 0.017270 0.016325 0.015459 0.014674 0.013967 0.013339 0.012789 0.012317 0.011924 0.011611 0.011377 0.011225 0.011156 0.011171 0.011273 0.011464 0.011747 0.012126 0.012604 0.013184 0.013872 0.014672 0.015590 0.016633 0.017806 0.019117 0.020509 0.021911 0.023324 0.024747 0.026180 0.027621 0.029072 0.030532 0.032000 0.033476 0.034960 0.036451
0.026183 0.025797 0.025264 0.024636 0.023951 0.023223 0.022458 0.021660 0.020829 0.019967 0.019074 0.018152 0.017201 0.016264 0.015404 0.014624 0.013921 0.013296 0.012748 0.012278 0.011886 0.011573 0.011340 0.011188 0.011118 0.011132 0.011233 0.011423 0.011704 0.012080 0.012555 0.013132 0.013816 0.014612 0.015525 0.016562 0.017729 0.019033 0.020427 0.021833 0.023250 0.024676 0.026111 0.027556 0.029010 0.030472 0.031943 0.033421 0.034907 0.036400
0.026554 0.025836 0.025110 0.024401 0.023690 0.022962 0.022207 0.021422 0.020605 0.019756 0.018874 0.017961 0.017018 0.016087 0.015233 0.014456 0.013756 0.013132 0.012585 0.012116 0.011723 0.011409 0.011174 0.011019 0.010947 0.010958 0.011054 0.011239 0.011515 0.011885 0.012352 0.012921 0.013596 0.014382 0.015285 0.016309 0.017462 0.018751 0.020148 0.021560 0.022981 0.024413 0.025853 0.027302 0.028760 0.030226 0.031700 0.033181 0.034670 0.036165
0.026679 0.025501 0.024699 0.024001 0.023315 0.022611 0.021877 0.021108 0.020304 0.019465 0.018593 0.017688 0.016752 0.015823 0.014970 0.014193 0.013493 0.012869 0.012321 0.011849 0.011455 0.011137 0.010898 0.010739 0.010661 0.010666 0.010755 0.010932 0.011199 0.011559 0.012015 0.012571 0.013232 0.014003 0.014888 0.015893 0.017025 0.018290 0.019682 0.021101 0.022530 0.023967 0.025413 0.026867 0.028329 0.029798 0.031275 0.032759 0.034250 0.035747
0.024167 0.024237 0.023940 0.023460 0.022875 0.022222 0.021515 0.020763 0.019970 0.019139 0.018272 0.017371 0.016438 0.015508 0.014651 0.013872 0.013168 0.012540 0.011988 0.011512 0.011113 0.010790 0.010545 0.010378 0.010292 0.010287 0.010367 0.010532 0.010786 0.011131 0.011572 0.012111 0.012752 0.013501 0.014362 0.015341 0.016443 0.017677 0.019047 0.020473 0.021908 0.023350 0.024800 0.026258 0.027723 0.029194 0.030673 0.032158 0.033649 0.035147
0.023642 0.023857 0.023585 0.023113 0.022535 0.021887 0.021184 0.020435 0.019644 0.018814 0.017948 0.017048 0.016115 0.015179 0.014315 0.013529 0.012818 0.012184 0.011626 0.011143 0.010735 0.010404 0.010150 0.009973 0.009875 0.009858 0.009924 0.010074 0.010310 0.010637 0.011056 0.011572 0.012187 0.012908 0.013737 0.014682 0.015747 0.016939 0.018265 0.019691 0.021128 0.022573 0.024024 0.025482 0.026946 0.028417 0.029894 0.031377 0.032866 0.034360
0.026049 0.024551 0.023686 0.022994 0.022327 0.021638 0.020915 0.020155 0.019357 0.018522 0.017652 0.016749 0.015814 0.014869 0.013995 0.013200 0.012480 0.011837 0.011269 0.010776 0.010359 0.010016 0.009749 0.009559 0.009447 0.009413 0.009460 0.009590 0.009805 0.010106 0.010498 0.010984 0.011566 0.012250 0.013040 0.013940 0.014957 0.016096 0.017365 0.018762 0.020197 0.021638 0.023085 0.024538 0.025997 0.027461 0.028932 0.030408 0.031890 0.033377
0.024254 0.023973 0.023438 0.022812 0.022141 0.021436 0.020698 0.019925 0.019118 0.018277 0.017401 0.016493 0.015553 0.014600 0.013715 0.012909 0.012180 0.011525 0.010946 0.010441 0.010010 0.009653 0.009371 0.009163 0.009032 0.008978 0.009001 0.009105 0.009291 0.009562 0.009919 0.010367 0.010907 0.011545 0.012284 0.013130 0.014086 0.015160 0.016357 0.017685 0.019105 0.020535 0.021971 0.023412 0.024859 0.026312 0.027770 0.029234 0.030704 0.032179
0.023893 0.023759 0.023258 0.022641 0.021971 0.021261 0.020517 0.019737 0.018924 0.018077 0.017196 0.016282 0.015337 0.014377 0.013483 0.012667 0.011926 0.011260 0.010668 0.010149 0.009703 0.009328 0.009027 0.008798 0.008643 0.008562 0.008557 0.008628 0.008778 0.009009 0.009323 0.009722 0.010210 0.010791 0.011468 0.012245 0.013128 0.014122 0.015233 0.016468 0.017827 0.019238 0.020654 0.022076 0.023504 0.024938 0.026378 0.027824 0.029277 0.030735
0.025325 0.023957 0.023169 0.022489 0.021808 0.021098 0.020353 0.019572 0.018756 0.017906 0.017021 0.016104 0.015155 0.014190 0.013290 0.012465 0.011715 0.011037 0.010431 0.009896 0.009432 0.009037 0.008713 0.008458 0.008273 0.008159 0.008117 0.008148 0.008253 0.008434 0.008693 0.009032 0.009456 0.009966 0.010566 0.011262 0.012056 0.012956 0.013965 0.015091 0.016339 0.017698 0.019087 0.020482 0.021885 0.023294 0.024711 0.026135 0.027565 0.029002
0.023061 0.023250 0.022841 0.022264 0.021615 0.020917 0.020178 0.019400 0.018586 0.017736 0.016851 0.015934 0.014984 0.014017 0.013114 0.012283 0.011524 0.010835 0.010214 0.009662 0.009177 0.008758 0.008405 0.008118 0.007896 0.007741 0.007653 0.007632 0.007680 0.007798 0.007990 0.008256 0.008601 0.009026 0.009537 0.010136 0.010829 0.011619 0.012512 0.013514 0.014631 0.015867 0.017201 0.018569 0.019941 0.021323 0.022712 0.024110 0.025515 0.026929
0.024134 0.023281 0.022655 0.022036 0.021382 0.020689 0.019957 0.019186 0.018378 0.017534 0.016655 0.015741 0.014793 0.013829 0.012925 0.012091 0.011323 0.010622 0.009986 0.009413 0.008902 0.008452 0.008063 0.007735 0.007466 0.007258 0.007110 0.007025 0.007002 0.007044 0.007154 0.007334 0.007588 0.007917 0.008326 0.008818 0.009398 0.010069 0.010836 0.011703 0.012677 0.013763 0.014962 0.016255 0.017603 0.018954 0.020314 0.021687 0.023066 0.024454
0.023491 0.022894 0.022301 0.021691 0.021050 0.020373 0.019657 0.018901 0.018107 0.017275 0.016406 0.015501 0.014559 0.013600 0.012696 0.011857 0.011079 0.010362 0.009704 0.009103 0.008558 0.008068 0.007631 0.007248 0.006917 0.006641 0.006419 0.006254 0.006147 0.006101 0.006119 0.006204 0.006359 0.006586 0.006889 0.007270 0.007733 0.008280 0.008916 0.009645 0.010471 0.011398 0.012432 0.013572 0.014807 0.016109 0.017453 0.018800 0.020151 0.021516
0.022164 0.022123 0.021722 0.021197 0.020606 0.019964 0.019276 0.018544 0.017770 0.016954 0.016097 0.015201 0.014265 0.013308 0.012400 0.011550 0.010755 0.010013 0.009321 0.008680 0.008085 0.007537 0.007035 0.006579 0.006169 0.005808 0.005498 0.005242 0.005044 0.004906 0.004833 0.004826 0.004887 0.005019 0.005222 0.005498 0.005850 0.006279 0.006788 0.007379 0.008057 0.008824 0.009685 0.010644 0.011702 0.012854 0.014085 0.015375 0.016703 0.018059
0.022755 0.021790 0.021225 0.020699 0.020135 0.019521 0.018857 0.018144 0.017384 0.016579 0.015730 0.014837 0.013901 0.012935 0.012011 0.011136 0.010307 0.009521 0.008777 0.008073 0.007406 0.006778 0.006188 0.005640 0.005136 0.004681 0.004281 0.003939 0.003661 0.003451 0.003309 0.003234 0.003226 0.003284 0.003408 0.003597 0.003852 0.004174 0.004564 0.005024 0.005556 0.006163 0.006848 0.007618 0.008477 0.009428 0.010468 0.011593 0.012789 0.014044
0.020817 0.021043 0.020736 0.020264 0.019713 0.019103 0.018441 0.017730 0.016970 0.016163 0.015307 0.014403 0.013449 0.012456 0.011493 0.010568 0.009678 0.008820 0.007993 0.007196 0.006429 0.005696 0.005002 0.004354 0.003761 0.003232 0.002770 0.002385 0.002082 0.001856 0.001698 0.001604 0.001568 0.001587 0.001659 0.001783 0.001959 0.002185 0.002463 0.002794 0.003178 0.003619 0.004124 0.004701 0.005355 0.006089 0.006905 0.007803 0.008781 0.009832
0.021867 0.021105 0.020526 0.019957 0.019357 0.018717 0.018032 0.017301 0.016521 0.015691 0.014808 0.013869 0.012872 0.011822 0.010785 0.009774 0.008784 0.007816 0.006869 0.005948 0.005060 0.004217 0.003433 0.002722 0.002105 0.001583 0.001150 0.000844 0.000630 0.000480 0.000380 0.000320 0.000298 0.000308 0.000349 0.000421 0.000521 0.000650 0.000809 0.000996 0.001214 0.001476 0.001798 0.002183 0.002631 0.003143 0.003720 0.004363 0.005073 0.005858
0.021753 0.020889 0.020235 0.019611 0.018969 0.018294 0.017578 0.016813 0.015995 0.015119 0.014179 0.013172 0.012095 0.010948 0.009792 0.008646 0.007512 0.006393 0.005300 0.004251 0.003265 0.002380 0.001605 0.000985 0.000533 0.000183 0.000001 0.000001 0.000001 0.000001 0.000001 0.000001 0.000001 0.000001 0.000001 0.000001 0.000001 0.000001 0.000001 0.000001 0.000011 0.000099 0.000251 0.000450 0.000691 0.000969 0.001285 0.001641 0.002057 0.002554
0.019749 0.020025 0.019645 0.019082 0.018446 0.017757 0.017010 0.016200 0.015320 0.014365 0.013330 0.012211 0.011006 0.009714 0.008384 0.007056 0.005740 0.004462 0.003258 0.002176 0.001257 0.000578 0.000046 0.000001 0.000001 0.000001 0.000001 0.000001 0.000001 0.000001 0.000001 0.000001 0.000001 0.000001 0.000001 0.000001 0.000001 0.000001 0.000001 0.000001 0.000001 0.000001 0.000001 0.000001 0.000001 0.000001 0.000001 0.000024 0.000167 0.000398
0.021126 0.019782 0.019056 0.018436 0.017789 0.017074 0.016276 0.015388 0.014404 0.013322 0.012139 0.010855 0.009469 0.007981 0.006432 0.004899 0.003438 0.002115 0.001054 0.000256 0.000001 0.000001 0.000001 0.000001 0.000001 0.000001 0.000001 0.000001 0.000001 0.000001 0.000001 0.000001 0.000001 0.000001 0.000001 0.000001 0.000001 0.000001 0.000001 0.000001 0.000001 0.000001 0.000001 0.000001 0.000001 0.000001 0.000001 0.000001 0.000001 0.000001
0.018585 0.018588 0.018218 0.017680 0.017015 0.016229 0.015321 0.014291 0.013142 0.011874 0.010490 0.008991 0.007381 0.005663 0.003903 0.002272 0.000986 0.000008 0.000001 0.000001 0.000001 0.000001 0.000001 0.000001 0.000001 0.000001 0.000001 0.000001 0.000001 0.000001 0.000001 0.000001 0.000001 0.000001 0.000001 0.000001 0.000001 0.000001 0.000001 0.000001 0.000001 0.000001 0.000001 0.000001 0.000001 0.000001 0.000001 0.000001 0.000001 0.000001
0.018211 0.018035 0.017574 0.016930 0.016126 0.015171 0.014072 0.012835 0.011467 0.009973 0.008359 0.006626 0.004780 0.002863 0.001169 0.000001 0.000001 0.000001 0.000001 0.000001 0.000001 0.000001 0.000001 0.000001 0.000001 0.000001 0.000001 0.000001 0.000001 0.000001 0.000001 0.000001 0.000001 0.000001 0.000001 0.000001 0.000001 0.000001 0.000001 0.000001 0.000001 0.000001 0.000001 0.000001 0.000001 0.000001 0.000001 0.000001 0.000001 0.000001
0.018705 0.017721 0.016939 0.016066 0.015043 0.013868 0.012549 0.011095 0.009513 0.007811 0.005992 0.004060 0.002018 0.000234 0.000001 0.000001 0.000001 0.000001 0.000001 0.000001 0.000001 0.000001 0.000001 0.000001 0.000001 0.000001 0.000001 0.000001 0.000001 0.000001 0.000001 0.000001 0.000001 0.000001 0.000001 0.000001 0.000001 0.000001 0.000001 0.000001 0.000001 0.000001 0.000001 0.000001 0.000001 0.000001 0.000001 0.000001 0.000001 0.000001
0.017008 0.016808 0.016107 0.015134 0.013969 0.012646 0.011184 0.009595 0.007885 0.006061 0.004126 0.002083 0.000001 0.000001 0.000001 0.000001 0.000001 0.000001 0.000001 0.000001 0.000001 0.000001 0.000001 0.000001 0.000001 0.000001 0.000001 0.000001 0.000001 0.000001 0.000001 0.000001 0.000001 0.000001 0.000001 0.000001 0.000001 0.000001 0.000001 0.000001 0.000001 0.000001 0.000001 0.000001 0.000001 0.000001 0.000001 0.000001 0.000001 0.000001
