0.145168 0.152965 0.159514 0.165399 0.170864 0.176029 0.180958 0.185695 0.190270 0.194707 0.199025 0.203241 0.207368 0.211418 0.215402 0.219328 0.223206 0.227042 0.230844 0.234618 0.238369 0.242104 0.245826 0.249540 0.253252 0.256964 0.260681 0.264407 0.268144 0.271896 0.275666 0.279457 0.283271 0.287112 0.290982 0.294883 0.298817 0.302787 0.306795 0.310843 0.314933 0.319065 0.323244 0.327469 0.331742 0.336066 0.340441 0.344869 0.349351 0.353889
0.157127 0.160695 0.165297 0.170153 0.174992 0.179731 0.184348 0.188845 0.193230 0.197515 0.201708 0.205821 0.209863 0.213841 0.217765 0.221641 0.225476 0.229278 0.233051 0.236801 0.240533 0.244252 0.247964 0.251671 0.255378 0.259088 0.262807 0.266535 0.270278 0.274038 0.277818 0.281620 0.285448 0.289303 0.293189 0.297108 0.301061 0.305051 0.309080 0.313150 0.317262 0.321420 0.325623 0.329874 0.334174 0.338525 0.342928 0.347385 0.351897 0.356464
0.164411 0.168624 0.172963 0.177306 0.181632 0.185923 0.190167 0.194356 0.198488 0.202562 0.206579 0.210544 0.214461 0.218335 0.222171 0.225973 0.229747 0.233498 0.237230 0.240948 0.244656 0.248358 0.252058 0.255759 0.259466 0.263182 0.266909 0.270652 0.274412 0.278192 0.281996 0.285826 0.289684 0.293573 0.297494 0.301451 0.305445 0.309477 0.313551 0.317668 0.321829 0.326036 0.330292 0.334596 0.338951 0.343359 0.347820 0.352335 0.356907 0.361535
0.169852 0.176050 0.180663 0.184880 0.188985 0.193044 0.197071 0.201064 0.205022 0.208944 0.212829 0.216681 0.220501 0.224293 0.228060 0.231807 0.235536 0.239253 0.242960 0.246662 0.250362 0.254063 0.257769 0.261484 0.265209 0.268949 0.272706 0.276482 0.280281 0.284105 0.287956 0.291837 0.295750 0.299696 0.303680 0.307701 0.311762 0.315865 0.320012 0.324204 0.328442 0.332730 0.337067 0.341456 0.345897 0.350392 0.354942 0.359549 0.364213 0.368936
0.182837 0.184092 0.187647 0.191689 0.195802 0.199889 0.203927 0.207916 0.211857 0.215756 0.219618 0.223448 0.227250 0.231028 0.234789 0.238535 0.242270 0.245999 0.249725 0.253452 0.257183 0.260921 0.264670 0.268432 0.272211 0.276008 0.279828 0.283672 0.287542 0.291442 0.295372 0.299337 0.303337 0.307374 0.311452 0.315570 0.319731 0.323938 0.328190 0.332491 0.336841 0.341242 0.345695 0.350202 0.354763 0.359381 0.364055 0.368788 0.373579 0.378431
0.178873 0.186828 0.192224 0.196982 0.201495 0.205855 0.210098 0.214246 0.218317 0.222325 0.226281 0.230196 0.234077 0.237933 0.241768 0.245590 0.249402 0.253209 0.257016 0.260826 0.264644 0.268472 0.272313 0.276172 0.280050 0.283951 0.287877 0.291831 0.295815 0.299832 0.303883 0.307971 0.312097 0.316265 0.320474 0.324728 0.329028 0.333375 0.337772 0.342219 0.346717 0.351269 0.355875 0.360537 0.365256 0.370032 0.374867 0.379762 0.384717 0.389735
0.188728 0.191486 0.196381 0.201404 0.206246 0.210900 0.215401 0.219782 0.224065 0.228271 0.232413 0.236504 0.240553 0.244571 0.248564 0.252539 0.256502 0.260458 0.264413 0.268370 0.272335 0.276312 0.280303 0.284312 0.288342 0.292398 0.296480 0.300592 0.304737 0.308916 0.313132 0.317388 0.321684 0.326024 0.330408 0.334839 0.339319 0.343848 0.348428 0.353061 0.357747 0.362489 0.367287 0.372142 0.377056 0.382030 0.387063 0.392158 0.397316 0.402536
0.183594 0.193551 0.199850 0.205221 0.210262 0.215124 0.219854 0.224477 0.229009 0.233463 0.237851 0.242182 0.246467 0.250713 0.254930 0.259123 0.263300 0.267467 0.271630 0.275794 0.279964 0.284143 0.288337 0.292550 0.296784 0.301043 0.305330 0.309648 0.313999 0.318387 0.322814 0.327281 0.331791 0.336346 0.340947 0.345597 0.350296 0.355047 0.359851 0.364710 0.369623 0.374594 0.379622 0.384710 0.389857 0.395065 0.400335 0.405667 0.411062 0.416522
0.199322 0.199515 0.203566 0.208460 0.213508 0.218539 0.223507 0.228397 0.233210 0.237949 0.242621 0.247234 0.251795 0.256314 0.260797 0.265254 0.269690 0.274114 0.278530 0.282944 0.287363 0.291790 0.296231 0.300690 0.305171 0.309676 0.314210 0.318776 0.323376 0.328014 0.332691 0.337409 0.342172 0.346981 0.351838 0.356745 0.361703 0.366713 0.371778 0.376899 0.382077 0.387312 0.392607 0.397962 0.403377 0.408855 0.414396 0.420000 0.425668 0.431402
0.188697 0.198262 0.204621 0.210297 0.215794 0.221194 0.226505 0.231726 0.236858 0.241908 0.246884 0.251795 0.256651 0.261460 0.266231 0.270972 0.275691 0.280394 0.285090 0.289783 0.294479 0.299184 0.303903 0.308639 0.313398 0.318182 0.322995 0.327841 0.332723 0.337642 0.342602 0.347605 0.352654 0.357749 0.362894 0.368090 0.373338 0.378641 0.383999 0.389414 0.394887 0.400419 0.406011 0.411665 0.417380 0.423159 0.429001 0.434908 0.440880 0.446917
0.196167 0.199815 0.205593 0.211683 0.217688 0.223538 0.229236 0.234800 0.240249 0.245601 0.250871 0.256070 0.261211 0.266305 0.271360 0.276386 0.281391 0.286381 0.291365 0.296347 0.301334 0.306332 0.311344 0.316376 0.321432 0.326515 0.331629 0.336776 0.341961 0.347185 0.352452 0.357763 0.363121 0.368528 0.373985 0.379495 0.385058 0.390678 0.396354 0.402088 0.407881 0.413735 0.419651 0.425628 0.431669 0.437774 0.443944 0.450178 0.456479 0.462846
0.190227 0.199122 0.206676 0.213556 0.220018 0.226197 0.232170 0.237989 0.243685 0.249283 0.254800 0.260251 0.265648 0.271002 0.276323 0.281619 0.286899 0.292168 0.297435 0.302706 0.307985 0.313277 0.318589 0.323923 0.329283 0.334674 0.340099 0.345560 0.351060 0.356602 0.362189 0.367823 0.373506 0.379239 0.385025 0.390865 0.396761 0.402714 0.408726 0.414798 0.420930 0.427124 0.433381 0.439702 0.446088 0.452538 0.459055 0.465638 0.472288 0.479005
0.193522 0.202873 0.210290 0.216972 0.223326 0.229493 0.235530 0.241462 0.247307 0.253079 0.258789 0.264449 0.270067 0.275653 0.281214 0.286760 0.292298 0.297834 0.303374 0.308923 0.314488 0.320072 0.325679 0.331313 0.336979 0.342679 0.348416 0.354193 0.360013 0.365879 0.371792 0.377754 0.383769 0.389837 0.395960 0.402139 0.408377 0.414675 0.421033 0.427453 0.433935 0.440482 0.447093 0.453770 0.460513 0.467323 0.474200 0.481146 0.488159 0.495240
0.208148 0.210661 0.215467 0.221110 0.227049 0.233072 0.239099 0.245095 0.251050 0.256962 0.262836 0.268677 0.274492 0.280288 0.286073 0.291852 0.297634 0.303423 0.309226 0.315045 0.320886 0.326753 0.332650 0.338579 0.344544 0.350549 0.356595 0.362686 0.368824 0.375012 0.381250 0.387543 0.393890 0.400294 0.406757 0.413279 0.419862 0.426508 0.433216 0.439989 0.446828 0.453733 0.460705 0.467745 0.474853 0.482030 0.489276 0.496591 0.503976 0.511430
0.206699 0.211926 0.217831 0.223960 0.230153 0.236347 0.242516 0.248652 0.254753 0.260822 0.266864 0.272885 0.278891 0.284891 0.290891 0.296897 0.302916 0.308952 0.315008 0.321090 0.327200 0.333342 0.339520 0.345736 0.351995 0.358297 0.364647 0.371046 0.377497 0.384002 0.390562 0.397180 0.403857 0.410595 0.417395 0.424258 0.431185 0.438177 0.445236 0.452362 0.459557 0.466821 0.474155 0.481559 0.489033 0.496578 0.504194 0.511881 0.519639 0.527468
0.199393 0.210564 0.218806 0.225994 0.232742 0.239277 0.245692 0.252031 0.258319 0.264571 0.270798 0.277009 0.283213 0.289421 0.295640 0.301876 0.308131 0.314409 0.320716 0.327054 0.333426 0.339838 0.346290 0.352787 0.359332 0.365926 0.372572 0.379272 0.386030 0.392845 0.399721 0.406658 0.413659 0.420724 0.427855 0.435053 0.442319 0.449654 0.457058 0.464532 0.472077 0.479693 0.487382 0.495143 0.502976 0.510882 0.518860 0.526912 0.535036 0.543233
0.209953 0.215163 0.221848 0.228706 0.235483 0.242154 0.248740 0.255262 0.261737 0.268179 0.274599 0.281009 0.287423 0.293849 0.300292 0.306756 0.313247 0.319767 0.326321 0.332912 0.339544 0.346220 0.352942 0.359714 0.366538 0.373417 0.380353 0.387348 0.394404 0.401523 0.408705 0.415954 0.423270 0.430653 0.438107 0.445630 0.453225 0.460891 0.468630 0.476442 0.484327 0.492286 0.500319 0.508427 0.516609 0.524865 0.533196 0.541602 0.550082 0.558636
0.211045 0.218191 0.224828 0.231509 0.238239 0.244971 0.251682 0.258362 0.265014 0.271645 0.278261 0.284877 0.291506 0.298152 0.304820 0.311515 0.318241 0.325002 0.331802 0.338644 0.345532 0.352468 0.359456 0.366498 0.373596 0.380754 0.387972 0.395254 0.402600 0.410013 0.417494 0.425044 0.432664 0.440357 0.448121 0.455959 0.463871 0.471857 0.479919 0.488056 0.496269 0.504558 0.512923 0.521365 0.529883 0.538477 0.547148 0.555895 0.564718 0.573616
0.214056 0.220053 0.226818 0.233729 0.240660 0.247577 0.254467 0.261328 0.268166 0.274987 0.281801 0.288626 0.295468 0.302334 0.309226 0.316151 0.323111 0.330111 0.337155 0.344245 0.351384 0.358577 0.365825 0.373131 0.380498 0.387927 0.395420 0.402981 0.410609 0.418307 0.426076 0.433917 0.441831 0.449820 0.457884 0.466023 0.474240 0.482533 0.490903 0.499352 0.507878 0.516483 0.525166 0.533927 0.542766 0.551683 0.560678 0.569750 0.578900 0.588127
0.211114 0.220227 0.228104 0.235586 0.242877 0.250054 0.257157 0.264212 0.271237 0.278246 0.285256 0.292285 0.299337 0.306417 0.313531 0.320681 0.327872 0.335107 0.342389 0.349722 0.357109 0.364553 0.372055 0.379618 0.387245 0.394938 0.402698 0.410528 0.418428 0.426400 0.434446 0.442566 0.450762 0.459035 0.467385 0.475812 0.484319 0.492904 0.501569 0.510313 0.519137 0.528041 0.537024 0.546088 0.555231 0.564453 0.573755 0.583136 0.592595 0.602133
0.216054 0.222727 0.230341 0.237904 0.245325 0.252641 0.259890 0.267100 0.274288 0.281469 0.288667 0.295890 0.303144 0.310433 0.317761 0.325131 0.332546 0.340010 0.347525 0.355094 0.362721 0.370407 0.378154 0.385966 0.393844 0.401790 0.409806 0.417893 0.426053 0.434287 0.442597 0.450983 0.459447 0.467989 0.476610 0.485310 0.494091 0.502952 0.511893 0.520916 0.530020 0.539205 0.548472 0.557819 0.567248 0.576757 0.586346 0.596016 0.605765 0.615593
0.215155 0.225447 0.233296 0.240702 0.248038 0.255364 0.262689 0.270015 0.277346 0.284689 0.292064 0.299474 0.306923 0.314413 0.321948 0.329528 0.337159 0.344842 0.352580 0.360375 0.368230 0.376147 0.384129 0.392177 0.400293 0.408479 0.416737 0.425068 0.433474 0.441955 0.450513 0.459149 0.467864 0.476659 0.485534 0.494489 0.503526 0.512645 0.521846 0.531128 0.540493 0.549940 0.559470 0.569081 0.578774 0.588549 0.598405 0.608343 0.618360 0.628458
0.228776 0.230447 0.236359 0.243337 0.250624 0.258020 0.265461 0.272927 0.280412 0.287923 0.295474 0.303067 0.310704 0.318386 0.326117 0.333897 0.341731 0.349619 0.357566 0.365573 0.373641 0.381775 0.389975 0.398243 0.406581 0.414991 0.423474 0.432031 0.440665 0.449376 0.458165 0.467033 0.475981 0.485009 0.494119 0.503310 0.512584 0.521941 0.531380 0.540902 0.550507 0.560195 0.569966 0.579820 0.589756 0.599775 0.609876 0.620058 0.630322 0.640666
0.215093 0.228246 0.237166 0.245132 0.252870 0.260547 0.268206 0.275862 0.283524 0.291211 0.298937 0.306705 0.314518 0.322378 0.330289 0.338252 0.346271 0.354347 0.362484 0.370683 0.378947 0.387277 0.395675 0.404144 0.412684 0.421298 0.429986 0.438750 0.447592 0.456511 0.465510 0.474590 0.483749 0.492991 0.502314 0.511721 0.521210 0.530782 0.540438 0.550177 0.560000 0.569907 0.579897 0.589970 0.600127 0.610367 0.620689 0.631093 0.641579 0.652147
0.227529 0.231920 0.239411 0.247388 0.255359 0.263264 0.271120 0.278950 0.286772 0.294615 0.302495 0.310416 0.318382 0.326397 0.334465 0.342588 0.350768 0.359009 0.367313 0.375681 0.384116 0.392620 0.401194 0.409840 0.418560 0.427354 0.436225 0.445173 0.454200 0.463306 0.472492 0.481760 0.491109 0.500541 0.510055 0.519653 0.529335 0.539100 0.548950 0.558883 0.568901 0.579003 0.589189 0.599458 0.609811 0.620248 0.630768 0.641370 0.652054 0.662819
0.221669 0.233154 0.242101 0.250379 0.258447 0.266427 0.274367 0.282288 0.290209 0.298160 0.306151 0.314188 0.322274 0.330413 0.338608 0.346861 0.355176 0.363554 0.371998 0.380509 0.389090 0.397742 0.406466 0.415265 0.424139 0.433090 0.442119 0.451226 0.460414 0.469682 0.479032 0.488464 0.497979 0.507577 0.517259 0.527025 0.536875 0.546810 0.556829 0.566933 0.577122 0.587395 0.597753 0.608194 0.618720 0.629329 0.640022 0.650797 0.661655 0.672594
0.232076 0.238973 0.246465 0.254211 0.262061 0.269954 0.277869 0.285802 0.293760 0.301766 0.309824 0.317937 0.326107 0.334336 0.342626 0.350980 0.359400 0.367887 0.376444 0.385071 0.393771 0.402545 0.411394 0.420319 0.429323 0.438405 0.447567 0.456810 0.466134 0.475540 0.485029 0.494602 0.504258 0.513999 0.523824 0.533735 0.543730 0.553810 0.563976 0.574226 0.584562 0.594983 0.605488 0.616078 0.626752 0.637509 0.648351 0.659275 0.670281 0.681370
0.238617 0.243156 0.250184 0.257805 0.265590 0.273438 0.281325 0.289248 0.297216 0.305248 0.313343 0.321503 0.329727 0.338019 0.346378 0.354806 0.363304 0.371875 0.380519 0.389237 0.398031 0.406902 0.415852 0.424880 0.433989 0.443178 0.452449 0.461803 0.471240 0.480761 0.490366 0.500056 0.509831 0.519691 0.529636 0.539667 0.549784 0.559987 0.570275 0.580650 0.591109 0.601654 0.612284 0.622998 0.633797 0.644680 0.655646 0.666695 0.677826 0.689040
0.229150 0.243176 0.252507 0.260707 0.268637 0.276519 0.284413 0.292340 0.300320 0.308370 0.316491 0.324683 0.332946 0.341281 0.349689 0.358171 0.366727 0.375360 0.384069 0.392857 0.401723 0.410670 0.419697 0.428806 0.437998 0.447273 0.456632 0.466075 0.475603 0.485216 0.494915 0.504700 0.514571 0.524529 0.534572 0.544703 0.554919 0.565223 0.575612 0.586087 0.596648 0.607295 0.618027 0.628844 0.639745 0.650730 0.661798 0.672949 0.684183 0.695498
0.247916 0.249472 0.255872 0.263371 0.271139 0.278994 0.286895 0.294839 0.302840 0.310912 0.319057 0.327276 0.335568 0.343935 0.352378 0.360898 0.369496 0.378174 0.386932 0.395770 0.404691 0.413694 0.422781 0.431952 0.441208 0.450548 0.459975 0.469488 0.479087 0.488773 0.498546 0.508406 0.518354 0.528388 0.538510 0.548719 0.559015 0.569398 0.579868 0.590424 0.601066 0.611793 0.622606 0.633504 0.644486 0.655552 0.666700 0.677932 0.689245 0.700639
0.235877 0.248188 0.256849 0.264847 0.272753 0.280669 0.288610 0.296584 0.304610 0.312704 0.320869 0.329107 0.337419 0.345808 0.354275 0.362821 0.371448 0.380157 0.388948 0.397823 0.406782 0.415827 0.424957 0.434173 0.443476 0.452866 0.462344 0.471909 0.481562 0.491303 0.501132 0.511049 0.521054 0.531148 0.541329 0.551598 0.561954 0.572398 0.582929 0.593546 0.604249 0.615038 0.625912 0.636871 0.647913 0.659039 0.670248 0.681539 0.692911 0.704363
0.245605 0.250252 0.257681 0.265591 0.273559 0.281527 0.289499 0.297490 0.305524 0.313624 0.321794 0.330038 0.338357 0.346756 0.355234 0.363794 0.372437 0.381164 0.389976 0.398874 0.407859 0.416930 0.426090 0.435337 0.444672 0.454096 0.463609 0.473211 0.482901 0.492681 0.502550 0.512507 0.522554 0.532689 0.542912 0.553224 0.563623 0.574110 0.584684 0.595344 0.606090 0.616922 0.627838 0.638839 0.649923 0.661090 0.672339 0.683670 0.695080 0.706570
0.237428 0.248705 0.257499 0.265668 0.273659 0.281600 0.289538 0.297496 0.305501 0.313577 0.321729 0.329959 0.338269 0.346662 0.355138 0.363699 0.372346 0.381079 0.389900 0.398808 0.407805 0.416891 0.426066 0.435330 0.444684 0.454127 0.463660 0.473284 0.482997 0.492800 0.502693 0.512675 0.522746 0.532907 0.543156 0.553493 0.563918 0.574431 0.585031 0.595717 0.606489 0.617345 0.628287 0.639312 0.650419 0.661609 0.672879 0.684230 0.695660 0.707168
0.244412 0.250452 0.257727 0.265322 0.273031 0.280804 0.288630 0.296509 0.304451 0.312478 0.320591 0.328790 0.337077 0.345450 0.353911 0.362460 0.371098 0.379825 0.388640 0.397546 0.406541 0.415627 0.424803 0.434070 0.443427 0.452875 0.462414 0.472043 0.481763 0.491574 0.501475 0.511465 0.521545 0.531715 0.541974 0.552320 0.562755 0.573277 0.583886 0.594581 0.605362 0.616226 0.627175 0.638206 0.649320 0.660513 0.671787 0.683139 0.694569 0.706074
0.242471 0.249195 0.256313 0.263696 0.271237 0.278883 0.286613 0.294417 0.302296 0.310269 0.318337 0.326497 0.334749 0.343091 0.351524 0.360048 0.368662 0.377367 0.386163 0.395050 0.404028 0.413097 0.422258 0.431511 0.440855 0.450291 0.459818 0.469437 0.479147 0.488948 0.498840 0.508822 0.518894 0.529056 0.539307 0.549647 0.560074 0.570589 0.581190 0.591877 0.602649 0.613504 0.624443 0.635463 0.646563 0.657743 0.669000 0.680334 0.691743 0.703226
0.236813 0.245135 0.252888 0.260489 0.268088 0.275731 0.283436 0.291205 0.299044 0.306972 0.314994 0.323108 0.331315 0.339613 0.348003 0.356484 0.365056 0.373720 0.382477 0.391325 0.400266 0.409299 0.418425 0.427644 0.436955 0.446359 0.455856 0.465445 0.475126 0.484899 0.494763 0.504719 0.514765 0.524901 0.535127 0.545441 0.555844 0.566334 0.576910 0.587571 0.598317 0.609145 0.620055 0.631044 0.642113 0.653258 0.664479 0.675773 0.687140 0.698577
0.233551 0.241066 0.248667 0.256280 0.263911 0.271573 0.279276 0.287026 0.294830 0.302707 0.310670 0.318722 0.326863 0.335094 0.343416 0.351829 0.360335 0.368933 0.377624 0.386409 0.395288 0.404260 0.413328 0.422489 0.431745 0.441094 0.450538 0.460076 0.469707 0.479432 0.489249 0.499158 0.509158 0.519250 0.529432 0.539703 0.550062 0.560509 0.571041 0.581658 0.592358 0.603139 0.614000 0.624939 0.635954 0.647042 0.658204 0.669435 0.680735 0.692102
0.229415 0.236597 0.244012 0.251562 0.259166 0.266798 0.274455 0.282144 0.289874 0.297660 0.305524 0.313474 0.321511 0.329637 0.337855 0.346166 0.354571 0.363071 0.371666 0.380357 0.389145 0.398029 0.407010 0.416088 0.425262 0.434533 0.443901 0.453364 0.462923 0.472576 0.482325 0.492167 0.502102 0.512129 0.522247 0.532455 0.542752 0.553136 0.563604 0.574156 0.584789 0.595501 0.606290 0.617154 0.628090 0.639097 0.650172 0.661314 0.672520 0.683789
0.224314 0.231609 0.239197 0.246750 0.254260 0.261756 0.269260 0.276792 0.284365 0.291990 0.299690 0.307478 0.315358 0.323332 0.331402 0.339569 0.347834 0.356199 0.364664 0.373228 0.381893 0.390659 0.399526 0.408492 0.417559 0.426726 0.435992 0.445357 0.454821 0.464382 0.474040 0.483794 0.493643 0.503586 0.513620 0.523745 0.533958 0.544257 0.554639 0.565102 0.575643 0.586260 0.596950 0.607711 0.618541 0.629438 0.640400 0.651423 0.662508 0.673653
0.218197 0.227369 0.234986 0.242230 0.249394 0.256564 0.263771 0.271030 0.278352 0.285742 0.293211 0.300778 0.308447 0.316220 0.324098 0.332081 0.340169 0.348364 0.356665 0.365072 0.373585 0.382204 0.390929 0.399758 0.408693 0.417731 0.426873 0.436118 0.445464 0.454912 0.464459 0.474105 0.483848 0.493686 0.503616 0.513635 0.523740 0.533929 0.544198 0.554544 0.564966 0.575458 0.586019 0.596649 0.607345 0.618106 0.628927 0.639810 0.650753 0.661756
0.221971 0.225560 0.231304 0.237650 0.244231 0.250948 0.257773 0.264695 0.271710 0.278819 0.286023 0.293329 0.300751 0.308289 0.315942 0.323711 0.331594 0.339591 0.347703 0.355927 0.364264 0.372713 0.381273 0.389944 0.398724 0.407614 0.416612 0.425717 0.434927 0.444243 0.453661 0.463180 0.472797 0.482508 0.492309 0.502197 0.512168 0.522218 0.532344 0.542545 0.552817 0.563157 0.573565 0.584042 0.594586 0.605197 0.615874 0.626613 0.637416 0.648280
0.211566 0.219397 0.225670 0.231798 0.238031 0.244398 0.250891 0.257501 0.264223 0.271055 0.277995 0.285044 0.292207 0.299497 0.306912 0.314451 0.322113 0.329897 0.337802 0.345827 0.353972 0.362234 0.370614 0.379110 0.387722 0.396447 0.405285 0.414235 0.423295 0.432463 0.441736 0.451109 0.460578 0.470137 0.479782 0.489511 0.499318 0.509201 0.519160 0.529195 0.539304 0.549487 0.559741 0.570065 0.580459 0.590922 0.601453 0.612050 0.622712 0.633438
0.209549 0.213113 0.218546 0.224418 0.230454 0.236606 0.242869 0.249241 0.255723 0.262316 0.269020 0.275836 0.282766 0.289815 0.296993 0.304302 0.311740 0.319306 0.327000 0.334819 0.342763 0.350831 0.359021 0.367333 0.375765 0.384317 0.392985 0.401770 0.410668 0.419674 0.428782 0.437987 0.447283 0.456664 0.466128 0.475676 0.485308 0.495020 0.504811 0.514681 0.524629 0.534652 0.544751 0.554923 0.565168 0.575484 0.585870 0.596326 0.606849 0.617440
0.195005 0.203200 0.209602 0.215612 0.221579 0.227598 0.233699 0.239893 0.246187 0.252585 0.259088 0.265700 0.272424 0.279262 0.286221 0.293306 0.300526 0.307877 0.315360 0.322973 0.330716 0.338586 0.346584 0.354709 0.362957 0.371330 0.379823 0.388435 0.397158 0.405986 0.414909 0.423922 0.433027 0.442222 0.451505 0.460875 0.470331 0.479872 0.489496 0.499202 0.508988 0.518854 0.528798 0.538819 0.548915 0.559086 0.569330 0.579646 0.590033 0.600489
0.190922 0.195124 0.200381 0.205989 0.211753 0.217617 0.223569 0.229609 0.235741 0.241968 0.248295 0.254726 0.261264 0.267913 0.274677 0.281561 0.288570 0.295713 0.302990 0.310401 0.317945 0.325620 0.333427 0.341364 0.349429 0.357621 0.365936 0.374365 0.382898 0.391527 0.400255 0.409078 0.417996 0.427008 0.436111 0.445305 0.454588 0.463959 0.473416 0.482959 0.492586 0.502295 0.512086 0.521957 0.531907 0.541934 0.552038 0.562216 0.572469 0.582794
0.180110 0.184698 0.190021 0.195568 0.201216 0.206942 0.212745 0.218628 0.224599 0.230661 0.236819 0.243078 0.249443 0.255915 0.262500 0.269201 0.276022 0.282968 0.290044 0.297258 0.304607 0.312092 0.319710 0.327461 0.335344 0.343356 0.351484 0.359716 0.368052 0.376489 0.385026 0.393663 0.402397 0.411228 0.420154 0.429174 0.438286 0.447490 0.456783 0.466165 0.475634 0.485189 0.494828 0.504551 0.514355 0.524240 0.534205 0.544248 0.554368 0.564563
0.165056 0.173084 0.179182 0.184792 0.190316 0.195872 0.201496 0.207202 0.212997 0.218886 0.224874 0.230963 0.237159 0.243462 0.249878 0.256408 0.263056 0.269825 0.276720 0.283743 0.290902 0.298199 0.305632 0.313201 0.320904 0.328728 0.336660 0.344699 0.352843 0.361091 0.369443 0.377896 0.386450 0.395104 0.403855 0.412704 0.421647 0.430685 0.439816 0.449038 0.458351 0.467753 0.477242 0.486817 0.496478 0.506222 0.516049 0.525957 0.535945 0.546012
0.162278 0.164851 0.169219 0.174157 0.179325 0.184626 0.190033 0.195541 0.201151 0.206863 0.212679 0.218603 0.224635 0.230778 0.237033 0.243404 0.249891 0.256498 0.263226 0.270079 0.277060 0.284174 0.291424 0.298813 0.306332 0.313963 0.321703 0.329552 0.337509 0.345573 0.353741 0.362014 0.370390 0.378868 0.387447 0.396125 0.404902 0.413775 0.422744 0.431808 0.440965 0.450213 0.459553 0.468982 0.478499 0.488102 0.497791 0.507565 0.517421 0.527360
0.148903 0.153548 0.158299 0.163176 0.168170 0.173275 0.178490 0.183816 0.189253 0.194801 0.200459 0.206229 0.212111 0.218105 0.224213 0.230435 0.236774 0.243230 0.249805 0.256501 0.263320 0.270266 0.277342 0.284550 0.291878 0.299318 0.306869 0.314531 0.322302 0.330181 0.338168 0.346261 0.354460 0.362762 0.371168 0.379676 0.388285 0.396993 0.405800 0.414704 0.423704 0.432799 0.441988 0.451269 0.460641 0.470103 0.479653 0.489291 0.499015 0.508824
0.135223 0.141942 0.147210 0.152120 0.157006 0.161968 0.167038 0.172222 0.177521 0.182934 0.188461 0.194099 0.199849 0.205710 0.211684 0.217770 0.223969 0.230284 0.236714 0.243262 0.249930 0.256720 0.263633 0.270666 0.277805 0.285053 0.292415 0.299888 0.307471 0.315165 0.322969 0.330880 0.338899 0.347025 0.355255 0.363591 0.372029 0.380570 0.389212 0.397954 0.406795 0.415734 0.424769 0.433900 0.443125 0.452443 0.461852 0.471352 0.480941 0.490618
0.131112 0.133220 0.137049 0.141458 0.146130 0.150970 0.155943 0.161035 0.166240 0.171554 0.176976 0.182503 0.188137 0.193878 0.199726 0.205683 0.211749 0.217927 0.224216 0.230620 0.237140 0.243776 0.250533 0.257395 0.264356 0.271419 0.278588 0.285867 0.293260 0.300764 0.308379 0.316105 0.323940 0.331884 0.339935 0.348094 0.356358 0.364727 0.373200 0.381776 0.390454 0.399233 0.408111 0.417087 0.426161 0.435331 0.444596 0.453954 0.463405 0.472946
0.117246 0.121987 0.126465 0.131057 0.135787 0.140635 0.145586 0.150632 0.155772 0.161004 0.166331 0.171753 0.177274 0.182894 0.188615 0.194440 0.200370 0.206407 0.212553 0.218809 0.225178 0.231661 0.238257 0.244949 0.251735 0.258618 0.265601 0.272689 0.279884 0.287191 0.294612 0.302145 0.309790 0.317546 0.325412 0.333388 0.341472 0.349664 0.357963 0.366368 0.374877 0.383491 0.392207 0.401024 0.409942 0.418960 0.428075 0.437287 0.446596 0.455998
0.106708 0.111856 0.116862 0.121764 0.126636 0.131524 0.136452 0.141438 0.146491 0.151620 0.156831 0.162129 0.167517 0.173000 0.178580 0.184260 0.190042 0.195928 0.201920 0.208021 0.214231 0.220554 0.226981 0.233499 0.240108 0.246811 0.253611 0.260511 0.267514 0.274624 0.281843 0.289176 0.296624 0.304185 0.311860 0.319646 0.327544 0.335553 0.343672 0.351900 0.360235 0.368678 0.377227 0.385880 0.394637 0.403498 0.412459 0.421521 0.430682 0.439941
0.099850 0.104940 0.109846 0.114648 0.119403 0.124156 0.128938 0.133769 0.138662 0.143629 0.148677 0.153810 0.159034 0.164352 0.169766 0.175281 0.180897 0.186618 0.192445 0.198379 0.204423 0.210577 0.216828 0.223166 0.229594 0.236115 0.242731 0.249445 0.256259 0.263176 0.270198 0.277330 0.284574 0.291935 0.299411 0.307003 0.314710 0.322530 0.330463 0.338509 0.346666 0.354933 0.363310 0.371794 0.380387 0.389085 0.397888 0.406796 0.415805 0.424917
0.097208 0.101366 0.105577 0.109848 0.114186 0.118597 0.123086 0.127655 0.132311 0.137055 0.141891 0.146822 0.151851 0.156979 0.162208 0.167541 0.172978 0.178522 0.184174 0.189934 0.195804 0.201783 0.207850 0.214005 0.220251 0.226589 0.233021 0.239550 0.246177 0.252906 0.259738 0.266677 0.273724 0.280883 0.288157 0.295550 0.303062 0.310690 0.318434 0.326294 0.334269 0.342357 0.350558 0.358872 0.367295 0.375829 0.384471 0.393220 0.402076 0.411037
0.096162 0.099352 0.102799 0.106480 0.110352 0.114379 0.118538 0.122818 0.127211 0.131713 0.136323 0.141039 0.145863 0.150794 0.155832 0.160979 0.166234 0.171599 0.177074 0.182660 0.188357 0.194155 0.200040 0.206014 0.212079 0.218237 0.224489 0.230837 0.237283 0.243829 0.250477 0.257230 0.264090 0.271058 0.278139 0.285334 0.292649 0.300084 0.307639 0.315313 0.323104 0.331013 0.339038 0.347178 0.355433 0.363801 0.372280 0.380871 0.389571 0.398380
0.094275 0.096890 0.100024 0.103452 0.107079 0.110863 0.114787 0.118840 0.123015 0.127310 0.131720 0.136244 0.140882 0.145631 0.150492 0.155465 0.160549 0.165745 0.171054 0.176474 0.182005 0.187626 0.193337 0.199137 0.205029 0.211014 0.217094 0.223269 0.229543 0.235916 0.242390 0.248967 0.255650 0.262440 0.269340 0.276351 0.283477 0.290722 0.298091 0.305581 0.313192 0.320924 0.328775 0.336744 0.344831 0.353035 0.361353 0.369786 0.378332 0.386990
0.089465 0.093149 0.096759 0.100334 0.103952 0.107657 0.111466 0.115388 0.119424 0.123574 0.127838 0.132215 0.136704 0.141305 0.146018 0.150842 0.155778 0.160827 0.165987 0.171260 0.176632 0.182093 0.187643 0.193283 0.199015 0.204841 0.210761 0.216776 0.222890 0.229102 0.235414 0.241830 0.248349 0.254974 0.261707 0.268549 0.275504 0.282574 0.289763 0.297076 0.304513 0.312073 0.319756 0.327560 0.335485 0.343529 0.351691 0.359970 0.368365 0.376875
0.085687 0.090209 0.093889 0.097438 0.101024 0.104691 0.108452 0.112313 0.116276 0.120342 0.124512 0.128788 0.133171 0.137661 0.142258 0.146965 0.151781 0.156707 0.161743 0.166886 0.172117 0.177436 0.182844 0.188342 0.193932 0.199614 0.205390 0.211262 0.217231 0.223298 0.229464 0.235732 0.242103 0.248579 0.255161 0.261852 0.268652 0.275565 0.282593 0.289741 0.297014 0.304413 0.311937 0.319584 0.327355 0.335247 0.343260 0.351393 0.359644 0.368013
0.087869 0.088819 0.091563 0.094862 0.098384 0.102032 0.105778 0.109614 0.113539 0.117556 0.121667 0.125875 0.130182 0.134590 0.139101 0.143716 0.148438 0.153266 0.158201 0.163227 0.168339 0.173537 0.178823 0.184199 0.189665 0.195222 0.200873 0.206619 0.212461 0.218400 0.224437 0.230575 0.236815 0.243159 0.249607 0.256163 0.262827 0.269601 0.276489 0.283491 0.290615 0.297866 0.305243 0.312746 0.320374 0.328126 0.336000 0.343997 0.352113 0.360349
0.079690 0.084899 0.088809 0.092469 0.096113 0.099797 0.103542 0.107357 0.111248 0.115222 0.119284 0.123435 0.127681 0.132024 0.136466 0.141009 0.145654 0.150404 0.155250 0.160179 0.165191 0.170288 0.175471 0.180743 0.186104 0.191555 0.197099 0.202737 0.208469 0.214298 0.220225 0.226250 0.232377 0.238606 0.244938 0.251376 0.257921 0.264576 0.271341 0.278220 0.285214 0.292333 0.299580 0.306953 0.314453 0.322078 0.329826 0.337698 0.345691 0.353806
0.080975 0.083762 0.087295 0.090900 0.094508 0.098145 0.101833 0.105588 0.109421 0.113337 0.117340 0.121434 0.125622 0.129906 0.134288 0.138769 0.143352 0.148035 0.152802 0.157649 0.162578 0.167590 0.172688 0.177873 0.183146 0.188509 0.193963 0.199509 0.205150 0.210885 0.216718 0.222648 0.228678 0.234810 0.241044 0.247382 0.253826 0.260377 0.267039 0.273811 0.280698 0.287704 0.294837 0.302098 0.309486 0.316999 0.324637 0.332398 0.340281 0.348286
0.078974 0.083361 0.086826 0.090167 0.093555 0.097027 0.100590 0.104246 0.107995 0.111838 0.115777 0.119811 0.123942 0.128172 0.132500 0.136929 0.141459 0.146079 0.150778 0.155556 0.160416 0.165358 0.170386 0.175499 0.180699 0.185988 0.191367 0.196838 0.202402 0.208060 0.213814 0.219665 0.225614 0.231664 0.237815 0.244070 0.250429 0.256895 0.263469 0.270153 0.276949 0.283862 0.290901 0.298067 0.305359 0.312777 0.320319 0.327984 0.335772 0.343682
0.083398 0.084438 0.086802 0.089681 0.092824 0.096141 0.099592 0.103161 0.106837 0.110618 0.114500 0.118483 0.122566 0.126749 0.131033 0.135418 0.139901 0.144465 0.149107 0.153828 0.158631 0.163516 0.168484 0.173538 0.178678 0.183907 0.189224 0.194633 0.200133 0.205727 0.211416 0.217202 0.223085 0.229067 0.235150 0.241335 0.247625 0.254019 0.260521 0.267133 0.273855 0.280692 0.287654 0.294742 0.301956 0.309294 0.316755 0.324340 0.332047 0.339875
0.079540 0.082581 0.085570 0.088663 0.091874 0.095199 0.098635 0.102176 0.105822 0.109570 0.113419 0.117368 0.121419 0.125569 0.129821 0.134173 0.138614 0.143131 0.147727 0.152401 0.157157 0.161994 0.166914 0.171919 0.177010 0.182188 0.187455 0.192812 0.198260 0.203802 0.209437 0.215169 0.220997 0.226924 0.232951 0.239080 0.245312 0.251649 0.258093 0.264644 0.271307 0.278084 0.284985 0.292011 0.299160 0.306433 0.313829 0.321347 0.328987 0.336747
0.076314 0.080452 0.084054 0.087454 0.090818 0.094221 0.097695 0.101254 0.104903 0.108646 0.112484 0.116419 0.120452 0.124582 0.128812 0.133139 0.137544 0.142025 0.146583 0.151219 0.155935 0.160732 0.165612 0.170577 0.175626 0.180763 0.185987 0.191302 0.196707 0.202205 0.207797 0.213484 0.219268 0.225149 0.231131 0.237214 0.243399 0.249689 0.256085 0.262589 0.269203 0.275934 0.282787 0.289764 0.296863 0.304085 0.311428 0.318892 0.326477 0.334181
0.077161 0.080250 0.083393 0.086639 0.089972 0.093385 0.096877 0.100450 0.104108 0.107854 0.111691 0.115619 0.119642 0.123760 0.127974 0.132277 0.136653 0.141103 0.145629 0.150233 0.154915 0.159679 0.164524 0.169454 0.174468 0.179569 0.184758 0.190036 0.195405 0.200867 0.206422 0.212072 0.217819 0.223663 0.229608 0.235653 0.241801 0.248053 0.254411 0.260876 0.267452 0.274147 0.280964 0.287902 0.294962 0.302143 0.309444 0.316865 0.324406 0.332066
0.078499 0.080215 0.082965 0.086085 0.089375 0.092772 0.096257 0.099827 0.103482 0.107222 0.111051 0.114970 0.118980 0.123085 0.127283 0.131560 0.135908 0.140329 0.144825 0.149399 0.154051 0.158784 0.163599 0.168497 0.173480 0.178550 0.183707 0.188955 0.194293 0.199723 0.205247 0.210866 0.216581 0.222395 0.228308 0.234323 0.240440 0.246661 0.252988 0.259423 0.265970 0.272637 0.279425 0.286334 0.293363 0.300512 0.307780 0.315168 0.322674 0.330297
0.074289 0.078718 0.082297 0.085656 0.088998 0.092391 0.095856 0.099403 0.103035 0.106754 0.110562 0.114460 0.118450 0.122533 0.126707 0.130954 0.135272 0.139663 0.144130 0.148674 0.153297 0.158000 0.162786 0.167655 0.172610 0.177651 0.182781 0.188000 0.193311 0.198714 0.204211 0.209803 0.215492 0.221280 0.227167 0.233156 0.239247 0.245443 0.251745 0.258155 0.264681 0.271326 0.278092 0.284977 0.291982 0.299106 0.306349 0.313709 0.321187 0.328783
0.076177 0.079363 0.082496 0.085660 0.088898 0.092222 0.095635 0.099137 0.102729 0.106410 0.110183 0.114049 0.118008 0.122062 0.126203 0.130416 0.134701 0.139060 0.143496 0.148010 0.152603 0.157278 0.162036 0.166878 0.171806 0.176822 0.181926 0.187121 0.192407 0.197786 0.203259 0.208828 0.214494 0.220259 0.226125 0.232091 0.238161 0.244336 0.250617 0.257008 0.263517 0.270145 0.276893 0.283760 0.290745 0.297849 0.305070 0.312409 0.319865 0.327437
0.079000 0.080426 0.082870 0.085764 0.088879 0.092129 0.095484 0.098933 0.102475 0.106110 0.109840 0.113665 0.117587 0.121607 0.125711 0.129887 0.134138 0.138466 0.142871 0.147356 0.151921 0.156570 0.161302 0.166119 0.171023 0.176015 0.181096 0.186268 0.191532 0.196890 0.202342 0.207891 0.213538 0.219283 0.225129 0.231077 0.237128 0.243285 0.249549 0.255924 0.262419 0.269033 0.275766 0.282617 0.289586 0.296673 0.303877 0.311198 0.318635 0.326188
0.075878 0.079163 0.082370 0.085534 0.088717 0.091954 0.095267 0.098666 0.102158 0.105746 0.109432 0.113219 0.117106 0.121093 0.125161 0.129305 0.133526 0.137825 0.142203 0.146663 0.151204 0.155828 0.160538 0.165333 0.170216 0.175187 0.180248 0.185401 0.190646 0.195985 0.201419 0.206950 0.212579 0.218307 0.224136 0.230067 0.236103 0.242243 0.248492 0.254855 0.261337 0.267938 0.274658 0.281495 0.288450 0.295522 0.302711 0.310016 0.317436 0.324972
0.073759 0.078578 0.082130 0.085322 0.088450 0.091619 0.094869 0.098214 0.101661 0.105212 0.108866 0.112625 0.116488 0.120452 0.124495 0.128616 0.132815 0.137093 0.141451 0.145891 0.150413 0.155019 0.159710 0.164488 0.169353 0.174307 0.179351 0.184487 0.189715 0.195037 0.200455 0.205970 0.211583 0.217296 0.223109 0.229026 0.235046 0.241172 0.247407 0.253759 0.260229 0.266817 0.273523 0.280347 0.287289 0.294346 0.301521 0.308811 0.316216 0.323736
0.079766 0.080413 0.082458 0.085050 0.087917 0.090964 0.094153 0.097467 0.100897 0.104437 0.108084 0.111837 0.115694 0.119650 0.123683 0.127793 0.131981 0.136247 0.140593 0.145019 0.149528 0.154121 0.158798 0.163561 0.168412 0.173352 0.178381 0.183502 0.188716 0.194024 0.199427 0.204927 0.210525 0.216223 0.222022 0.227923 0.233929 0.240041 0.246262 0.252602 0.259059 0.265635 0.272327 0.279138 0.286065 0.293108 0.300268 0.307543 0.314932 0.322437
0.076736 0.078701 0.081085 0.083785 0.086712 0.089809 0.093044 0.096398 0.099862 0.103430 0.107099 0.110868 0.114737 0.118699 0.122735 0.126844 0.131028 0.135289 0.139629 0.144047 0.148547 0.153130 0.157796 0.162548 0.167386 0.172313 0.177329 0.182437 0.187636 0.192930 0.198319 0.203804 0.209387 0.215070 0.220854 0.226740 0.232731 0.238827 0.245035 0.251360 0.257803 0.264364 0.271042 0.277837 0.284748 0.291776 0.298919 0.306177 0.313550 0.321038
0.070740 0.075034 0.078501 0.081771 0.085029 0.088334 0.091705 0.095153 0.098683 0.102298 0.106002 0.109796 0.113683 0.117655 0.121696 0.125807 0.129990 0.134248 0.138581 0.142993 0.147484 0.152057 0.156713 0.161453 0.166279 0.171192 0.176195 0.181288 0.186473 0.191751 0.197124 0.202594 0.208161 0.213827 0.219595 0.225464 0.231438 0.237517 0.243708 0.250017 0.256443 0.262986 0.269646 0.276423 0.283316 0.290325 0.297450 0.304690 0.312044 0.319512
0.070791 0.073408 0.076752 0.080184 0.083608 0.087035 0.090491 0.093995 0.097562 0.101202 0.104922 0.108726 0.112617 0.116590 0.120628 0.124734 0.128910 0.133159 0.137483 0.141884 0.146363 0.150923 0.155564 0.160290 0.165101 0.169998 0.174985 0.180061 0.185228 0.190489 0.195844 0.201295 0.206843 0.212490 0.218238 0.224088 0.230042 0.236101 0.242271 0.248559 0.254965 0.261487 0.268126 0.274881 0.281753 0.288740 0.295843 0.303061 0.310392 0.317838
0.068183 0.072657 0.076223 0.079577 0.082899 0.086247 0.089644 0.093106 0.096640 0.100253 0.103950 0.107733 0.111606 0.115559 0.119579 0.123667 0.127826 0.132057 0.136363 0.140745 0.145206 0.149746 0.154369 0.159074 0.163865 0.168742 0.173708 0.178763 0.183909 0.189147 0.194480 0.199909 0.205434 0.211058 0.216783 0.222609 0.228539 0.234574 0.240719 0.246982 0.253361 0.259858 0.266471 0.273201 0.280047 0.287008 0.294085 0.301276 0.308581 0.316001
0.072587 0.074376 0.076904 0.079724 0.082721 0.085853 0.089100 0.092451 0.095902 0.099449 0.103092 0.106829 0.110662 0.114580 0.118567 0.122624 0.126754 0.130957 0.135236 0.139591 0.144025 0.148540 0.153136 0.157816 0.162581 0.167432 0.172371 0.177399 0.182519 0.187731 0.193036 0.198438 0.203936 0.209532 0.215228 0.221026 0.226927 0.232933 0.239048 0.245280 0.251629 0.258094 0.264676 0.271375 0.278189 0.285120 0.292165 0.299325 0.306600 0.313987
0.072581 0.074675 0.077006 0.079617 0.082446 0.085445 0.088584 0.091846 0.095220 0.098701 0.102285 0.105970 0.109755 0.113630 0.117576 0.121595 0.125688 0.129856 0.134100 0.138423 0.142824 0.147306 0.151870 0.156517 0.161250 0.166069 0.170976 0.175973 0.181060 0.186240 0.191513 0.196882 0.202347 0.207910 0.213573 0.219338 0.225205 0.231176 0.237255 0.243450 0.249762 0.256190 0.262735 0.269397 0.276175 0.283068 0.290076 0.297200 0.304437 0.311788
0.070864 0.073268 0.075986 0.078816 0.081743 0.084770 0.087901 0.091136 0.094473 0.097913 0.101453 0.105095 0.108836 0.112669 0.116575 0.120555 0.124608 0.128737 0.132943 0.137227 0.141591 0.146035 0.150562 0.155172 0.159868 0.164650 0.169520 0.174479 0.179529 0.184671 0.189907 0.195237 0.200664 0.206189 0.211814 0.217539 0.223367 0.229298 0.235336 0.241487 0.247755 0.254141 0.260642 0.267261 0.273995 0.280845 0.287810 0.294890 0.302085 0.309392
0.067424 0.071449 0.074702 0.077771 0.080821 0.083911 0.087067 0.090303 0.093627 0.097043 0.100555 0.104162 0.107867 0.111664 0.115533 0.119473 0.123488 0.127577 0.131743 0.135986 0.140309 0.144713 0.149198 0.153768 0.158422 0.163162 0.167990 0.172908 0.177916 0.183015 0.188208 0.193496 0.198880 0.204361 0.209941 0.215622 0.221405 0.227291 0.233283 0.239384 0.245602 0.251938 0.258389 0.264958 0.271642 0.278442 0.285358 0.292388 0.299533 0.306791
0.069701 0.071441 0.074100 0.076994 0.079983 0.083045 0.086183 0.089402 0.092705 0.096098 0.099581 0.103158 0.106830 0.110592 0.114425 0.118328 0.122303 0.126352 0.130477 0.134678 0.138958 0.143318 0.147760 0.152285 0.156894 0.161590 0.166372 0.171243 0.176205 0.181258 0.186404 0.191644 0.196980 0.202413 0.207944 0.213575 0.219308 0.225144 0.231084 0.237131 0.243292 0.249571 0.255966 0.262478 0.269105 0.275849 0.282708 0.289682 0.296770 0.303972
0.066942 0.070612 0.073492 0.076311 0.079206 0.082197 0.085282 0.088459 0.091728 0.095087 0.098537 0.102080 0.105716 0.109442 0.113237 0.117101 0.121036 0.125043 0.129124 0.133281 0.137516 0.141830 0.146225 0.150703 0.155264 0.159911 0.164645 0.169467 0.174378 0.179381 0.184476 0.189664 0.194948 0.200327 0.205805 0.211382 0.217060 0.222840 0.228723 0.234712 0.240811 0.247027 0.253359 0.259808 0.266372 0.273053 0.279849 0.286761 0.293786 0.300926
0.069469 0.070616 0.072892 0.075531 0.078345 0.081282 0.084321 0.087458 0.090686 0.094007 0.097418 0.100921 0.104516 0.108201 0.111954 0.115775 0.119665 0.123627 0.127662 0.131772 0.135959 0.140225 0.144570 0.148998 0.153509 0.158105 0.162786 0.167556 0.172414 0.177362 0.182402 0.187536 0.192763 0.198086 0.203506 0.209025 0.214643 0.220363 0.226185 0.232112 0.238146 0.244292 0.250556 0.256936 0.263432 0.270044 0.276772 0.283615 0.290573 0.297645
0.065257 0.068724 0.071622 0.074445 0.077310 0.080247 0.083267 0.086371 0.089561 0.092839 0.096207 0.099664 0.103213 0.106850 0.110555 0.114328 0.118169 0.122082 0.126067 0.130127 0.134263 0.138477 0.142771 0.147146 0.151604 0.156146 0.160773 0.165487 0.170289 0.175180 0.180163 0.185237 0.190405 0.195668 0.201027 0.206483 0.212039 0.217695 0.223453 0.229315 0.235281 0.241356 0.247546 0.253853 0.260276 0.266815 0.273470 0.280241 0.287127 0.294128
0.064986 0.067746 0.070541 0.073361 0.076221 0.079139 0.082126 0.085188 0.088332 0.091561 0.094877 0.098282 0.101778 0.105362 0.109015 0.112734 0.116523 0.120383 0.124315 0.128322 0.132405 0.136565 0.140805 0.145125 0.149527 0.154012 0.158583 0.163239 0.167982 0.172814 0.177736 0.182749 0.187855 0.193055 0.198350 0.203742 0.209233 0.214824 0.220516 0.226311 0.232210 0.238215 0.244330 0.250560 0.256907 0.263370 0.269950 0.276646 0.283457 0.290384
0.065193 0.067173 0.069689 0.072368 0.075132 0.077972 0.080888 0.083886 0.086968 0.090137 0.093394 0.096742 0.100181 0.103708 0.107304 0.110968 0.114702 0.118507 0.122384 0.126336 0.130364 0.134468 0.138652 0.142915 0.147260 0.151687 0.156199 0.160795 0.165478 0.170248 0.175108 0.180058 0.185101 0.190237 0.195468 0.200796 0.206222 0.211748 0.217374 0.223103 0.228936 0.234875 0.240920 0.247076 0.253346 0.259733 0.266236 0.272856 0.279593 0.286445
0.062521 0.066000 0.068685 0.071272 0.073917 0.076652 0.079481 0.082403 0.085417 0.088522 0.091719 0.095008 0.098389 0.101860 0.105400 0.109008 0.112686 0.116436 0.120258 0.124155 0.128127 0.132175 0.136302 0.140508 0.144794 0.149162 0.153613 0.158148 0.162769 0.167478 0.172275 0.177163 0.182144 0.187218 0.192388 0.197654 0.203018 0.208483 0.214048 0.219715 0.225487 0.231363 0.237345 0.243436 0.249636 0.255950 0.262378 0.268923 0.275586 0.282364
0.064855 0.065602 0.067532 0.069866 0.072393 0.075048 0.077811 0.080673 0.083630 0.086681 0.089824 0.093060 0.096388 0.099805 0.103292 0.106847 0.110472 0.114168 0.117936 0.121778 0.125695 0.129687 0.133756 0.137903 0.142131 0.146439 0.150829 0.155304 0.159866 0.164514 0.169253 0.174083 0.179006 0.184024 0.189138 0.194350 0.199660 0.205071 0.210583 0.216197 0.221915 0.227737 0.233664 0.239698 0.245840 0.252092 0.258455 0.264931 0.271522 0.278228
0.059816 0.062782 0.065346 0.067873 0.070453 0.073110 0.075853 0.078684 0.081605 0.084615 0.087715 0.090906 0.094188 0.097557 0.100995 0.104501 0.108075 0.111719 0.115435 0.119223 0.123084 0.127020 0.131032 0.135122 0.139291 0.143541 0.147874 0.152293 0.156799 0.161395 0.166083 0.170864 0.175740 0.180712 0.185782 0.190951 0.196219 0.201587 0.207057 0.212629 0.218304 0.224083 0.229966 0.235954 0.242048 0.248250 0.254560 0.260981 0.267512 0.274155
0.057507 0.060450 0.063109 0.065694 0.068298 0.070959 0.073692 0.076505 0.079399 0.082377 0.085441 0.088592 0.091831 0.095156 0.098548 0.102006 0.105532 0.109126 0.112790 0.116525 0.120332 0.124212 0.128169 0.132204 0.136319 0.140517 0.144801 0.149173 0.153636 0.158192 0.162843 0.167590 0.172434 0.177376 0.182417 0.187557 0.192797 0.198137 0.203579 0.209122 0.214767 0.220515 0.226366 0.232320 0.238379 0.244543 0.250813 0.257190 0.263674 0.270267
0.057484 0.059042 0.061193 0.063596 0.066130 0.068755 0.071461 0.074246 0.077109 0.080053 0.083080 0.086189 0.089385 0.092664 0.096011 0.099423 0.102900 0.106444 0.110057 0.113739 0.117494 0.121322 0.125229 0.129216 0.133288 0.137447 0.141698 0.146041 0.150480 0.155016 0.159650 0.164381 0.169211 0.174140 0.179168 0.184295 0.189522 0.194850 0.200277 0.205805 0.211434 0.217164 0.222995 0.228928 0.234964 0.241103 0.247345 0.253691 0.260141 0.266695
0.054339 0.056648 0.059031 0.061482 0.064005 0.066601 0.069271 0.072014 0.074835 0.077734 0.080715 0.083778 0.086926 0.090158 0.093459 0.096823 0.100252 0.103747 0.107309 0.110943 0.114651 0.118438 0.122307 0.126264 0.130314 0.134457 0.138697 0.143035 0.147472 0.152008 0.156642 0.161375 0.166206 0.171137 0.176167 0.181296 0.186524 0.191852 0.197279 0.202805 0.208430 0.214155 0.219980 0.225906 0.231932 0.238058 0.244285 0.250611 0.257039 0.263567
0.051346 0.054491 0.057068 0.059547 0.062042 0.064588 0.067200 0.069885 0.072649 0.075494 0.078422 0.081434 0.084532 0.087716 0.090971 0.094289 0.097672 0.101121 0.104642 0.108238 0.111916 0.115682 0.119540 0.123494 0.127548 0.131700 0.135949 0.140297 0.144744 0.149291 0.153937 0.158682 0.163527 0.168471 0.173514 0.178657 0.183899 0.189240 0.194680 0.200218 0.205855 0.211590 0.217423 0.223353 0.229382 0.235508 0.241731 0.248051 0.254469 0.260985
0.052764 0.053681 0.055674 0.057935 0.060302 0.062749 0.065278 0.067893 0.070595 0.073386 0.076264 0.079230 0.082283 0.085422 0.088638 0.091917 0.095262 0.098680 0.102177 0.105761 0.109439 0.113216 0.117090 0.121062 0.125132 0.129301 0.133568 0.137935 0.142402 0.146968 0.151633 0.156399 0.161264 0.166229 0.171293 0.176457 0.181720 0.187081 0.192542 0.198101 0.203757 0.209511 0.215362 0.221310 0.227354 0.233494 0.239729 0.246059 0.252483 0.259002
0.048037 0.051758 0.054188 0.056408 0.058667 0.061023 0.063484 0.066047 0.068708 0.071464 0.074312 0.077248 0.080270 0.083378 0.086565 0.089819 0.093149 0.096563 0.100072 0.103679 0.107381 0.111181 0.115079 0.119075 0.123168 0.127361 0.131652 0.136043 0.140533 0.145123 0.149812 0.154601 0.159490 0.164479 0.169567 0.174754 0.180041 0.185426 0.190910 0.196492 0.202171 0.207947 0.213820 0.219790 0.225854 0.232013 0.238267 0.244614 0.251054 0.257586
0.051567 0.051506 0.052930 0.054859 0.057032 0.059367 0.061828 0.064397 0.067064 0.069822 0.072668 0.075598 0.078610 0.081703 0.084880 0.088137 0.091488 0.094934 0.098474 0.102109 0.105840 0.109668 0.113592 0.117613 0.121732 0.125949 0.130265 0.134679 0.139193 0.143806 0.148519 0.153331 0.158242 0.163253 0.168364 0.173573 0.178882 0.184289 0.189794 0.195397 0.201098 0.206895 0.212789 0.218778 0.224863 0.231041 0.237313 0.243678 0.250135 0.256683
0.046084 0.048592 0.050791 0.053059 0.055433 0.057904 0.060462 0.063100 0.065816 0.068608 0.071476 0.074417 0.077434 0.080528 0.083723 0.087018 0.090403 0.093879 0.097447 0.101109 0.104864 0.108715 0.112662 0.116705 0.120845 0.125082 0.129418 0.133852 0.138384 0.143016 0.147747 0.152576 0.157506 0.162534 0.167661 0.172888 0.178213 0.183637 0.189158 0.194778 0.200494 0.206308 0.212217 0.218222 0.224321 0.230515 0.236801 0.243181 0.249651 0.256213
0.043488 0.046330 0.049086 0.051751 0.054381 0.057015 0.059680 0.062390 0.065154 0.067978 0.070867 0.073823 0.076846 0.079959 0.083179 0.086497 0.089902 0.093397 0.096982 0.100660 0.104430 0.108295 0.112254 0.116310 0.120462 0.124710 0.129057 0.133501 0.138044 0.142686 0.147426 0.152266 0.157205 0.162242 0.167379 0.172614 0.177949 0.183381 0.188912 0.194540 0.200265 0.206087 0.212004 0.218017 0.224125 0.230327 0.236621 0.243008 0.249486 0.256055
