0.049715 0.065032 0.080888 0.096936 0.113026 0.129090 0.145094 0.161022 0.176867 0.192624 0.208290 0.223866 0.239351 0.254746 0.270052 0.285268 0.300396 0.315437 0.330391 0.345259 0.360040 0.374736 0.389347 0.403873 0.418314 0.432670 0.446941 0.461127 0.475228 0.489244 0.503174 0.517018 0.530776 0.544447 0.558031 0.571528 0.584936 0.598256 0.611487 0.624628 0.637679 0.650639 0.663508 0.676284 0.688968 0.701559 0.714055 0.726458 0.738765 0.750976
0.043356 0.061214 0.078251 0.094900 0.111321 0.127581 0.143707 0.159713 0.175607 0.191395 0.207079 0.222662 0.238148 0.253537 0.268833 0.284035 0.299147 0.314168 0.329099 0.343943 0.358699 0.373368 0.387950 0.402446 0.416856 0.431180 0.445418 0.459571 0.473637 0.487617 0.501511 0.515318 0.529038 0.542671 0.556217 0.569674 0.583043 0.596322 0.609512 0.622612 0.635621 0.648539 0.661365 0.674099 0.686740 0.699287 0.711740 0.724098 0.736360 0.748527
0.040335 0.057991 0.075211 0.092077 0.108678 0.125070 0.141287 0.157353 0.173283 0.189087 0.204773 0.220347 0.235813 0.251175 0.266437 0.281601 0.296669 0.311643 0.326524 0.341314 0.356014 0.370624 0.385145 0.399578 0.413922 0.428179 0.442349 0.456431 0.470426 0.484333 0.498152 0.511884 0.525528 0.539083 0.552549 0.565926 0.579214 0.592412 0.605519 0.618535 0.631460 0.644293 0.657034 0.669681 0.682235 0.694694 0.707059 0.719329 0.731502 0.743579
0.039333 0.056028 0.072736 0.089363 0.105851 0.122181 0.138356 0.154382 0.170269 0.186024 0.201656 0.217170 0.232571 0.247863 0.263050 0.278135 0.293120 0.308008 0.322800 0.337497 0.352101 0.366613 0.381034 0.395364 0.409604 0.423754 0.437815 0.451787 0.465669 0.479462 0.493166 0.506780 0.520305 0.533740 0.547085 0.560339 0.573503 0.586575 0.599557 0.612446 0.625242 0.637946 0.650556 0.663073 0.675495 0.687822 0.700053 0.712189 0.724228 0.736170
0.037837 0.054033 0.070464 0.086846 0.103116 0.119257 0.135266 0.151142 0.166889 0.182511 0.198013 0.213398 0.228671 0.243834 0.258891 0.273844 0.288695 0.303447 0.318101 0.332659 0.347121 0.361489 0.375764 0.389946 0.404036 0.418034 0.431941 0.445757 0.459482 0.473116 0.486659 0.500111 0.513472 0.526742 0.539920 0.553006 0.566001 0.578903 0.591712 0.604429 0.617051 0.629580 0.642015 0.654354 0.666599 0.678748 0.690800 0.702756 0.714614 0.726375
0.034463 0.051834 0.068318 0.084505 0.100529 0.116421 0.132190 0.147839 0.163370 0.178784 0.194085 0.209274 0.224353 0.239325 0.254192 0.268955 0.283617 0.298178 0.312641 0.327006 0.341275 0.355448 0.369526 0.383510 0.397401 0.411198 0.424903 0.438514 0.452034 0.465461 0.478795 0.492038 0.505187 0.518245 0.531209 0.544081 0.556859 0.569543 0.582134 0.594631 0.607033 0.619341 0.631553 0.643669 0.655690 0.667614 0.679441 0.691171 0.702803 0.714337
0.035703 0.050769 0.066542 0.082357 0.098081 0.113691 0.129185 0.144565 0.159832 0.174988 0.190034 0.204972 0.219803 0.234528 0.249149 0.263668 0.278085 0.292402 0.306620 0.320739 0.334762 0.348688 0.362518 0.376253 0.389893 0.403439 0.416890 0.430248 0.443512 0.456683 0.469760 0.482744 0.495634 0.508430 0.521133 0.533741 0.546256 0.558676 0.571001 0.583231 0.595366 0.607405 0.619348 0.631195 0.642946 0.654599 0.666155 0.677613 0.688973 0.700235
0.031898 0.048703 0.064612 0.080234 0.095696 0.111028 0.126239 0.141333 0.156312 0.171178 0.185933 0.200579 0.215117 0.229550 0.243878 0.258103 0.272226 0.286248 0.300171 0.313995 0.327720 0.341349 0.354880 0.368316 0.381656 0.394900 0.408050 0.421105 0.434065 0.446931 0.459702 0.472379 0.484962 0.497450 0.509843 0.522142 0.534346 0.546454 0.558467 0.570385 0.582206 0.593932 0.605561 0.617093 0.628529 0.639867 0.651107 0.662250 0.673294 0.684240
0.032509 0.047545 0.062890 0.078184 0.093360 0.108407 0.123326 0.138119 0.152789 0.167340 0.181775 0.196096 0.210306 0.224407 0.238401 0.252290 0.266075 0.279758 0.293340 0.306822 0.320205 0.333489 0.346676 0.359765 0.372758 0.385655 0.398456 0.411162 0.423772 0.436287 0.448707 0.461032 0.473262 0.485396 0.497436 0.509380 0.521229 0.532982 0.544639 0.556200 0.567666 0.579034 0.590306 0.601482 0.612560 0.623541 0.634424 0.645210 0.655898 0.666487
0.030619 0.045958 0.061126 0.076161 0.091055 0.105802 0.120408 0.134875 0.149209 0.163415 0.177498 0.191461 0.205308 0.219042 0.232665 0.246180 0.259589 0.272893 0.286093 0.299192 0.312191 0.325089 0.337889 0.350591 0.363195 0.375702 0.388113 0.400428 0.412646 0.424769 0.436795 0.448727 0.460563 0.472303 0.483947 0.495496 0.506950 0.518307 0.529568 0.540734 0.551803 0.562775 0.573651 0.584431 0.595113 0.605699 0.616188 0.626579 0.636874 0.647071
0.028848 0.044376 0.059428 0.074212 0.088796 0.103206 0.117456 0.131557 0.145516 0.159339 0.173033 0.186602 0.200050 0.213380 0.226597 0.239702 0.252698 0.265587 0.278370 0.291050 0.303627 0.316104 0.328480 0.340757 0.352936 0.365017 0.377001 0.388887 0.400677 0.412371 0.423968 0.435470 0.446875 0.458185 0.469399 0.480516 0.491538 0.502465 0.513295 0.524029 0.534667 0.545209 0.555655 0.566005 0.576259 0.586416 0.596478 0.606443 0.616312 0.626086
0.029313 0.043623 0.058101 0.072449 0.086619 0.100616 0.114450 0.128131 0.141666 0.155062 0.168326 0.181462 0.194474 0.207366 0.220140 0.232801 0.245351 0.257791 0.270125 0.282353 0.294478 0.306501 0.318422 0.330244 0.341966 0.353589 0.365114 0.376542 0.387873 0.399106 0.410243 0.421284 0.432228 0.443076 0.453828 0.464485 0.475045 0.485510 0.495880 0.506153 0.516331 0.526414 0.536401 0.546293 0.556090 0.565793 0.575400 0.584913 0.594331 0.603655
0.027797 0.042729 0.056927 0.070815 0.084501 0.098015 0.111371 0.124578 0.137641 0.150567 0.163360 0.176024 0.188564 0.200982 0.213283 0.225468 0.237540 0.249503 0.261358 0.273108 0.284753 0.296295 0.307735 0.319074 0.330313 0.341453 0.352494 0.363437 0.374282 0.385030 0.395681 0.406235 0.416693 0.427055 0.437320 0.447491 0.457565 0.467545 0.477429 0.487218 0.496913 0.506513 0.516019 0.525432 0.534751 0.543976 0.553109 0.562149 0.571096 0.579951
0.029681 0.042742 0.056036 0.069276 0.082390 0.095362 0.108192 0.120881 0.133432 0.145849 0.158136 0.170295 0.182331 0.194245 0.206041 0.217723 0.229293 0.240753 0.252107 0.263354 0.274496 0.285536 0.296472 0.307308 0.318042 0.328677 0.339213 0.349650 0.359989 0.370230 0.380374 0.390422 0.400373 0.410228 0.419988 0.429653 0.439223 0.448698 0.458079 0.467366 0.476559 0.485660 0.494668 0.503584 0.512409 0.521142 0.529785 0.538336 0.546798 0.555169
0.029379 0.042200 0.054973 0.067644 0.080190 0.092604 0.104883 0.117027 0.129039 0.140921 0.152675 0.164302 0.175807 0.187193 0.198462 0.209620 0.220668 0.231607 0.242439 0.253165 0.263787 0.274305 0.284720 0.295033 0.305246 0.315358 0.325371 0.335285 0.345101 0.354820 0.364442 0.373967 0.383396 0.392730 0.401969 0.411114 0.420165 0.429122 0.437986 0.446757 0.455436 0.464025 0.472523 0.480931 0.489249 0.497477 0.505616 0.513667 0.521630 0.529505
0.028363 0.041267 0.053671 0.065840 0.077846 0.089709 0.101435 0.113027 0.124486 0.135816 0.147019 0.158097 0.169053 0.179894 0.190623 0.201242 0.211752 0.222155 0.232450 0.242640 0.252725 0.262706 0.272585 0.282362 0.292038 0.301614 0.311091 0.320469 0.329750 0.338933 0.348020 0.357011 0.365907 0.374708 0.383415 0.392029 0.400550 0.408979 0.417316 0.425561 0.433716 0.441780 0.449755 0.457642 0.465440 0.473150 0.480773 0.488309 0.495759 0.503123
0.028981 0.040613 0.052328 0.063938 0.075404 0.086723 0.097899 0.108935 0.119836 0.130605 0.141246 0.151762 0.162160 0.172448 0.182624 0.192692 0.202651 0.212502 0.222248 0.231888 0.241424 0.250857 0.260188 0.269417 0.278546 0.287575 0.296505 0.305337 0.314072 0.322710 0.331253 0.339700 0.348053 0.356312 0.364479 0.372552 0.380534 0.388424 0.396224 0.403934 0.411555 0.419086 0.426530 0.433886 0.441155 0.448338 0.455436 0.462448 0.469376 0.476220
0.028221 0.039672 0.050945 0.062043 0.072972 0.083740 0.094357 0.104829 0.115163 0.125363 0.135433 0.145381 0.155216 0.164939 0.174553 0.184058 0.193455 0.202746 0.211931 0.221012 0.229990 0.238864 0.247638 0.256310 0.264883 0.273356 0.281732 0.290010 0.298192 0.306278 0.314269 0.322166 0.329969 0.337680 0.345298 0.352826 0.360262 0.367608 0.374865 0.382034 0.389114 0.396107 0.403013 0.409834 0.416569 0.423219 0.429785 0.436268 0.442668 0.448986
0.027788 0.038992 0.049769 0.060298 0.070643 0.080829 0.090866 0.100759 0.110515 0.120136 0.129627 0.139003 0.148266 0.157419 0.166462 0.175397 0.184226 0.192948 0.201566 0.210080 0.218492 0.226802 0.235011 0.243121 0.251132 0.259045 0.266860 0.274580 0.282204 0.289733 0.297168 0.304511 0.311760 0.318919 0.325986 0.332963 0.339851 0.346650 0.353362 0.359986 0.366523 0.372975 0.379341 0.385623 0.391821 0.397936 0.403969 0.409920 0.415791 0.421581
0.029065 0.038950 0.048851 0.058679 0.068392 0.077973 0.087416 0.096722 0.105891 0.114926 0.123838 0.132636 0.141322 0.149899 0.158367 0.166728 0.174982 0.183132 0.191179 0.199123 0.206965 0.214707 0.222350 0.229894 0.237340 0.244689 0.251943 0.259101 0.266166 0.273137 0.280015 0.286801 0.293497 0.300102 0.306618 0.313045 0.319384 0.325636 0.331802 0.337881 0.343876 0.349787 0.355614 0.361358 0.367020 0.372601 0.378101 0.383521 0.388862 0.394125
0.029150 0.038356 0.047705 0.056978 0.066122 0.075125 0.083985 0.092706 0.101288 0.109737 0.118067 0.126285 0.134392 0.142391 0.150282 0.158067 0.165748 0.173325 0.180799 0.188172 0.195446 0.202620 0.209695 0.216674 0.223557 0.230344 0.237036 0.243636 0.250142 0.256556 0.262879 0.269112 0.275256 0.281310 0.287277 0.293157 0.298950 0.304657 0.310280 0.315819 0.321274 0.326647 0.331937 0.337147 0.342277 0.347326 0.352297 0.357190 0.362006 0.366745
0.027364 0.037277 0.046441 0.055269 0.063881 0.072318 0.080599 0.088735 0.096731 0.104595 0.112344 0.119982 0.127512 0.134934 0.142251 0.149462 0.156571 0.163578 0.170484 0.177290 0.183998 0.190608 0.197122 0.203539 0.209863 0.216092 0.222229 0.228273 0.234226 0.240089 0.245862 0.251547 0.257144 0.262653 0.268076 0.273414 0.278667 0.283836 0.288922 0.293925 0.298846 0.303687 0.308448 0.313129 0.317732 0.322257 0.326705 0.331076 0.335372 0.339594
0.029263 0.037398 0.045663 0.053800 0.061781 0.069612 0.077297 0.084842 0.092250 0.099532 0.106704 0.113768 0.120725 0.127577 0.134325 0.140970 0.147514 0.153958 0.160303 0.166550 0.172700 0.178755 0.184714 0.190579 0.196351 0.202031 0.207620 0.213118 0.218526 0.223846 0.229078 0.234222 0.239280 0.244253 0.249141 0.253945 0.258666 0.263305 0.267862 0.272339 0.276735 0.281052 0.285291 0.289453 0.293537 0.297545 0.301479 0.305337 0.309122 0.312834
0.029714 0.037466 0.044975 0.052405 0.059738 0.066956 0.074046 0.081006 0.087836 0.094546 0.101151 0.107651 0.114046 0.120339 0.126530 0.132621 0.138612 0.144505 0.150301 0.156001 0.161605 0.167115 0.172531 0.177856 0.183088 0.188230 0.193282 0.198245 0.203120 0.207908 0.212609 0.217225 0.221756 0.226203 0.230567 0.234849 0.239049 0.243168 0.247207 0.251168 0.255050 0.258854 0.262582 0.266234 0.269810 0.273313 0.276742 0.280098 0.283382 0.286595
0.030240 0.036900 0.043858 0.050770 0.057568 0.064235 0.070769 0.077172 0.083444 0.089603 0.095659 0.101612 0.107463 0.113214 0.118865 0.124417 0.129872 0.135230 0.140492 0.145659 0.150733 0.155713 0.160602 0.165400 0.170107 0.174725 0.179255 0.183697 0.188052 0.192322 0.196506 0.200607 0.204624 0.208558 0.212411 0.216183 0.219875 0.223488 0.227022 0.230479 0.233860 0.237164 0.240393 0.243548 0.246629 0.249638 0.252574 0.255440 0.258235 0.260961
0.027853 0.035494 0.042383 0.048930 0.055262 0.061424 0.067437 0.073310 0.079053 0.084686 0.090217 0.095646 0.100974 0.106204 0.111334 0.116368 0.121305 0.126146 0.130893 0.135546 0.140106 0.144575 0.148953 0.153240 0.157439 0.161549 0.165573 0.169509 0.173361 0.177128 0.180811 0.184411 0.187929 0.191366 0.194722 0.197999 0.201198 0.204319 0.207362 0.210330 0.213223 0.216041 0.218785 0.221457 0.224056 0.226585 0.229043 0.231432 0.233752 0.236004
0.028894 0.035108 0.041216 0.047163 0.052952 0.058593 0.064092 0.069457 0.074694 0.079826 0.084856 0.089785 0.094614 0.099344 0.103977 0.108512 0.112952 0.117297 0.121547 0.125705 0.129771 0.133745 0.137630 0.141425 0.145132 0.148752 0.152286 0.155734 0.159098 0.162379 0.165577 0.168693 0.171728 0.174683 0.177559 0.180357 0.183078 0.185722 0.188290 0.190784 0.193204 0.195551 0.197826 0.200029 0.202162 0.204225 0.206219 0.208146 0.210005 0.211797
0.029674 0.034778 0.040101 0.045421 0.050659 0.055786 0.060790 0.065667 0.070424 0.075079 0.079631 0.084083 0.088435 0.092687 0.096842 0.100899 0.104861 0.108727 0.112501 0.116181 0.119770 0.123269 0.126678 0.129999 0.133232 0.136379 0.139440 0.142417 0.145311 0.148122 0.150851 0.153500 0.156069 0.158559 0.160971 0.163306 0.165565 0.167749 0.169858 0.171894 0.173858 0.175749 0.177570 0.179320 0.181002 0.182615 0.184161 0.185640 0.187054 0.188402
0.028216 0.033549 0.038609 0.043531 0.048332 0.053010 0.057561 0.061982 0.066284 0.070483 0.074578 0.078571 0.082463 0.086255 0.089948 0.093545 0.097045 0.100451 0.103764 0.106984 0.110114 0.113153 0.116104 0.118967 0.121743 0.124434 0.127040 0.129562 0.132002 0.134361 0.136639 0.138837 0.140956 0.142998 0.144963 0.146852 0.148666 0.150406 0.152073 0.153667 0.155190 0.156643 0.158026 0.159340 0.160586 0.161766 0.162879 0.163927 0.164911 0.165832
0.027107 0.032195 0.037004 0.041606 0.046036 0.050311 0.054441 0.058429 0.062292 0.066048 0.069698 0.073245 0.076689 0.080034 0.083279 0.086428 0.089482 0.092442 0.095308 0.098084 0.100769 0.103365 0.105873 0.108294 0.110630 0.112881 0.115048 0.117133 0.119136 0.121059 0.122902 0.124666 0.126353 0.127963 0.129498 0.130958 0.132343 0.133656 0.134897 0.136067 0.137166 0.138197 0.139158 0.140053 0.140881 0.141643 0.142340 0.142974 0.143545 0.144055
0.027228 0.031450 0.035740 0.039917 0.043934 0.047788 0.051487 0.055038 0.058462 0.061777 0.064986 0.068091 0.071096 0.074002 0.076811 0.079524 0.082143 0.084669 0.087104 0.089448 0.091704 0.093871 0.095952 0.097948 0.099859 0.101686 0.103431 0.105094 0.106678 0.108181 0.109606 0.110954 0.112225 0.113421 0.114542 0.115589 0.116564 0.117467 0.118299 0.119061 0.119754 0.120379 0.120937 0.121428 0.121855 0.122217 0.122516 0.122754 0.122930 0.123047
0.026300 0.030791 0.034812 0.038561 0.042114 0.045501 0.048740 0.051836 0.054811 0.057681 0.060450 0.063120 0.065692 0.068169 0.070551 0.072839 0.075036 0.077143 0.079160 0.081088 0.082929 0.084684 0.086354 0.087940 0.089442 0.090862 0.092202 0.093461 0.094641 0.095742 0.096767 0.097715 0.098588 0.099386 0.100111 0.100764 0.101345 0.101855 0.102296 0.102668 0.102972 0.103209 0.103380 0.103487 0.103530 0.103511 0.103431 0.103291 0.103093 0.102838
0.027694 0.031133 0.034395 0.037527 0.040536 0.043421 0.046183 0.048822 0.051348 0.053780 0.056118 0.058363 0.060515 0.062575 0.064545 0.066425 0.068215 0.069918 0.071533 0.073062 0.074505 0.075864 0.077140 0.078333 0.079445 0.080475 0.081427 0.082299 0.083094 0.083811 0.084453 0.085020 0.085512 0.085932 0.086279 0.086554 0.086760 0.086895 0.086963 0.086962 0.086896 0.086764 0.086568 0.086309 0.085989 0.085610 0.085173 0.084679 0.084132 0.083532
0.029087 0.031362 0.033917 0.036493 0.039009 0.041433 0.043753 0.045964 0.048068 0.050085 0.052014 0.053855 0.055608 0.057273 0.058850 0.060340 0.061744 0.063061 0.064294 0.065443 0.066508 0.067490 0.068391 0.069211 0.069951 0.070612 0.071194 0.071699 0.072127 0.072480 0.072758 0.072962 0.073094 0.073153 0.073141 0.073058 0.072907 0.072687 0.072400 0.072047 0.071630 0.071149 0.070607 0.070006 0.069348 0.068635 0.067869 0.067053 0.066189 0.065282
0.027729 0.030507 0.032947 0.035229 0.037394 0.039449 0.041395 0.043229 0.044956 0.046596 0.048149 0.049616 0.050998 0.052293 0.053503 0.054628 0.055668 0.056625 0.057498 0.058289 0.058997 0.059625 0.060173 0.060641 0.061030 0.061341 0.061576 0.061734 0.061817 0.061826 0.061761 0.061623 0.061413 0.061132 0.060780 0.060360 0.059872 0.059317 0.058697 0.058013 0.057269 0.056465 0.055605 0.054692 0.053728 0.052718 0.051664 0.050571 0.049442 0.048281
0.027477 0.029715 0.031861 0.033866 0.035737 0.037483 0.039109 0.040618 0.042013 0.043313 0.044526 0.045654 0.046695 0.047651 0.048522 0.049309 0.050013 0.050634 0.051172 0.051630 0.052007 0.052304 0.052522 0.052662 0.052724 0.052709 0.052618 0.052453 0.052212 0.051898 0.051511 0.051053 0.050523 0.049923 0.049254 0.048518 0.047715 0.046849 0.045922 0.044936 0.043895 0.042803 0.041664 0.040484 0.039267 0.038017 0.036740 0.035440 0.034125 0.032799
0.026919 0.028969 0.030830 0.032551 0.034140 0.035602 0.036940 0.038156 0.039255 0.040249 0.041155 0.041973 0.042704 0.043351 0.043912 0.044390 0.044785 0.045098 0.045330 0.045481 0.045552 0.045545 0.045459 0.045295 0.045054 0.044738 0.044346 0.043879 0.043339 0.042726 0.042040 0.041284 0.040457 0.039561 0.038598 0.037571 0.036481 0.035335 0.034135 0.032888 0.031599 0.030275 0.028923 0.027552 0.026167 0.024771 0.023374 0.021987 0.020617 0.019267
0.026764 0.028361 0.029909 0.031352 0.032670 0.033862 0.034929 0.035875 0.036703 0.037419 0.038044 0.038581 0.039031 0.039396 0.039676 0.039873 0.039988 0.040021 0.039973 0.039844 0.039637 0.039351 0.038987 0.038546 0.038028 0.037435 0.036767 0.036024 0.035208 0.034319 0.033359 0.032328 0.031228 0.030063 0.028835 0.027550 0.026214 0.024835 0.023422 0.021986 0.020532 0.019075 0.017628 0.016198 0.014787 0.013396 0.012058 0.010787 0.009574 0.008408
0.026268 0.027740 0.029093 0.030292 0.031352 0.032284 0.033094 0.033786 0.034364 0.034829 0.035196 0.035477 0.035672 0.035782 0.035808 0.035751 0.035613 0.035393 0.035092 0.034712 0.034253 0.033715 0.033099 0.032406 0.031637 0.030792 0.029873 0.028879 0.027811 0.026671 0.025460 0.024181 0.022838 0.021437 0.019988 0.018502 0.016990 0.015470 0.013959 0.012464 0.010996 0.009595 0.008267 0.007000 0.005781 0.004645 0.003702 0.002874 0.002114 0.001401
0.025793 0.027367 0.028470 0.029388 0.030178 0.030855 0.031421 0.031878 0.032226 0.032467 0.032603 0.032651 0.032615 0.032496 0.032294 0.032010 0.031644 0.031198 0.030671 0.030065 0.029379 0.028615 0.027773 0.026854 0.025858 0.024786 0.023639 0.022418 0.021123 0.019757 0.018323 0.016830 0.015289 0.013715 0.012132 0.010558 0.009014 0.007546 0.006156 0.004830 0.003650 0.002675 0.001812 0.001019 0.000272 0.000001 0.000001 0.000001 0.000001 0.000001
0.027372 0.027422 0.027966 0.028560 0.029093 0.029537 0.029883 0.030127 0.030270 0.030310 0.030249 0.030090 0.029848 0.029523 0.029118 0.028631 0.028063 0.027414 0.026685 0.025877 0.024990 0.024024 0.022979 0.021857 0.020659 0.019383 0.018032 0.016607 0.015109 0.013546 0.011932 0.010290 0.008645 0.007043 0.005525 0.004087 0.002851 0.001829 0.000926 0.000095 0.000001 0.000001 0.000001 0.000001 0.000001 0.000001 0.000001 0.000001 0.000001 0.000001
0.025397 0.026549 0.027216 0.027689 0.028043 0.028297 0.028454 0.028515 0.028480 0.028346 0.028114 0.027783 0.027359 0.026853 0.026267 0.025600 0.024852 0.024024 0.023117 0.022129 0.021062 0.019916 0.018692 0.017389 0.016009 0.014551 0.013018 0.011412 0.009744 0.008041 0.006344 0.004722 0.003202 0.001957 0.000915 0.000001 0.000001 0.000001 0.000001 0.000001 0.000001 0.000001 0.000001 0.000001 0.000001 0.000001 0.000001 0.000001 0.000001 0.000001
0.025623 0.026211 0.026598 0.026869 0.027047 0.027136 0.027134 0.027041 0.026855 0.026574 0.026196 0.025722 0.025152 0.024489 0.023742 0.022916 0.022010 0.021024 0.019957 0.018810 0.017584 0.016278 0.014893 0.013429 0.011887 0.010268 0.008574 0.006823 0.005065 0.003382 0.001915 0.000742 0.000001 0.000001 0.000001 0.000001 0.000001 0.000001 0.000001 0.000001 0.000001 0.000001 0.000001 0.000001 0.000001 0.000001 0.000001 0.000001 0.000001 0.000001
0.026531 0.025990 0.025990 0.026069 0.026106 0.026068 0.025942 0.025725 0.025415 0.025011 0.024512 0.023917 0.023225 0.022438 0.021558 0.020591 0.019545 0.018418 0.017210 0.015923 0.014555 0.013107 0.011579 0.009971 0.008285 0.006522 0.004705 0.002922 0.001378 0.000153 0.000001 0.000001 0.000001 0.000001 0.000001 0.000001 0.000001 0.000001 0.000001 0.000001 0.000001 0.000001 0.000001 0.000001 0.000001 0.000001 0.000001 0.000001 0.000001 0.000001
0.023416 0.024716 0.025131 0.025264 0.025255 0.025136 0.024918 0.024602 0.024191 0.023685 0.023083 0.022386 0.021592 0.020703 0.019717 0.018638 0.017468 0.016216 0.014884 0.013471 0.011977 0.010402 0.008747 0.007011 0.005196 0.003324 0.001544 0.000142 0.000001 0.000001 0.000001 0.000001 0.000001 0.000001 0.000001 0.000001 0.000001 0.000001 0.000001 0.000001 0.000001 0.000001 0.000001 0.000001 0.000001 0.000001 0.000001 0.000001 0.000001 0.000001
0.025382 0.024760 0.024735 0.024723 0.024620 0.024416 0.024111 0.023708 0.023209 0.022614 0.021924 0.021139 0.020258 0.019281 0.018208 0.017039 0.015775 0.014418 0.012974 0.011449 0.009843 0.008155 0.006386 0.004535 0.002614 0.000814 0.000001 0.000001 0.000001 0.000001 0.000001 0.000001 0.000001 0.000001 0.000001 0.000001 0.000001 0.000001 0.000001 0.000001 0.000001 0.000001 0.000001 0.000001 0.000001 0.000001 0.000001 0.000001 0.000001 0.000001
0.023386 0.024359 0.024508 0.024425 0.024224 0.023926 0.023534 0.023048 0.022468 0.021794 0.021026 0.020164 0.019207 0.018155 0.017007 0.015762 0.014422 0.012985 0.011454 0.009832 0.008124 0.006334 0.004463 0.002509 0.000603 0.000001 0.000001 0.000001 0.000001 0.000001 0.000001 0.000001 0.000001 0.000001 0.000001 0.000001 0.000001 0.000001 0.000001 0.000001 0.000001 0.000001 0.000001 0.000001 0.000001 0.000001 0.000001 0.000001 0.000001 0.000001
0.025854 0.024925 0.024588 0.024324 0.024014 0.023627 0.023154 0.022592 0.021940 0.021195 0.020358 0.019428 0.018404 0.017286 0.016072 0.014763 0.013357 0.011855 0.010255 0.008560 0.006771 0.004891 0.002927 0.000899 0.000001 0.000001 0.000001 0.000001 0.000001 0.000001 0.000001 0.000001 0.000001 0.000001 0.000001 0.000001 0.000001 0.000001 0.000001 0.000001 0.000001 0.000001 0.000001 0.000001 0.000001 0.000001 0.000001 0.000001 0.000001 0.000001
0.024361 0.024626 0.024519 0.024261 0.023902 0.023453 0.022915 0.022289 0.021573 0.020766 0.019869 0.018879 0.017796 0.016620 0.015349 0.013983 0.012521 0.010962 0.009307 0.007554 0.005703 0.003757 0.001716 0.000001 0.000001 0.000001 0.000001 0.000001 0.000001 0.000001 0.000001 0.000001 0.000001 0.000001 0.000001 0.000001 0.000001 0.000001 0.000001 0.000001 0.000001 0.000001 0.000001 0.000001 0.000001 0.000001 0.000001 0.000001 0.000001 0.000001
0.024631 0.024744 0.024576 0.024265 0.023852 0.023348 0.022755 0.022074 0.021304 0.020445 0.019495 0.018453 0.017320 0.016093 0.014772 0.013357 0.011846 0.010240 0.008536 0.006735 0.004835 0.002838 0.000745 0.000001 0.000001 0.000001 0.000001 0.000001 0.000001 0.000001 0.000001 0.000001 0.000001 0.000001 0.000001 0.000001 0.000001 0.000001 0.000001 0.000001 0.000001 0.000001 0.000001 0.000001 0.000001 0.000001 0.000001 0.000001 0.000001 0.000001
0.025934 0.025135 0.024695 0.024276 0.023799 0.023243 0.022602 0.021876 0.021061 0.020158 0.019164 0.018080 0.016904 0.015634 0.014272 0.012815 0.011263 0.009615 0.007870 0.006029 0.004089 0.002050 0.000001 0.000001 0.000001 0.000001 0.000001 0.000001 0.000001 0.000001 0.000001 0.000001 0.000001 0.000001 0.000001 0.000001 0.000001 0.000001 0.000001 0.000001 0.000001 0.000001 0.000001 0.000001 0.000001 0.000001 0.000001 0.000001 0.000001 0.000001
0.024561 0.024801 0.024558 0.024150 0.023645 0.023057 0.022384 0.021624 0.020777 0.019840 0.018813 0.017694 0.016484 0.015180 0.013783 0.012291 0.010705 0.009023 0.007244 0.005369 0.003395 0.001323 0.000001 0.000001 0.000001 0.000001 0.000001 0.000001 0.000001 0.000001 0.000001 0.000001 0.000001 0.000001 0.000001 0.000001 0.000001 0.000001 0.000001 0.000001 0.000001 0.000001 0.000001 0.000001 0.000001 0.000001 0.000001 0.000001 0.000001 0.000001
0.025351 0.024761 0.024315 0.023859 0.023340 0.022740 0.022052 0.021275 0.020407 0.019447 0.018395 0.017250 0.016013 0.014682 0.013256 0.011737 0.010122 0.008411 0.006604 0.004700 0.002698 0.000604 0.000001 0.000001 0.000001 0.000001 0.000001 0.000001 0.000001 0.000001 0.000001 0.000001 0.000001 0.000001 0.000001 0.000001 0.000001 0.000001 0.000001 0.000001 0.000001 0.000001 0.000001 0.000001 0.000001 0.000001 0.000001 0.000001 0.000001 0.000001
0.024490 0.024049 0.023750 0.023375 0.022891 0.022303 0.021613 0.020825 0.019942 0.018964 0.017892 0.016726 0.015465 0.014111 0.012661 0.011117 0.009478 0.007742 0.005911 0.003982 0.001956 0.000001 0.000001 0.000001 0.000001 0.000001 0.000001 0.000001 0.000001 0.000001 0.000001 0.000001 0.000001 0.000001 0.000001 0.000001 0.000001 0.000001 0.000001 0.000001 0.000001 0.000001 0.000001 0.000001 0.000001 0.000001 0.000001 0.000001 0.000001 0.000001
0.022175 0.023199 0.023226 0.022914 0.022434 0.021831 0.021123 0.020314 0.019409 0.018408 0.017312 0.016121 0.014836 0.013457 0.011983 0.010415 0.008751 0.006991 0.005136 0.003183 0.001137 0.000001 0.000001 0.000001 0.000001 0.000001 0.000001 0.000001 0.000001 0.000001 0.000001 0.000001 0.000001 0.000001 0.000001 0.000001 0.000001 0.000001 0.000001 0.000001 0.000001 0.000001 0.000001 0.000001 0.000001 0.000001 0.000001 0.000001 0.000001 0.000001
0.025572 0.023975 0.023252 0.022679 0.022079 0.021404 0.020642 0.019788 0.018842 0.017803 0.016672 0.015448 0.014132 0.012722 0.011219 0.009622 0.007930 0.006143 0.004260 0.002282 0.000271 0.000001 0.000001 0.000001 0.000001 0.000001 0.000001 0.000001 0.000001 0.000001 0.000001 0.000001 0.000001 0.000001 0.000001 0.000001 0.000001 0.000001 0.000001 0.000001 0.000001 0.000001 0.000001 0.000001 0.000001 0.000001 0.000001 0.000001 0.000001 0.000001
0.023318 0.023477 0.023043 0.022454 0.021779 0.021025 0.020189 0.019269 0.018264 0.017171 0.015991 0.014721 0.013362 0.011913 0.010371 0.008738 0.007012 0.005192 0.003277 0.001276 0.000001 0.000001 0.000001 0.000001 0.000001 0.000001 0.000001 0.000001 0.000001 0.000001 0.000001 0.000001 0.000001 0.000001 0.000001 0.000001 0.000001 0.000001 0.000001 0.000001 0.000001 0.000001 0.000001 0.000001 0.000001 0.000001 0.000001 0.000001 0.000001 0.000001
0.024381 0.023556 0.022949 0.022275 0.021514 0.020671 0.019750 0.018752 0.017675 0.016517 0.015276 0.013950 0.012539 0.011039 0.009451 0.007773 0.006005 0.004144 0.002193 0.000246 0.000001 0.000001 0.000001 0.000001 0.000001 0.000001 0.000001 0.000001 0.000001 0.000001 0.000001 0.000001 0.000001 0.000001 0.000001 0.000001 0.000001 0.000001 0.000001 0.000001 0.000001 0.000001 0.000001 0.000001 0.000001 0.000001 0.000001 0.000001 0.000001 0.000001
0.023562 0.023535 0.022907 0.022113 0.021240 0.020300 0.019294 0.018217 0.017066 0.015839 0.014532 0.013144 0.011672 0.010116 0.008474 0.006745 0.004926 0.003018 0.001036 0.000001 0.000001 0.000001 0.000001 0.000001 0.000001 0.000001 0.000001 0.000001 0.000001 0.000001 0.000001 0.000001 0.000001 0.000001 0.000001 0.000001 0.000001 0.000001 0.000001 0.000001 0.000001 0.000001 0.000001 0.000001 0.000001 0.000001 0.000001 0.000001 0.000001 0.000001
0.025789 0.023967 0.022829 0.021849 0.020877 0.019864 0.018790 0.017647 0.016429 0.015135 0.013762 0.012310 0.010776 0.009159 0.007457 0.005671 0.003797 0.001839 0.000001 0.000001 0.000001 0.000001 0.000001 0.000001 0.000001 0.000001 0.000001 0.000001 0.000001 0.000001 0.000001 0.000001 0.000001 0.000001 0.000001 0.000001 0.000001 0.000001 0.000001 0.000001 0.000001 0.000001 0.000001 0.000001 0.000001 0.000001 0.000001 0.000001 0.000001 0.000001
0.023390 0.022947 0.022211 0.021352 0.020401 0.019365 0.018247 0.017047 0.015769 0.014411 0.012974 0.011457 0.009859 0.008179 0.006416 0.004570 0.002638 0.000660 0.000001 0.000001 0.000001 0.000001 0.000001 0.000001 0.000001 0.000001 0.000001 0.000001 0.000001 0.000001 0.000001 0.000001 0.000001 0.000001 0.000001 0.000001 0.000001 0.000001 0.000001 0.000001 0.000001 0.000001 0.000001 0.000001 0.000001 0.000001 0.000001 0.000001 0.000001 0.000001
0.022344 0.022248 0.021720 0.020926 0.019966 0.018887 0.017711 0.016448 0.015104 0.013680 0.012177 0.010595 0.008932 0.007189 0.005364 0.003456 0.001468 0.000001 0.000001 0.000001 0.000001 0.000001 0.000001 0.000001 0.000001 0.000001 0.000001 0.000001 0.000001 0.000001 0.000001 0.000001 0.000001 0.000001 0.000001 0.000001 0.000001 0.000001 0.000001 0.000001 0.000001 0.000001 0.000001 0.000001 0.000001 0.000001 0.000001 0.000001 0.000001 0.000001
0.023695 0.022823 0.021852 0.020805 0.019683 0.018486 0.017215 0.015870 0.014450 0.012955 0.011384 0.009736 0.008008 0.006202 0.004314 0.002344 0.000357 0.000001 0.000001 0.000001 0.000001 0.000001 0.000001 0.000001 0.000001 0.000001 0.000001 0.000001 0.000001 0.000001 0.000001 0.000001 0.000001 0.000001 0.000001 0.000001 0.000001 0.000001 0.000001 0.000001 0.000001 0.000001 0.000001 0.000001 0.000001 0.000001 0.000001 0.000001 0.000001 0.000001
0.025249 0.023458 0.022034 0.020721 0.019424 0.018102 0.016732 0.015304 0.013809 0.012244 0.010606 0.008892 0.007101 0.005231 0.003281 0.001253 0.000001 0.000001 0.000001 0.000001 0.000001 0.000001 0.000001 0.000001 0.000001 0.000001 0.000001 0.000001 0.000001 0.000001 0.000001 0.000001 0.000001 0.000001 0.000001 0.000001 0.000001 0.000001 0.000001 0.000001 0.000001 0.000001 0.000001 0.000001 0.000001 0.000001 0.000001 0.000001 0.000001 0.000001
0.024078 0.022953 0.021676 0.020369 0.019035 0.017660 0.016232 0.014742 0.013186 0.011558 0.009857 0.008081 0.006227 0.004295 0.002283 0.000246 0.000001 0.000001 0.000001 0.000001 0.000001 0.000001 0.000001 0.000001 0.000001 0.000001 0.000001 0.000001 0.000001 0.000001 0.000001 0.000001 0.000001 0.000001 0.000001 0.000001 0.000001 0.000001 0.000001 0.000001 0.000001 0.000001 0.000001 0.000001 0.000001 0.000001 0.000001 0.000001 0.000001 0.000001
0.023298 0.022162 0.021060 0.019865 0.018574 0.017198 0.015742 0.014208 0.012599 0.010914 0.009153 0.007315 0.005400 0.003407 0.001334 0.000001 0.000001 0.000001 0.000001 0.000001 0.000001 0.000001 0.000001 0.000001 0.000001 0.000001 0.000001 0.000001 0.000001 0.000001 0.000001 0.000001 0.000001 0.000001 0.000001 0.000001 0.000001 0.000001 0.000001 0.000001 0.000001 0.000001 0.000001 0.000001 0.000001 0.000001 0.000001 0.000001 0.000001 0.000001
0.021939 0.021606 0.020688 0.019536 0.018239 0.016831 0.015328 0.013741 0.012073 0.010327 0.008505 0.006606 0.004630 0.002577 0.000457 0.000001 0.000001 0.000001 0.000001 0.000001 0.000001 0.000001 0.000001 0.000001 0.000001 0.000001 0.000001 0.000001 0.000001 0.000001 0.000001 0.000001 0.000001 0.000001 0.000001 0.000001 0.000001 0.000001 0.000001 0.000001 0.000001 0.000001 0.000001 0.000001 0.000001 0.000001 0.000001 0.000001 0.000001 0.000001
0.024153 0.022311 0.020931 0.019562 0.018123 0.016607 0.015014 0.013348 0.011609 0.009797 0.007911 0.005952 0.003917 0.001806 0.000001 0.000001 0.000001 0.000001 0.000001 0.000001 0.000001 0.000001 0.000001 0.000001 0.000001 0.000001 0.000001 0.000001 0.000001 0.000001 0.000001 0.000001 0.000001 0.000001 0.000001 0.000001 0.000001 0.000001 0.000001 0.000001 0.000001 0.000001 0.000001 0.000001 0.000001 0.000001 0.000001 0.000001 0.000001 0.000001
0.023355 0.022633 0.021227 0.019671 0.018067 0.016423 0.014732 0.012985 0.011177 0.009302 0.007359 0.005344 0.003256 0.001094 0.000001 0.000001 0.000001 0.000001 0.000001 0.000001 0.000001 0.000001 0.000001 0.000001 0.000001 0.000001 0.000001 0.000001 0.000001 0.000001 0.000001 0.000001 0.000001 0.000001 0.000001 0.000001 0.000001 0.000001 0.000001 0.000001 0.000001 0.000001 0.000001 0.000001 0.000001 0.000001 0.000001 0.000001 0.000001 0.000001
0.025899 0.023225 0.021277 0.019536 0.017843 0.016138 0.014395 0.012600 0.010744 0.008824 0.006836 0.004777 0.002645 0.000441 0.000001 0.000001 0.000001 0.000001 0.000001 0.000001 0.000001 0.000001 0.000001 0.000001 0.000001 0.000001 0.000001 0.000001 0.000001 0.000001 0.000001 0.000001 0.000001 0.000001 0.000001 0.000001 0.000001 0.000001 0.000001 0.000001 0.000001 0.000001 0.000001 0.000001 0.000001 0.000001 0.000001 0.000001 0.000001 0.000001
0.023238 0.021944 0.020514 0.018999 0.017407 0.015741 0.014003 0.012196 0.010318 0.008370 0.006350 0.004257 0.002091 0.000001 0.000001 0.000001 0.000001 0.000001 0.000001 0.000001 0.000001 0.000001 0.000001 0.000001 0.000001 0.000001 0.000001 0.000001 0.000001 0.000001 0.000001 0.000001 0.000001 0.000001 0.000001 0.000001 0.000001 0.000001 0.000001 0.000001 0.000001 0.000001 0.000001 0.000001 0.000001 0.000001 0.000001 0.000001 0.000001 0.000001
0.021292 0.020902 0.019887 0.018552 0.017035 0.015394 0.013658 0.011839 0.009942 0.007970 0.005923 0.003803 0.001607 0.000001 0.000001 0.000001 0.000001 0.000001 0.000001 0.000001 0.000001 0.000001 0.000001 0.000001 0.000001 0.000001 0.000001 0.000001 0.000001 0.000001 0.000001 0.000001 0.000001 0.000001 0.000001 0.000001 0.000001 0.000001 0.000001 0.000001 0.000001 0.000001 0.000001 0.000001 0.000001 0.000001 0.000001 0.000001 0.000001 0.000001
0.023090 0.021648 0.020141 0.018575 0.016938 0.015227 0.013442 0.011585 0.009655 0.007653 0.005579 0.003430 0.001208 0.000001 0.000001 0.000001 0.000001 0.000001 0.000001 0.000001 0.000001 0.000001 0.000001 0.000001 0.000001 0.000001 0.000001 0.000001 0.000001 0.000001 0.000001 0.000001 0.000001 0.000001 0.000001 0.000001 0.000001 0.000001 0.000001 0.000001 0.000001 0.000001 0.000001 0.000001 0.000001 0.000001 0.000001 0.000001 0.000001 0.000001
0.024996 0.022505 0.020560 0.018761 0.016984 0.015180 0.013331 0.011424 0.009455 0.007420 0.005316 0.003142 0.000894 0.000001 0.000001 0.000001 0.000001 0.000001 0.000001 0.000001 0.000001 0.000001 0.000001 0.000001 0.000001 0.000001 0.000001 0.000001 0.000001 0.000001 0.000001 0.000001 0.000001 0.000001 0.000001 0.000001 0.000001 0.000001 0.000001 0.000001 0.000001 0.000001 0.000001 0.000001 0.000001 0.000001 0.000001 0.000001 0.000001 0.000001
0.023270 0.022119 0.020499 0.018754 0.016959 0.015122 0.013238 0.011301 0.009304 0.007245 0.005118 0.002923 0.000656 0.000001 0.000001 0.000001 0.000001 0.000001 0.000001 0.000001 0.000001 0.000001 0.000001 0.000001 0.000001 0.000001 0.000001 0.000001 0.000001 0.000001 0.000001 0.000001 0.000001 0.000001 0.000001 0.000001 0.000001 0.000001 0.000001 0.000001 0.000001 0.000001 0.000001 0.000001 0.000001 0.000001 0.000001 0.000001 0.000001 0.000001
0.023835 0.021998 0.020292 0.018572 0.016806 0.014985 0.013106 0.011166 0.009164 0.007096 0.004961 0.002755 0.000477 0.000001 0.000001 0.000001 0.000001 0.000001 0.000001 0.000001 0.000001 0.000001 0.000001 0.000001 0.000001 0.000001 0.000001 0.000001 0.000001 0.000001 0.000001 0.000001 0.000001 0.000001 0.000001 0.000001 0.000001 0.000001 0.000001 0.000001 0.000001 0.000001 0.000001 0.000001 0.000001 0.000001 0.000001 0.000001 0.000001 0.000001
0.022994 0.021431 0.019879 0.018260 0.016561 0.014785 0.012936 0.011016 0.009026 0.006966 0.004834 0.002629 0.000351 0.000001 0.000001 0.000001 0.000001 0.000001 0.000001 0.000001 0.000001 0.000001 0.000001 0.000001 0.000001 0.000001 0.000001 0.000001 0.000001 0.000001 0.000001 0.000001 0.000001 0.000001 0.000001 0.000001 0.000001 0.000001 0.000001 0.000001 0.000001 0.000001 0.000001 0.000001 0.000001 0.000001 0.000001 0.000001 0.000001 0.000001
0.021768 0.020871 0.019529 0.017994 0.016344 0.014605 0.012785 0.010889 0.008917 0.006871 0.004750 0.002553 0.000280 0.000001 0.000001 0.000001 0.000001 0.000001 0.000001 0.000001 0.000001 0.000001 0.000001 0.000001 0.000001 0.000001 0.000001 0.000001 0.000001 0.000001 0.000001 0.000001 0.000001 0.000001 0.000001 0.000001 0.000001 0.000001 0.000001 0.000001 0.000001 0.000001 0.000001 0.000001 0.000001 0.000001 0.000001 0.000001 0.000001 0.000001
0.022897 0.021170 0.019561 0.017943 0.016273 0.014536 0.012727 0.010843 0.008883 0.006848 0.004735 0.002545 0.000277 0.000001 0.000001 0.000001 0.000001 0.000001 0.000001 0.000001 0.000001 0.000001 0.000001 0.000001 0.000001 0.000001 0.000001 0.000001 0.000001 0.000001 0.000001 0.000001 0.000001 0.000001 0.000001 0.000001 0.000001 0.000001 0.000001 0.000001 0.000001 0.000001 0.000001 0.000001 0.000001 0.000001 0.000001 0.000001 0.000001 0.000001
0.023222 0.021371 0.019705 0.018056 0.016369 0.014622 0.012807 0.010920 0.008959 0.006922 0.004808 0.002618 0.000350 0.000001 0.000001 0.000001 0.000001 0.000001 0.000001 0.000001 0.000001 0.000001 0.000001 0.000001 0.000001 0.000001 0.000001 0.000001 0.000001 0.000001 0.000001 0.000001 0.000001 0.000001 0.000001 0.000001 0.000001 0.000001 0.000001 0.000001 0.000001 0.000001 0.000001 0.000001 0.000001 0.000001 0.000001 0.000001 0.000001 0.000001
0.022330 0.021341 0.019908 0.018314 0.016627 0.014864 0.013028 0.011121 0.009142 0.007091 0.004966 0.002767 0.000492 0.000001 0.000001 0.000001 0.000001 0.000001 0.000001 0.000001 0.000001 0.000001 0.000001 0.000001 0.000001 0.000001 0.000001 0.000001 0.000001 0.000001 0.000001 0.000001 0.000001 0.000001 0.000001 0.000001 0.000001 0.000001 0.000001 0.000001 0.000001 0.000001 0.000001 0.000001 0.000001 0.000001 0.000001 0.000001 0.000001 0.000001
0.023993 0.022073 0.020422 0.018752 0.017015 0.015208 0.013335 0.011395 0.009389 0.007315 0.005173 0.002960 0.000676 0.000001 0.000001 0.000001 0.000001 0.000001 0.000001 0.000001 0.000001 0.000001 0.000001 0.000001 0.000001 0.000001 0.000001 0.000001 0.000001 0.000001 0.000001 0.000001 0.000001 0.000001 0.000001 0.000001 0.000001 0.000001 0.000001 0.000001 0.000001 0.000001 0.000001 0.000001 0.000001 0.000001 0.000001 0.000001 0.000001 0.000001
0.023584 0.022508 0.020932 0.019201 0.017396 0.015536 0.013621 0.011650 0.009620 0.007529 0.005373 0.003151 0.000859 0.000001 0.000001 0.000001 0.000001 0.000001 0.000001 0.000001 0.000001 0.000001 0.000001 0.000001 0.000001 0.000001 0.000001 0.000001 0.000001 0.000001 0.000001 0.000001 0.000001 0.000001 0.000001 0.000001 0.000001 0.000001 0.000001 0.000001 0.000001 0.000001 0.000001 0.000001 0.000001 0.000001 0.000001 0.000001 0.000001 0.000001
0.025684 0.023318 0.021338 0.019461 0.017595 0.015706 0.013776 0.011796 0.009761 0.007667 0.005511 0.003290 0.001002 0.000001 0.000001 0.000001 0.000001 0.000001 0.000001 0.000001 0.000001 0.000001 0.000001 0.000001 0.000001 0.000001 0.000001 0.000001 0.000001 0.000001 0.000001 0.000001 0.000001 0.000001 0.000001 0.000001 0.000001 0.000001 0.000001 0.000001 0.000001 0.000001 0.000001 0.000001 0.000001 0.000001 0.000001 0.000001 0.000001 0.000001
0.024588 0.022819 0.021063 0.019293 0.017490 0.015643 0.013744 0.011788 0.009774 0.007697 0.005557 0.003351 0.001078 0.000001 0.000001 0.000001 0.000001 0.000001 0.000001 0.000001 0.000001 0.000001 0.000001 0.000001 0.000001 0.000001 0.000001 0.000001 0.000001 0.000001 0.000001 0.000001 0.000001 0.000001 0.000001 0.000001 0.000001 0.000001 0.000001 0.000001 0.000001 0.000001 0.000001 0.000001 0.000001 0.000001 0.000001 0.000001 0.000001 0.000001
0.022928 0.021875 0.020456 0.018870 0.017180 0.015407 0.013562 0.011649 0.009670 0.007625 0.005513 0.003334 0.001086 0.000001 0.000001 0.000001 0.000001 0.000001 0.000001 0.000001 0.000001 0.000001 0.000001 0.000001 0.000001 0.000001 0.000001 0.000001 0.000001 0.000001 0.000001 0.000001 0.000001 0.000001 0.000001 0.000001 0.000001 0.000001 0.000001 0.000001 0.000001 0.000001 0.000001 0.000001 0.000001 0.000001 0.000001 0.000001 0.000001 0.000001
0.023124 0.021557 0.020068 0.018505 0.016854 0.015121 0.013314 0.011438 0.009493 0.007482 0.005404 0.003258 0.001044 0.000001 0.000001 0.000001 0.000001 0.000001 0.000001 0.000001 0.000001 0.000001 0.000001 0.000001 0.000001 0.000001 0.000001 0.000001 0.000001 0.000001 0.000001 0.000001 0.000001 0.000001 0.000001 0.000001 0.000001 0.000001 0.000001 0.000001 0.000001 0.000001 0.000001 0.000001 0.000001 0.000001 0.000001 0.000001 0.000001 0.000001
0.022615 0.021380 0.019862 0.018249 0.016575 0.014843 0.013051 0.011199 0.009285 0.007308 0.005265 0.003156 0.000979 0.000001 0.000001 0.000001 0.000001 0.000001 0.000001 0.000001 0.000001 0.000001 0.000001 0.000001 0.000001 0.000001 0.000001 0.000001 0.000001 0.000001 0.000001 0.000001 0.000001 0.000001 0.000001 0.000001 0.000001 0.000001 0.000001 0.000001 0.000001 0.000001 0.000001 0.000001 0.000001 0.000001 0.000001 0.000001 0.000001 0.000001
0.023513 0.021432 0.019671 0.017978 0.016281 0.014552 0.012779 0.010954 0.009072 0.007131 0.005126 0.003057 0.000921 0.000001 0.000001 0.000001 0.000001 0.000001 0.000001 0.000001 0.000001 0.000001 0.000001 0.000001 0.000001 0.000001 0.000001 0.000001 0.000001 0.000001 0.000001 0.000001 0.000001 0.000001 0.000001 0.000001 0.000001 0.000001 0.000001 0.000001 0.000001 0.000001 0.000001 0.000001 0.000001 0.000001 0.000001 0.000001 0.000001 0.000001
0.021929 0.020650 0.019135 0.017543 0.015907 0.014226 0.012497 0.010714 0.008875 0.006976 0.005014 0.002989 0.000897 0.000001 0.000001 0.000001 0.000001 0.000001 0.000001 0.000001 0.000001 0.000001 0.000001 0.000001 0.000001 0.000001 0.000001 0.000001 0.000001 0.000001 0.000001 0.000001 0.000001 0.000001 0.000001 0.000001 0.000001 0.000001 0.000001 0.000001 0.000001 0.000001 0.000001 0.000001 0.000001 0.000001 0.000001 0.000001 0.000001 0.000001
0.021510 0.020015 0.018557 0.017061 0.015511 0.013903 0.012235 0.010507 0.008718 0.006867 0.004953 0.002973 0.000928 0.000001 0.000001 0.000001 0.000001 0.000001 0.000001 0.000001 0.000001 0.000001 0.000001 0.000001 0.000001 0.000001 0.000001 0.000001 0.000001 0.000001 0.000001 0.000001 0.000001 0.000001 0.000001 0.000001 0.000001 0.000001 0.000001 0.000001 0.000001 0.000001 0.000001 0.000001 0.000001 0.000001 0.000001 0.000001 0.000001 0.000001
0.020613 0.019361 0.018055 0.016666 0.015196 0.013653 0.012043 0.010367 0.008628 0.006825 0.004957 0.003025 0.001026 0.000001 0.000001 0.000001 0.000001 0.000001 0.000001 0.000001 0.000001 0.000001 0.000001 0.000001 0.000001 0.000001 0.000001 0.000001 0.000001 0.000001 0.000001 0.000001 0.000001 0.000001 0.000001 0.000001 0.000001 0.000001 0.000001 0.000001 0.000001 0.000001 0.000001 0.000001 0.000001 0.000001 0.000001 0.000001 0.000001 0.000001
0.019911 0.019034 0.017823 0.016470 0.015029 0.013520 0.011948 0.010313 0.008616 0.006856 0.005034 0.003148 0.001196 0.000001 0.000001 0.000001 0.000001 0.000001 0.000001 0.000001 0.000001 0.000001 0.000001 0.000001 0.000001 0.000001 0.000001 0.000001 0.000001 0.000001 0.000001 0.000001 0.000001 0.000001 0.000001 0.000001 0.000001 0.000001 0.000001 0.000001 0.000001 0.000001 0.000001 0.000001 0.000001 0.000001 0.000001 0.000001 0.000001 0.000001
0.021099 0.019378 0.017884 0.016438 0.014979 0.013481 0.011934 0.010333 0.008674 0.006955 0.005177 0.003336 0.001433 0.000001 0.000001 0.000001 0.000001 0.000001 0.000001 0.000001 0.000001 0.000001 0.000001 0.000001 0.000001 0.000001 0.000001 0.000001 0.000001 0.000001 0.000001 0.000001 0.000001 0.000001 0.000001 0.000001 0.000001 0.000001 0.000001 0.000001 0.000001 0.000001 0.000001 0.000001 0.000001 0.000001 0.000001 0.000001 0.000001 0.000001
0.020568 0.019132 0.017739 0.016351 0.014934 0.013474 0.011963 0.010399 0.008780 0.007105 0.005373 0.003581 0.001728 0.000001 0.000001 0.000001 0.000001 0.000001 0.000001 0.000001 0.000001 0.000001 0.000001 0.000001 0.000001 0.000001 0.000001 0.000001 0.000001 0.000001 0.000001 0.000001 0.000001 0.000001 0.000001 0.000001 0.000001 0.000001 0.000001 0.000001 0.000001 0.000001 0.000001 0.000001 0.000001 0.000001 0.000001 0.000001 0.000001 0.000001
0.019434 0.018546 0.017462 0.016223 0.014886 0.013478 0.012012 0.010493 0.008920 0.007293 0.005610 0.003870 0.002071 0.000214 0.000001 0.000001 0.000001 0.000001 0.000001 0.000001 0.000001 0.000001 0.000001 0.000001 0.000001 0.000001 0.000001 0.000001 0.000001 0.000001 0.000001 0.000001 0.000001 0.000001 0.000001 0.000001 0.000001 0.000001 0.000001 0.000001 0.000001 0.000001 0.000001 0.000001 0.000001 0.000001 0.000001 0.000001 0.000001 0.000001
0.019313 0.018625 0.017490 0.016222 0.014889 0.013508 0.012082 0.010608 0.009085 0.007509 0.005880 0.004194 0.002450 0.000646 0.000001 0.000001 0.000001 0.000001 0.000001 0.000001 0.000001 0.000001 0.000001 0.000001 0.000001 0.000001 0.000001 0.000001 0.000001 0.000001 0.000001 0.000001 0.000001 0.000001 0.000001 0.000001 0.000001 0.000001 0.000001 0.000001 0.000001 0.000001 0.000001 0.000001 0.000001 0.000001 0.000001 0.000001 0.000001 0.000001
0.021514 0.019203 0.017618 0.016232 0.014891 0.013541 0.012161 0.010739 0.009270 0.007749 0.006172 0.004539 0.002846 0.001092 0.000001 0.000001 0.000001 0.000001 0.000001 0.000001 0.000001 0.000001 0.000001 0.000001 0.000001 0.000001 0.000001 0.000001 0.000001 0.000001 0.000001 0.000001 0.000001 0.000001 0.000001 0.000001 0.000001 0.000001 0.000001 0.000001 0.000001 0.000001 0.000001 0.000001 0.000001 0.000001 0.000001 0.000001 0.000001 0.000001
0.019075 0.018328 0.017227 0.016043 0.014819 0.013553 0.012241 0.010879 0.009462 0.007988 0.006457 0.004866 0.003214 0.001500 0.000001 0.000001 0.000001 0.000001 0.000001 0.000001 0.000001 0.000001 0.000001 0.000001 0.000001 0.000001 0.000001 0.000001 0.000001 0.000001 0.000001 0.000001 0.000001 0.000001 0.000001 0.000001 0.000001 0.000001 0.000001 0.000001 0.000001 0.000001 0.000001 0.000001 0.000001 0.000001 0.000001 0.000001 0.000001 0.000001
0.018556 0.017757 0.016870 0.015864 0.014759 0.013573 0.012317 0.010996 0.009614 0.008170 0.006665 0.005098 0.003469 0.001777 0.000029 0.000001 0.000001 0.000001 0.000001 0.000001 0.000001 0.000001 0.000001 0.000001 0.000001 0.000001 0.000001 0.000001 0.000001 0.000001 0.000001 0.000001 0.000001 0.000001 0.000001 0.000001 0.000001 0.000001 0.000001 0.000001 0.000001 0.000001 0.000001 0.000001 0.000001 0.000001 0.000001 0.000001 0.000001 0.000001
