0.032502 0.031113 0.030080 0.029537 0.029497 0.029934 0.030811 0.032085 0.033715 0.035662 0.037890 0.040365 0.043054 0.045930 0.048964 0.052133 0.055413 0.058783 0.062224 0.065718 0.069248 0.072799 0.076355 0.079904 0.083434 0.086933 0.090390 0.093795 0.097139 0.100414 0.103611 0.106724 0.109744 0.112667 0.115485 0.118193 0.120786 0.123260 0.125609 0.127831 0.129920 0.131875 0.133690 0.135364 0.136894 0.138276 0.139510 0.140593 0.141522 0.142297
0.033589 0.031205 0.029766 0.029028 0.028872 0.029224 0.030029 0.031237 0.032805 0.034693 0.036863 0.039281 0.041915 0.044736 0.047718 0.050835 0.054064 0.057384 0.060776 0.064222 0.067704 0.071207 0.074717 0.078220 0.081704 0.085157 0.088569 0.091929 0.095228 0.098459 0.101612 0.104680 0.107656 0.110535 0.113309 0.115974 0.118524 0.120954 0.123261 0.125439 0.127486 0.129398 0.131171 0.132803 0.134291 0.135632 0.136824 0.137866 0.138755 0.139489
0.033759 0.030998 0.029260 0.028269 0.027898 0.028064 0.028702 0.029758 0.031184 0.032937 0.034978 0.037273 0.039788 0.042494 0.045364 0.048373 0.051496 0.054713 0.058003 0.061349 0.064733 0.068139 0.071554 0.074962 0.078352 0.081713 0.085032 0.088301 0.091510 0.094650 0.097713 0.100691 0.103579 0.106369 0.109055 0.111632 0.114094 0.116438 0.118658 0.120750 0.122711 0.124538 0.126226 0.127774 0.129178 0.130436 0.131546 0.132505 0.133313 0.133966
0.032999 0.030811 0.028908 0.027611 0.026925 0.026793 0.027156 0.027957 0.029145 0.030676 0.032507 0.034602 0.036926 0.039450 0.042144 0.044982 0.047940 0.050995 0.054128 0.057320 0.060552 0.063809 0.067076 0.070339 0.073586 0.076804 0.079982 0.083111 0.086180 0.089182 0.092108 0.094950 0.097702 0.100357 0.102909 0.105353 0.107683 0.109895 0.111984 0.113946 0.115778 0.117476 0.119037 0.120458 0.121737 0.122870 0.123856 0.124693 0.125379 0.125913
0.035637 0.031639 0.029029 0.027257 0.026154 0.025633 0.025630 0.026087 0.026952 0.028178 0.029722 0.031544 0.033609 0.035883 0.038337 0.040943 0.043676 0.046512 0.049430 0.052412 0.055438 0.058492 0.061558 0.064624 0.067675 0.070699 0.073685 0.076624 0.079505 0.082319 0.085059 0.087717 0.090286 0.092759 0.095131 0.097395 0.099547 0.101583 0.103497 0.105285 0.106945 0.108472 0.109863 0.111116 0.112228 0.113196 0.114019 0.114694 0.115220 0.115595
0.035101 0.032069 0.029291 0.027119 0.025577 0.024624 0.024207 0.024269 0.024760 0.025629 0.026832 0.028328 0.030079 0.032050 0.034210 0.036530 0.038983 0.041547 0.044198 0.046916 0.049683 0.052482 0.055297 0.058113 0.060917 0.063697 0.066442 0.069140 0.071784 0.074363 0.076869 0.079296 0.081635 0.083881 0.086026 0.088067 0.089998 0.091813 0.093509 0.095082 0.096528 0.097843 0.099024 0.100070 0.100976 0.101742 0.102364 0.102841 0.103171 0.103354
0.037918 0.033272 0.029773 0.027076 0.025070 0.023684 0.022854 0.022520 0.022627 0.023124 0.023964 0.025107 0.026512 0.028145 0.029973 0.031968 0.034101 0.036348 0.038687 0.041097 0.043559 0.046056 0.048572 0.051092 0.053603 0.056092 0.058549 0.060963 0.063324 0.065623 0.067852 0.070004 0.072071 0.074047 0.075926 0.077703 0.079371 0.080928 0.082367 0.083686 0.084881 0.085948 0.086884 0.087687 0.088355 0.088884 0.089274 0.089522 0.089628 0.089589
0.038365 0.033822 0.029940 0.026838 0.024452 0.022701 0.021512 0.020820 0.020568 0.020707 0.021190 0.021975 0.023024 0.024302 0.025777 0.027420 0.029204 0.031104 0.033097 0.035164 0.037284 0.039442 0.041621 0.043807 0.045987 0.048148 0.050280 0.052371 0.054413 0.056395 0.058311 0.060153 0.061913 0.063585 0.065163 0.066642 0.068016 0.069281 0.070433 0.071468 0.072381 0.073171 0.073835 0.074369 0.074771 0.075041 0.075175 0.075173 0.075035 0.074758
0.039124 0.033773 0.029614 0.026299 0.023679 0.021664 0.020185 0.019184 0.018609 0.018412 0.018551 0.018986 0.019679 0.020598 0.021711 0.022989 0.024406 0.025938 0.027564 0.029263 0.031017 0.032811 0.034627 0.036454 0.038277 0.040085 0.041866 0.043610 0.045308 0.046950 0.048528 0.050036 0.051465 0.052810 0.054064 0.055223 0.056281 0.057233 0.058077 0.058808 0.059422 0.059918 0.060292 0.060541 0.060666 0.060664 0.060534 0.060276 0.059889 0.059372
0.037610 0.033026 0.029061 0.025710 0.022937 0.020703 0.018964 0.017675 0.016792 0.016274 0.016078 0.016169 0.016510 0.017069 0.017816 0.018723 0.019765 0.020919 0.022166 0.023487 0.024865 0.026284 0.027730 0.029188 0.030645 0.032091 0.033513 0.034900 0.036245 0.037537 0.038769 0.039933 0.041022 0.042031 0.042953 0.043783 0.044517 0.045151 0.045681 0.046103 0.046414 0.046613 0.046697 0.046665 0.046517 0.046252 0.045869 0.045370 0.044753 0.044019
0.037221 0.033049 0.029043 0.025493 0.022466 0.019956 0.017928 0.016340 0.015147 0.014307 0.013780 0.013530 0.013520 0.013720 0.014100 0.014634 0.015300 0.016079 0.016952 0.017902 0.018912 0.019967 0.021052 0.022152 0.023255 0.024349 0.025421 0.026462 0.027461 0.028412 0.029304 0.030132 0.030889 0.031569 0.032167 0.032678 0.033098 0.033424 0.033652 0.033780 0.033805 0.033725 0.033542 0.033255 0.032866 0.032375 0.031782 0.031088 0.030292 0.029396
0.040960 0.034711 0.029759 0.025663 0.022245 0.019402 0.017062 0.015165 0.013659 0.012499 0.011642 0.011052 0.010693 0.010534 0.010550 0.010718 0.011024 0.011448 0.011975 0.012586 0.013264 0.013989 0.014748 0.015524 0.016303 0.017074 0.017825 0.018545 0.019225 0.019858 0.020437 0.020954 0.021403 0.021781 0.022083 0.022304 0.022442 0.022494 0.022456 0.022327 0.022106 0.021797 0.021402 0.020926 0.020369 0.019730 0.019011 0.018211 0.017330 0.016368
0.040808 0.035060 0.029993 0.025669 0.022000 0.018895 0.016281 0.014095 0.012288 0.010814 0.009632 0.008705 0.007998 0.007487 0.007153 0.006990 0.006985 0.007119 0.007367 0.007706 0.008114 0.008570 0.009057 0.009559 0.010062 0.010555 0.011026 0.011467 0.011869 0.012227 0.012533 0.012783 0.012972 0.013096 0.013153 0.013138 0.013051 0.012889 0.012650 0.012334 0.011945 0.011504 0.011012 0.010469 0.009873 0.009222 0.008515 0.007751 0.006931 0.006054
0.040664 0.034744 0.029791 0.025472 0.021692 0.018399 0.015549 0.013097 0.011000 0.009219 0.007716 0.006455 0.005407 0.004567 0.003952 0.003570 0.003382 0.003347 0.003425 0.003587 0.003807 0.004065 0.004344 0.004630 0.004911 0.005178 0.005423 0.005638 0.005818 0.005959 0.006055 0.006105 0.006104 0.006051 0.005944 0.005781 0.005561 0.005283 0.004946 0.004549 0.004155 0.003774 0.003384 0.002974 0.002539 0.002076 0.001585 0.001064 0.000511 0.000001
0.039220 0.034575 0.029840 0.025449 0.021497 0.017983 0.014882 0.012158 0.009771 0.007686 0.005864 0.004274 0.002920 0.001872 0.001235 0.000894 0.000730 0.000678 0.000700 0.000771 0.000873 0.000991 0.001115 0.001237 0.001349 0.001448 0.001528 0.001586 0.001620 0.001627 0.001606 0.001554 0.001472 0.001358 0.001211 0.001031 0.000817 0.000569 0.000285 0.000001 0.000001 0.000001 0.000001 0.000001 0.000001 0.000001 0.000001 0.000001 0.000001 0.000001
0.042562 0.035998 0.030504 0.025694 0.021428 0.017634 0.014258 0.011253 0.008576 0.006188 0.004052 0.002160 0.000733 0.000001 0.000001 0.000001 0.000001 0.000001 0.000001 0.000001 0.000001 0.000001 0.000001 0.000001 0.000001 0.000001 0.000001 0.000001 0.000001 0.000001 0.000001 0.000001 0.000001 0.000001 0.000001 0.000001 0.000001 0.000001 0.000001 0.000001 0.000001 0.000001 0.000001 0.000001 0.000001 0.000001 0.000001 0.000001 0.000001 0.000001
0.042516 0.036378 0.030791 0.025775 0.021278 0.017243 0.013615 0.010346 0.007391 0.004711 0.002274 0.000301 0.000001 0.000001 0.000001 0.000001 0.000001 0.000001 0.000001 0.000001 0.000001 0.000001 0.000001 0.000001 0.000001 0.000001 0.000001 0.000001 0.000001 0.000001 0.000001 0.000001 0.000001 0.000001 0.000001 0.000001 0.000001 0.000001 0.000001 0.000001 0.000001 0.000001 0.000001 0.000001 0.000001 0.000001 0.000001 0.000001 0.000001 0.000001
0.042546 0.036420 0.030782 0.025663 0.021017 0.016793 0.012946 0.009434 0.006217 0.003258 0.000605 0.000001 0.000001 0.000001 0.000001 0.000001 0.000001 0.000001 0.000001 0.000001 0.000001 0.000001 0.000001 0.000001 0.000001 0.000001 0.000001 0.000001 0.000001 0.000001 0.000001 0.000001 0.000001 0.000001 0.000001 0.000001 0.000001 0.000001 0.000001 0.000001 0.000001 0.000001 0.000001 0.000001 0.000001 0.000001 0.000001 0.000001 0.000001 0.000001
0.043306 0.036590 0.030812 0.025573 0.020771 0.016359 0.012297 0.008549 0.005076 0.001844 0.000001 0.000001 0.000001 0.000001 0.000001 0.000001 0.000001 0.000001 0.000001 0.000001 0.000001 0.000001 0.000001 0.000001 0.000001 0.000001 0.000001 0.000001 0.000001 0.000001 0.000001 0.000001 0.000001 0.000001 0.000001 0.000001 0.000001 0.000001 0.000001 0.000001 0.000001 0.000001 0.000001 0.000001 0.000001 0.000001 0.000001 0.000001 0.000001 0.000001
0.041990 0.036626 0.030962 0.025584 0.020591 0.015971 0.011688 0.007703 0.003979 0.000511 0.000001 0.000001 0.000001 0.000001 0.000001 0.000001 0.000001 0.000001 0.000001 0.000001 0.000001 0.000001 0.000001 0.000001 0.000001 0.000001 0.000001 0.000001 0.000001 0.000001 0.000001 0.000001 0.000001 0.000001 0.000001 0.000001 0.000001 0.000001 0.000001 0.000001 0.000001 0.000001 0.000001 0.000001 0.000001 0.000001 0.000001 0.000001 0.000001 0.000001
0.045237 0.037559 0.031233 0.025577 0.020387 0.015576 0.011090 0.006885 0.002921 0.000001 0.000001 0.000001 0.000001 0.000001 0.000001 0.000001 0.000001 0.000001 0.000001 0.000001 0.000001 0.000001 0.000001 0.000001 0.000001 0.000001 0.000001 0.000001 0.000001 0.000001 0.000001 0.000001 0.000001 0.000001 0.000001 0.000001 0.000001 0.000001 0.000001 0.000001 0.000001 0.000001 0.000001 0.000001 0.000001 0.000001 0.000001 0.000001 0.000001 0.000001
0.042876 0.036868 0.030940 0.025341 0.020088 0.015151 0.010498 0.006094 0.001904 0.000001 0.000001 0.000001 0.000001 0.000001 0.000001 0.000001 0.000001 0.000001 0.000001 0.000001 0.000001 0.000001 0.000001 0.000001 0.000001 0.000001 0.000001 0.000001 0.000001 0.000001 0.000001 0.000001 0.000001 0.000001 0.000001 0.000001 0.000001 0.000001 0.000001 0.000001 0.000001 0.000001 0.000001 0.000001 0.000001 0.000001 0.000001 0.000001 0.000001 0.000001
0.042799 0.036686 0.030805 0.025187 0.019848 0.014778 0.009954 0.005349 0.000935 0.000001 0.000001 0.000001 0.000001 0.000001 0.000001 0.000001 0.000001 0.000001 0.000001 0.000001 0.000001 0.000001 0.000001 0.000001 0.000001 0.000001 0.000001 0.000001 0.000001 0.000001 0.000001 0.000001 0.000001 0.000001 0.000001 0.000001 0.000001 0.000001 0.000001 0.000001 0.000001 0.000001 0.000001 0.000001 0.000001 0.000001 0.000001 0.000001 0.000001 0.000001
0.044369 0.037444 0.031163 0.025301 0.019763 0.014498 0.009471 0.004649 0.000030 0.000001 0.000001 0.000001 0.000001 0.000001 0.000001 0.000001 0.000001 0.000001 0.000001 0.000001 0.000001 0.000001 0.000001 0.000001 0.000001 0.000001 0.000001 0.000001 0.000001 0.000001 0.000001 0.000001 0.000001 0.000001 0.000001 0.000001 0.000001 0.000001 0.000001 0.000001 0.000001 0.000001 0.000001 0.000001 0.000001 0.000001 0.000001 0.000001 0.000001 0.000001
0.044197 0.037733 0.031425 0.025405 0.019677 0.014212 0.008975 0.003935 0.000001 0.000001 0.000001 0.000001 0.000001 0.000001 0.000001 0.000001 0.000001 0.000001 0.000001 0.000001 0.000001 0.000001 0.000001 0.000001 0.000001 0.000001 0.000001 0.000001 0.000001 0.000001 0.000001 0.000001 0.000001 0.000001 0.000001 0.000001 0.000001 0.000001 0.000001 0.000001 0.000001 0.000001 0.000001 0.000001 0.000001 0.000001 0.000001 0.000001 0.000001 0.000001
0.045003 0.037983 0.031456 0.025286 0.019409 0.013780 0.008366 0.003133 0.000001 0.000001 0.000001 0.000001 0.000001 0.000001 0.000001 0.000001 0.000001 0.000001 0.000001 0.000001 0.000001 0.000001 0.000001 0.000001 0.000001 0.000001 0.000001 0.000001 0.000001 0.000001 0.000001 0.000001 0.000001 0.000001 0.000001 0.000001 0.000001 0.000001 0.000001 0.000001 0.000001 0.000001 0.000001 0.000001 0.000001 0.000001 0.000001 0.000001 0.000001 0.000001
0.044367 0.037518 0.031039 0.024843 0.018892 0.013157 0.007612 0.002227 0.000001 0.000001 0.000001 0.000001 0.000001 0.000001 0.000001 0.000001 0.000001 0.000001 0.000001 0.000001 0.000001 0.000001 0.000001 0.000001 0.000001 0.000001 0.000001 0.000001 0.000001 0.000001 0.000001 0.000001 0.000001 0.000001 0.000001 0.000001 0.000001 0.000001 0.000001 0.000001 0.000001 0.000001 0.000001 0.000001 0.000001 0.000001 0.000001 0.000001 0.000001 0.000001
0.043123 0.036802 0.030436 0.024236 0.018237 0.012431 0.006791 0.001292 0.000001 0.000001 0.000001 0.000001 0.000001 0.000001 0.000001 0.000001 0.000001 0.000001 0.000001 0.000001 0.000001 0.000001 0.000001 0.000001 0.000001 0.000001 0.000001 0.000001 0.000001 0.000001 0.000001 0.000001 0.000001 0.000001 0.000001 0.000001 0.000001 0.000001 0.000001 0.000001 0.000001 0.000001 0.000001 0.000001 0.000001 0.000001 0.000001 0.000001 0.000001 0.000001
0.043888 0.036613 0.029967 0.023675 0.017627 0.011767 0.006059 0.000469 0.000001 0.000001 0.000001 0.000001 0.000001 0.000001 0.000001 0.000001 0.000001 0.000001 0.000001 0.000001 0.000001 0.000001 0.000001 0.000001 0.000001 0.000001 0.000001 0.000001 0.000001 0.000001 0.000001 0.000001 0.000001 0.000001 0.000001 0.000001 0.000001 0.000001 0.000001 0.000001 0.000001 0.000001 0.000001 0.000001 0.000001 0.000001 0.000001 0.000001 0.000001 0.000001
0.042435 0.035849 0.029464 0.023266 0.017236 0.011352 0.005590 0.000001 0.000001 0.000001 0.000001 0.000001 0.000001 0.000001 0.000001 0.000001 0.000001 0.000001 0.000001 0.000001 0.000001 0.000001 0.000001 0.000001 0.000001 0.000001 0.000001 0.000001 0.000001 0.000001 0.000001 0.000001 0.000001 0.000001 0.000001 0.000001 0.000001 0.000001 0.000001 0.000001 0.000001 0.000001 0.000001 0.000001 0.000001 0.000001 0.000001 0.000001 0.000001 0.000001
0.041804 0.035717 0.029485 0.023328 0.017285 0.011356 0.005528 0.000001 0.000001 0.000001 0.000001 0.000001 0.000001 0.000001 0.000001 0.000001 0.000001 0.000001 0.000001 0.000001 0.000001 0.000001 0.000001 0.000001 0.000001 0.000001 0.000001 0.000001 0.000001 0.000001 0.000001 0.000001 0.000001 0.000001 0.000001 0.000001 0.000001 0.000001 0.000001 0.000001 0.000001 0.000001 0.000001 0.000001 0.000001 0.000001 0.000001 0.000001 0.000001 0.000001
0.043885 0.036825 0.030300 0.023991 0.017836 0.011811 0.005896 0.000062 0.000001 0.000001 0.000001 0.000001 0.000001 0.000001 0.000001 0.000001 0.000001 0.000001 0.000001 0.000001 0.000001 0.000001 0.000001 0.000001 0.000001 0.000001 0.000001 0.000001 0.000001 0.000001 0.000001 0.000001 0.000001 0.000001 0.000001 0.000001 0.000001 0.000001 0.000001 0.000001 0.000001 0.000001 0.000001 0.000001 0.000001 0.000001 0.000001 0.000001 0.000001 0.000001
0.044598 0.038033 0.031369 0.024908 0.018649 0.012552 0.006581 0.000699 0.000001 0.000001 0.000001 0.000001 0.000001 0.000001 0.000001 0.000001 0.000001 0.000001 0.000001 0.000001 0.000001 0.000001 0.000001 0.000001 0.000001 0.000001 0.000001 0.000001 0.000001 0.000001 0.000001 0.000001 0.000001 0.000001 0.000001 0.000001 0.000001 0.000001 0.000001 0.000001 0.000001 0.000001 0.000001 0.000001 0.000001 0.000001 0.000001 0.000001 0.000001 0.000001
0.046183 0.038680 0.031961 0.025577 0.019396 0.013361 0.007435 0.001587 0.000001 0.000001 0.000001 0.000001 0.000001 0.000001 0.000001 0.000001 0.000001 0.000001 0.000001 0.000001 0.000001 0.000001 0.000001 0.000001 0.000001 0.000001 0.000001 0.000001 0.000001 0.000001 0.000001 0.000001 0.000001 0.000001 0.000001 0.000001 0.000001 0.000001 0.000001 0.000001 0.000001 0.000001 0.000001 0.000001 0.000001 0.000001 0.000001 0.000001 0.000001 0.000001
0.043811 0.037949 0.031942 0.025953 0.020031 0.014185 0.008407 0.002680 0.000001 0.000001 0.000001 0.000001 0.000001 0.000001 0.000001 0.000001 0.000001 0.000001 0.000001 0.000001 0.000001 0.000001 0.000001 0.000001 0.000001 0.000001 0.000001 0.000001 0.000001 0.000001 0.000001 0.000001 0.000001 0.000001 0.000001 0.000001 0.000001 0.000001 0.000001 0.000001 0.000001 0.000001 0.000001 0.000001 0.000001 0.000001 0.000001 0.000001 0.000001 0.000001
0.043148 0.037855 0.032169 0.026436 0.020747 0.015118 0.009540 0.003997 0.000001 0.000001 0.000001 0.000001 0.000001 0.000001 0.000001 0.000001 0.000001 0.000001 0.000001 0.000001 0.000001 0.000001 0.000001 0.000001 0.000001 0.000001 0.000001 0.000001 0.000001 0.000001 0.000001 0.000001 0.000001 0.000001 0.000001 0.000001 0.000001 0.000001 0.000001 0.000001 0.000001 0.000001 0.000001 0.000001 0.000001 0.000001 0.000001 0.000001 0.000001 0.000001
0.045799 0.038806 0.032761 0.027088 0.021595 0.016203 0.010867 0.005560 0.000327 0.000001 0.000001 0.000001 0.000001 0.000001 0.000001 0.000001 0.000001 0.000001 0.000001 0.000001 0.000001 0.000001 0.000001 0.000001 0.000001 0.000001 0.000001 0.000001 0.000001 0.000001 0.000001 0.000001 0.000001 0.000001 0.000001 0.000001 0.000001 0.000001 0.000001 0.000001 0.000001 0.000001 0.000001 0.000001 0.000001 0.000001 0.000001 0.000001 0.000001 0.000001
0.043308 0.038057 0.032760 0.027559 0.022449 0.017400 0.012384 0.007375 0.002351 0.000001 0.000001 0.000001 0.000001 0.000001 0.000001 0.000001 0.000001 0.000001 0.000001 0.000001 0.000001 0.000001 0.000001 0.000001 0.000001 0.000001 0.000001 0.000001 0.000001 0.000001 0.000001 0.000001 0.000001 0.000001 0.000001 0.000001 0.000001 0.000001 0.000001 0.000001 0.000001 0.000001 0.000001 0.000001 0.000001 0.000001 0.000001 0.000001 0.000001 0.000001
0.041510 0.037107 0.032568 0.027975 0.023366 0.018749 0.014118 0.009461 0.004763 0.000255 0.000001 0.000001 0.000001 0.000001 0.000001 0.000001 0.000001 0.000001 0.000001 0.000001 0.000001 0.000001 0.000001 0.000001 0.000001 0.000001 0.000001 0.000001 0.000001 0.000001 0.000001 0.000001 0.000001 0.000001 0.000001 0.000001 0.000001 0.000001 0.000001 0.000001 0.000001 0.000001 0.000001 0.000001 0.000001 0.000001 0.000001 0.000001 0.000001 0.000001
0.040867 0.036865 0.032818 0.028720 0.024575 0.020387 0.016152 0.011864 0.007512 0.003100 0.000001 0.000001 0.000001 0.000001 0.000001 0.000001 0.000001 0.000001 0.000001 0.000001 0.000001 0.000001 0.000001 0.000001 0.000001 0.000001 0.000001 0.000001 0.000001 0.000001 0.000001 0.000001 0.000001 0.000001 0.000001 0.000001 0.000001 0.000001 0.000001 0.000001 0.000001 0.000001 0.000001 0.000001 0.000001 0.000001 0.000001 0.000001 0.000001 0.000001
0.041345 0.037547 0.033786 0.030032 0.026252 0.022428 0.018550 0.014609 0.010594 0.006495 0.002409 0.000001 0.000001 0.000001 0.000001 0.000001 0.000001 0.000001 0.000001 0.000001 0.000001 0.000001 0.000001 0.000001 0.000001 0.000001 0.000001 0.000001 0.000001 0.000001 0.000001 0.000001 0.000001 0.000001 0.000001 0.000001 0.000001 0.000001 0.000001 0.000001 0.000001 0.000001 0.000001 0.000001 0.000001 0.000001 0.000001 0.000001 0.000001 0.000001
0.042522 0.038808 0.035317 0.031849 0.028362 0.024841 0.021273 0.017645 0.013946 0.010163 0.006290 0.002506 0.000001 0.000001 0.000001 0.000001 0.000001 0.000001 0.000001 0.000001 0.000001 0.000001 0.000001 0.000001 0.000001 0.000001 0.000001 0.000001 0.000001 0.000001 0.000001 0.000001 0.000001 0.000001 0.000001 0.000001 0.000001 0.000001 0.000001 0.000001 0.000001 0.000001 0.000001 0.000001 0.000001 0.000001 0.000001 0.000001 0.000001 0.000001
0.042578 0.040147 0.037091 0.033903 0.030683 0.027439 0.024160 0.020831 0.017436 0.013962 0.010394 0.006739 0.003158 0.000273 0.000001 0.000001 0.000001 0.000001 0.000001 0.000001 0.000001 0.000001 0.000001 0.000001 0.000001 0.000001 0.000001 0.000001 0.000001 0.000001 0.000001 0.000001 0.000001 0.000001 0.000001 0.000001 0.000001 0.000001 0.000001 0.000001 0.000001 0.000001 0.000001 0.000001 0.000001 0.000001 0.000001 0.000001 0.000001 0.000001
0.046346 0.042153 0.038888 0.035872 0.032921 0.029974 0.027000 0.023979 0.020896 0.017735 0.014482 0.011126 0.007678 0.004260 0.001313 0.000001 0.000001 0.000001 0.000001 0.000001 0.000001 0.000001 0.000001 0.000001 0.000001 0.000001 0.000001 0.000001 0.000001 0.000001 0.000001 0.000001 0.000001 0.000001 0.000001 0.000001 0.000001 0.000001 0.000001 0.000001 0.000001 0.000001 0.000001 0.000001 0.000001 0.000001 0.000001 0.000001 0.000001 0.000001
0.044075 0.042282 0.039909 0.037400 0.034846 0.032257 0.029623 0.026933 0.024175 0.021337 0.018407 0.015372 0.012223 0.008972 0.005696 0.002633 0.000205 0.000001 0.000001 0.000001 0.000001 0.000001 0.000001 0.000001 0.000001 0.000001 0.000001 0.000001 0.000001 0.000001 0.000001 0.000001 0.000001 0.000001 0.000001 0.000001 0.000001 0.000001 0.000001 0.000001 0.000001 0.000001 0.000001 0.000001 0.000001 0.000001 0.000001 0.000001 0.000001 0.000001
0.045102 0.042882 0.040769 0.038641 0.036468 0.034242 0.031957 0.029606 0.027180 0.024669 0.022063 0.019353 0.016527 0.013578 0.010511 0.007370 0.004288 0.001613 0.000001 0.000001 0.000001 0.000001 0.000001 0.000001 0.000001 0.000001 0.000001 0.000001 0.000001 0.000001 0.000001 0.000001 0.000001 0.000001 0.000001 0.000001 0.000001 0.000001 0.000001 0.000001 0.000001 0.000001 0.000001 0.000001 0.000001 0.000001 0.000001 0.000001 0.000001 0.000001
0.045221 0.043220 0.041454 0.039677 0.037849 0.035961 0.034006 0.031979 0.029874 0.027681 0.025393 0.023000 0.020493 0.017862 0.015099 0.012207 0.009207 0.006174 0.003264 0.000883 0.000001 0.000001 0.000001 0.000001 0.000001 0.000001 0.000001 0.000001 0.000001 0.000001 0.000001 0.000001 0.000001 0.000001 0.000001 0.000001 0.000001 0.000001 0.000001 0.000001 0.000001 0.000001 0.000001 0.000001 0.000001 0.000001 0.000001 0.000001 0.000001 0.000001
0.043649 0.043279 0.042035 0.040587 0.039058 0.037465 0.035806 0.034076 0.032266 0.030369 0.028378 0.026284 0.024079 0.021753 0.019299 0.016707 0.013975 0.011113 0.008158 0.005210 0.002474 0.000264 0.000001 0.000001 0.000001 0.000001 0.000001 0.000001 0.000001 0.000001 0.000001 0.000001 0.000001 0.000001 0.000001 0.000001 0.000001 0.000001 0.000001 0.000001 0.000001 0.000001 0.000001 0.000001 0.000001 0.000001 0.000001 0.000001 0.000001 0.000001
0.047184 0.044337 0.042777 0.041459 0.040154 0.038809 0.037404 0.035931 0.034382 0.032749 0.031026 0.029204 0.027276 0.025232 0.023065 0.020765 0.018324 0.015737 0.013006 0.010148 0.007211 0.004314 0.001741 0.000001 0.000001 0.000001 0.000001 0.000001 0.000001 0.000001 0.000001 0.000001 0.000001 0.000001 0.000001 0.000001 0.000001 0.000001 0.000001 0.000001 0.000001 0.000001 0.000001 0.000001 0.000001 0.000001 0.000001 0.000001 0.000001 0.000001
0.042953 0.043801 0.043185 0.042225 0.041156 0.040023 0.038830 0.037573 0.036246 0.034841 0.033352 0.031770 0.030088 0.028297 0.026389 0.024355 0.022187 0.019876 0.017415 0.014802 0.012042 0.009160 0.006218 0.003376 0.001088 0.000001 0.000001 0.000001 0.000001 0.000001 0.000001 0.000001 0.000001 0.000001 0.000001 0.000001 0.000001 0.000001 0.000001 0.000001 0.000001 0.000001 0.000001 0.000001 0.000001 0.000001 0.000001 0.000001 0.000001 0.000001
0.047556 0.045193 0.044010 0.043041 0.042089 0.041109 0.040084 0.039006 0.037866 0.036655 0.035366 0.033992 0.032523 0.030953 0.029273 0.027475 0.025551 0.023492 0.021289 0.018935 0.016423 0.013753 0.010936 0.008064 0.005275 0.002719 0.000710 0.000001 0.000001 0.000001 0.000001 0.000001 0.000001 0.000001 0.000001 0.000001 0.000001 0.000001 0.000001 0.000001 0.000001 0.000001 0.000001 0.000001 0.000001 0.000001 0.000001 0.000001 0.000001 0.000001
0.044790 0.045026 0.044424 0.043660 0.042854 0.042016 0.041141 0.040218 0.039239 0.038194 0.037077 0.035880 0.034594 0.033214 0.031731 0.030137 0.028425 0.026586 0.024611 0.022494 0.020224 0.017794 0.015211 0.012557 0.009867 0.007182 0.004600 0.002275 0.000446 0.000001 0.000001 0.000001 0.000001 0.000001 0.000001 0.000001 0.000001 0.000001 0.000001 0.000001 0.000001 0.000001 0.000001 0.000001 0.000001 0.000001 0.000001 0.000001 0.000001 0.000001
0.046860 0.045538 0.044761 0.044092 0.043426 0.042734 0.042000 0.041217 0.040376 0.039473 0.038499 0.037450 0.036318 0.035096 0.033778 0.032357 0.030824 0.029173 0.027395 0.025482 0.023425 0.021216 0.018880 0.016485 0.014032 0.011527 0.008990 0.006463 0.004041 0.001894 0.000192 0.000001 0.000001 0.000001 0.000001 0.000001 0.000001 0.000001 0.000001 0.000001 0.000001 0.000001 0.000001 0.000001 0.000001 0.000001 0.000001 0.000001 0.000001 0.000001
0.045301 0.045168 0.044824 0.044390 0.043890 0.043330 0.042713 0.042041 0.041310 0.040518 0.039658 0.038726 0.037717 0.036624 0.035440 0.034159 0.032774 0.031278 0.029662 0.027921 0.026044 0.024025 0.021923 0.019773 0.017567 0.015301 0.012973 0.010591 0.008177 0.005773 0.003471 0.001473 0.000001 0.000001 0.000001 0.000001 0.000001 0.000001 0.000001 0.000001 0.000001 0.000001 0.000001 0.000001 0.000001 0.000001 0.000001 0.000001 0.000001 0.000001
0.045336 0.045422 0.045224 0.044866 0.044418 0.043909 0.043349 0.042738 0.042076 0.041357 0.040578 0.039733 0.038816 0.037820 0.036741 0.035570 0.034302 0.032929 0.031445 0.029841 0.028111 0.026262 0.024367 0.022433 0.020451 0.018413 0.016314 0.014149 0.011919 0.009630 0.007306 0.004994 0.002782 0.000932 0.000001 0.000001 0.000001 0.000001 0.000001 0.000001 0.000001 0.000001 0.000001 0.000001 0.000001 0.000001 0.000001 0.000001 0.000001 0.000001
0.047479 0.046753 0.046123 0.045554 0.045009 0.044462 0.043898 0.043306 0.042676 0.042001 0.041274 0.040487 0.039634 0.038710 0.037706 0.036618 0.035438 0.034159 0.032775 0.031278 0.029663 0.027972 0.026256 0.024508 0.022719 0.020883 0.018991 0.017037 0.015015 0.012921 0.010757 0.008529 0.006263 0.004017 0.001907 0.000203 0.000001 0.000001 0.000001 0.000001 0.000001 0.000001 0.000001 0.000001 0.000001 0.000001 0.000001 0.000001 0.000001 0.000001
0.048615 0.047471 0.046652 0.045990 0.045400 0.044835 0.044272 0.043691 0.043083 0.042436 0.041742 0.040994 0.040186 0.039310 0.038360 0.037330 0.036212 0.035001 0.033690 0.032272 0.030754 0.029208 0.027642 0.026050 0.024425 0.022759 0.021045 0.019275 0.017443 0.015541 0.013564 0.011509 0.009377 0.007178 0.004940 0.002742 0.000807 0.000001 0.000001 0.000001 0.000001 0.000001 0.000001 0.000001 0.000001 0.000001 0.000001 0.000001 0.000001 0.000001
0.047483 0.046878 0.046395 0.045915 0.045425 0.044922 0.044399 0.043850 0.043270 0.042649 0.041983 0.041263 0.040485 0.039641 0.038726 0.037733 0.036657 0.035491 0.034228 0.032865 0.031448 0.030023 0.028582 0.027120 0.025629 0.024104 0.022537 0.020920 0.019248 0.017512 0.015706 0.013822 0.011857 0.009806 0.007672 0.005469 0.003243 0.001149 0.000001 0.000001 0.000001 0.000001 0.000001 0.000001 0.000001 0.000001 0.000001 0.000001 0.000001 0.000001
0.045079 0.045870 0.045839 0.045565 0.045195 0.044770 0.044303 0.043796 0.043247 0.042653 0.042009 0.041310 0.040551 0.039727 0.038832 0.037861 0.036808 0.035667 0.034433 0.033121 0.031800 0.030473 0.029134 0.027777 0.026396 0.024985 0.023536 0.022044 0.020502 0.018902 0.017238 0.015501 0.013686 0.011786 0.009795 0.007712 0.005541 0.003309 0.001135 0.000001 0.000001 0.000001 0.000001 0.000001 0.000001 0.000001 0.000001 0.000001 0.000001 0.000001
0.047622 0.046160 0.045619 0.045251 0.044889 0.044496 0.044061 0.043581 0.043055 0.042479 0.041849 0.041162 0.040413 0.039597 0.038711 0.037748 0.036704 0.035572 0.034354 0.033108 0.031864 0.030616 0.029358 0.028085 0.026791 0.025470 0.024115 0.022721 0.021281 0.019789 0.018237 0.016618 0.014926 0.013153 0.011292 0.009337 0.007282 0.005129 0.002891 0.000694 0.000001 0.000001 0.000001 0.000001 0.000001 0.000001 0.000001 0.000001 0.000001 0.000001
0.044597 0.045293 0.045174 0.044882 0.044535 0.044149 0.043724 0.043254 0.042735 0.042165 0.041539 0.040854 0.040106 0.039289 0.038401 0.037435 0.036387 0.035254 0.034064 0.032878 0.031695 0.030509 0.029315 0.028107 0.026880 0.025628 0.024346 0.023026 0.021665 0.020254 0.018788 0.017259 0.015662 0.013988 0.012230 0.010382 0.008435 0.006384 0.004226 0.001971 0.000001 0.000001 0.000001 0.000001 0.000001 0.000001 0.000001 0.000001 0.000001 0.000001
0.046234 0.045259 0.044833 0.044486 0.044128 0.043740 0.043313 0.042841 0.042320 0.041746 0.041116 0.040424 0.039668 0.038842 0.037943 0.036966 0.035906 0.034768 0.033622 0.032484 0.031349 0.030210 0.029064 0.027905 0.026728 0.025528 0.024298 0.023034 0.021729 0.020378 0.018974 0.017511 0.015982 0.014380 0.012699 0.010931 0.009068 0.007103 0.005028 0.002838 0.000551 0.000001 0.000001 0.000001 0.000001 0.000001 0.000001 0.000001 0.000001 0.000001
0.044398 0.044533 0.044307 0.044004 0.043658 0.043272 0.042842 0.042365 0.041837 0.041254 0.040614 0.039910 0.039140 0.038300 0.037384 0.036388 0.035309 0.034189 0.033080 0.031977 0.030877 0.029774 0.028663 0.027540 0.026398 0.025234 0.024041 0.022814 0.021549 0.020238 0.018876 0.017456 0.015974 0.014421 0.012791 0.011077 0.009272 0.007368 0.005356 0.003229 0.000979 0.000001 0.000001 0.000001 0.000001 0.000001 0.000001 0.000001 0.000001 0.000001
0.044567 0.044066 0.043787 0.043496 0.043159 0.042774 0.042340 0.041856 0.041320 0.040727 0.040073 0.039355 0.038568 0.037708 0.036770 0.035750 0.034657 0.033565 0.032483 0.031407 0.030332 0.029253 0.028166 0.027066 0.025947 0.024805 0.023635 0.022431 0.021189 0.019902 0.018565 0.017171 0.015716 0.014192 0.012592 0.010911 0.009140 0.007272 0.005300 0.003214 0.001005 0.000001 0.000001 0.000001 0.000001 0.000001 0.000001 0.000001 0.000001 0.000001
0.043146 0.043442 0.043297 0.043018 0.042675 0.042283 0.041844 0.041354 0.040809 0.040205 0.039537 0.038802 0.037995 0.037111 0.036147 0.035099 0.034013 0.032940 0.031876 0.030817 0.029757 0.028693 0.027619 0.026531 0.025424 0.024293 0.023134 0.021940 0.020708 0.019431 0.018104 0.016722 0.015277 0.013765 0.012179 0.010511 0.008755 0.006904 0.004950 0.002884 0.000696 0.000001 0.000001 0.000001 0.000001 0.000001 0.000001 0.000001 0.000001 0.000001
0.044170 0.043389 0.042951 0.042589 0.042226 0.041831 0.041391 0.040899 0.040347 0.039731 0.039047 0.038292 0.037460 0.036549 0.035554 0.034482 0.033408 0.032346 0.031291 0.030239 0.029186 0.028126 0.027057 0.025972 0.024867 0.023738 0.022579 0.021386 0.020153 0.018875 0.017547 0.016163 0.014717 0.013203 0.011615 0.009947 0.008190 0.006340 0.004386 0.002321 0.000162 0.000001 0.000001 0.000001 0.000001 0.000001 0.000001 0.000001 0.000001 0.000001
0.042792 0.042660 0.042419 0.042142 0.041824 0.041454 0.041024 0.040530 0.039969 0.039337 0.038632 0.037850 0.036989 0.036044 0.035012 0.033929 0.032859 0.031799 0.030745 0.029693 0.028638 0.027576 0.026503 0.025413 0.024303 0.023167 0.022001 0.020799 0.019558 0.018270 0.016932 0.015537 0.014080 0.012554 0.010954 0.009274 0.007505 0.005642 0.003676 0.001599 0.000001 0.000001 0.000001 0.000001 0.000001 0.000001 0.000001 0.000001 0.000001 0.000001
0.042213 0.042114 0.042022 0.041843 0.041572 0.041217 0.040783 0.040274 0.039690 0.039031 0.038295 0.037479 0.036581 0.035597 0.034526 0.033438 0.032364 0.031300 0.030240 0.029182 0.028120 0.027049 0.025967 0.024867 0.023745 0.022597 0.021418 0.020202 0.018946 0.017643 0.016288 0.014876 0.013401 0.011857 0.010238 0.008537 0.006748 0.004864 0.002876 0.000779 0.000001 0.000001 0.000001 0.000001 0.000001 0.000001 0.000001 0.000001 0.000001 0.000001
0.041533 0.042005 0.042026 0.041839 0.041530 0.041132 0.040657 0.040107 0.039484 0.038786 0.038010 0.037154 0.036215 0.035188 0.034087 0.032991 0.031909 0.030835 0.029766 0.028697 0.027624 0.026542 0.025447 0.024333 0.023197 0.022034 0.020839 0.019606 0.018332 0.017010 0.015635 0.014202 0.012706 0.011139 0.009497 0.007772 0.005958 0.004048 0.002034 0.000001 0.000001 0.000001 0.000001 0.000001 0.000001 0.000001 0.000001 0.000001 0.000001 0.000001
0.043454 0.042871 0.042425 0.042008 0.041570 0.041088 0.040550 0.039950 0.039282 0.038542 0.037725 0.036829 0.035850 0.034782 0.033662 0.032558 0.031466 0.030383 0.029304 0.028224 0.027140 0.026045 0.024937 0.023810 0.022659 0.021480 0.020268 0.019018 0.017725 0.016384 0.014989 0.013535 0.012016 0.010426 0.008759 0.007009 0.005169 0.003231 0.001187 0.000001 0.000001 0.000001 0.000001 0.000001 0.000001 0.000001 0.000001 0.000001 0.000001 0.000001
0.043700 0.042930 0.042394 0.041916 0.041431 0.040910 0.040337 0.039705 0.039005 0.038234 0.037387 0.036460 0.035448 0.034348 0.033221 0.032111 0.031014 0.029924 0.028837 0.027749 0.026656 0.025552 0.024432 0.023294 0.022130 0.020938 0.019711 0.018446 0.017136 0.015777 0.014364 0.012890 0.011350 0.009739 0.008049 0.006275 0.004409 0.002444 0.000382 0.000001 0.000001 0.000001 0.000001 0.000001 0.000001 0.000001 0.000001 0.000001 0.000001 0.000001
0.041929 0.042023 0.041803 0.041455 0.041026 0.040526 0.039958 0.039321 0.038613 0.037829 0.036967 0.036022 0.034991 0.033874 0.032749 0.031640 0.030542 0.029451 0.028361 0.027270 0.026171 0.025062 0.023936 0.022789 0.021617 0.020415 0.019178 0.017900 0.016578 0.015205 0.013776 0.012286 0.010729 0.009099 0.007390 0.005595 0.003708 0.001719 0.000001 0.000001 0.000001 0.000001 0.000001 0.000001 0.000001 0.000001 0.000001 0.000001 0.000001 0.000001
0.041597 0.041363 0.041154 0.040855 0.040465 0.039994 0.039446 0.038822 0.038121 0.037340 0.036477 0.035528 0.034490 0.033371 0.032255 0.031153 0.030060 0.028973 0.027887 0.026797 0.025699 0.024588 0.023461 0.022311 0.021135 0.019928 0.018684 0.017399 0.016069 0.014686 0.013247 0.011746 0.010176 0.008532 0.006809 0.004998 0.003093 0.001086 0.000001 0.000001 0.000001 0.000001 0.000001 0.000001 0.000001 0.000001 0.000001 0.000001 0.000001 0.000001
0.040617 0.040760 0.040559 0.040248 0.039865 0.039411 0.038883 0.038276 0.037590 0.036820 0.035964 0.035020 0.033983 0.032872 0.031769 0.030678 0.029596 0.028518 0.027439 0.026356 0.025263 0.024156 0.023031 0.021884 0.020708 0.019500 0.018255 0.016968 0.015634 0.014247 0.012802 0.011294 0.009717 0.008066 0.006332 0.004511 0.002595 0.000574 0.000001 0.000001 0.000001 0.000001 0.000001 0.000001 0.000001 0.000001 0.000001 0.000001 0.000001 0.000001
0.041273 0.040404 0.039998 0.039661 0.039293 0.038860 0.038352 0.037764 0.037092 0.036335 0.035489 0.034553 0.033522 0.032423 0.031336 0.030259 0.029190 0.028123 0.027055 0.025981 0.024897 0.023798 0.022679 0.021537 0.020365 0.019161 0.017919 0.016633 0.015300 0.013913 0.012468 0.010959 0.009379 0.007725 0.005988 0.004162 0.002241 0.000212 0.000001 0.000001 0.000001 0.000001 0.000001 0.000001 0.000001 0.000001 0.000001 0.000001 0.000001 0.000001
0.038871 0.039336 0.039323 0.039129 0.038821 0.038418 0.037929 0.037354 0.036693 0.035945 0.035109 0.034181 0.033158 0.032072 0.031000 0.029937 0.028882 0.027828 0.026772 0.025709 0.024634 0.023544 0.022434 0.021300 0.020136 0.018938 0.017701 0.016421 0.015092 0.013710 0.012268 0.010762 0.009185 0.007532 0.005797 0.003972 0.002052 0.000021 0.000001 0.000001 0.000001 0.000001 0.000001 0.000001 0.000001 0.000001 0.000001 0.000001 0.000001 0.000001
0.039209 0.039156 0.039072 0.038868 0.038556 0.038150 0.037660 0.037087 0.036431 0.035690 0.034861 0.033941 0.032927 0.031855 0.030796 0.029747 0.028704 0.027662 0.026618 0.025565 0.024502 0.023422 0.022321 0.021196 0.020040 0.018851 0.017622 0.016350 0.015028 0.013653 0.012218 0.010719 0.009149 0.007503 0.005774 0.003956 0.002042 0.000018 0.000001 0.000001 0.000001 0.000001 0.000001 0.000001 0.000001 0.000001 0.000001 0.000001 0.000001 0.000001
0.039509 0.039443 0.039188 0.038863 0.038483 0.038046 0.037543 0.036968 0.036317 0.035584 0.034764 0.033854 0.032849 0.031790 0.030743 0.029706 0.028674 0.027642 0.026608 0.025566 0.024512 0.023441 0.022350 0.021234 0.020088 0.018908 0.017689 0.016426 0.015115 0.013749 0.012325 0.010835 0.009276 0.007641 0.005923 0.004117 0.002215 0.000205 0.000001 0.000001 0.000001 0.000001 0.000001 0.000001 0.000001 0.000001 0.000001 0.000001 0.000001 0.000001
0.040573 0.039796 0.039293 0.038881 0.038476 0.038039 0.037545 0.036984 0.036347 0.035627 0.034821 0.033922 0.032928 0.031879 0.030841 0.029812 0.028788 0.027765 0.026739 0.025705 0.024660 0.023598 0.022516 0.021409 0.020273 0.019103 0.017895 0.016643 0.015344 0.013990 0.012579 0.011103 0.009558 0.007938 0.006236 0.004447 0.002563 0.000575 0.000001 0.000001 0.000001 0.000001 0.000001 0.000001 0.000001 0.000001 0.000001 0.000001 0.000001 0.000001
0.039542 0.039236 0.039029 0.038788 0.038486 0.038112 0.037663 0.037132 0.036517 0.035814 0.035020 0.034132 0.033147 0.032102 0.031069 0.030045 0.029026 0.028008 0.026988 0.025960 0.024922 0.023868 0.022795 0.021698 0.020572 0.019414 0.018218 0.016979 0.015694 0.014355 0.012960 0.011502 0.009975 0.008374 0.006694 0.004927 0.003068 0.001107 0.000001 0.000001 0.000001 0.000001 0.000001 0.000001 0.000001 0.000001 0.000001 0.000001 0.000001 0.000001
0.037698 0.038653 0.038880 0.038839 0.038645 0.038335 0.037922 0.037414 0.036812 0.036118 0.035330 0.034446 0.033465 0.032420 0.031385 0.030361 0.029344 0.028329 0.027313 0.026291 0.025260 0.024214 0.023151 0.022064 0.020951 0.019806 0.018624 0.017402 0.016133 0.014814 0.013439 0.012002 0.010499 0.008923 0.007270 0.005532 0.003704 0.001778 0.000001 0.000001 0.000001 0.000001 0.000001 0.000001 0.000001 0.000001 0.000001 0.000001 0.000001 0.000001
0.040247 0.039515 0.039391 0.039273 0.039056 0.038733 0.038310 0.037791 0.037181 0.036479 0.035686 0.034800 0.033818 0.032767 0.031728 0.030702 0.029685 0.028673 0.027662 0.026647 0.025624 0.024589 0.023537 0.022464 0.021366 0.020238 0.019074 0.017872 0.016625 0.015330 0.013980 0.012571 0.011098 0.009554 0.007935 0.006235 0.004447 0.002564 0.000583 0.000001 0.000001 0.000001 0.000001 0.000001 0.000001 0.000001 0.000001 0.000001 0.000001 0.000001
0.038679 0.039949 0.040072 0.039887 0.039576 0.039179 0.038704 0.038150 0.037516 0.036799 0.035996 0.035105 0.034122 0.033068 0.032026 0.031001 0.029988 0.028982 0.027979 0.026975 0.025965 0.024944 0.023909 0.022855 0.021776 0.020670 0.019531 0.018354 0.017136 0.015870 0.014553 0.013180 0.011744 0.010241 0.008666 0.007013 0.005275 0.003446 0.001519 0.000001 0.000001 0.000001 0.000001 0.000001 0.000001 0.000001 0.000001 0.000001 0.000001 0.000001
0.043695 0.041659 0.040859 0.040354 0.039903 0.039432 0.038914 0.038334 0.037686 0.036962 0.036159 0.035272 0.034298 0.033250 0.032215 0.031199 0.030197 0.029206 0.028219 0.027232 0.026241 0.025242 0.024230 0.023201 0.022150 0.021072 0.019965 0.018822 0.017639 0.016413 0.015138 0.013809 0.012421 0.010970 0.009450 0.007856 0.006181 0.004420 0.002566 0.000636 0.000001 0.000001 0.000001 0.000001 0.000001 0.000001 0.000001 0.000001 0.000001 0.000001
0.039898 0.040561 0.040434 0.040119 0.039733 0.039291 0.038792 0.038229 0.037598 0.036893 0.036110 0.035245 0.034293 0.033267 0.032253 0.031259 0.030281 0.029313 0.028352 0.027392 0.026430 0.025461 0.024481 0.023485 0.022470 0.021431 0.020364 0.019265 0.018129 0.016952 0.015730 0.014458 0.013131 0.011745 0.010295 0.008774 0.007178 0.005501 0.003736 0.001877 0.000080 0.000001 0.000001 0.000001 0.000001 0.000001 0.000001 0.000001 0.000001 0.000001
0.039916 0.039689 0.039594 0.039410 0.039132 0.038773 0.038340 0.037832 0.037248 0.036586 0.035843 0.035016 0.034103 0.033114 0.032136 0.031177 0.030235 0.029303 0.028378 0.027455 0.026532 0.025602 0.024664 0.023712 0.022744 0.021754 0.020739 0.019696 0.018619 0.017506 0.016351 0.015151 0.013901 0.012596 0.011232 0.009802 0.008302 0.006726 0.005069 0.003323 0.001495 0.000001 0.000001 0.000001 0.000001 0.000001 0.000001 0.000001 0.000001 0.000001
0.038619 0.038752 0.038675 0.038534 0.038326 0.038042 0.037678 0.037234 0.036709 0.036101 0.035410 0.034632 0.033767 0.032826 0.031896 0.030984 0.030086 0.029200 0.028322 0.027447 0.026572 0.025693 0.024808 0.023912 0.023003 0.022076 0.021127 0.020155 0.019154 0.018120 0.017051 0.015941 0.014785 0.013580 0.012321 0.011001 0.009617 0.008162 0.006631 0.005017 0.003315 0.001558 0.000075 0.000001 0.000001 0.000001 0.000001 0.000001 0.000001 0.000001
0.038191 0.037784 0.037707 0.037628 0.037483 0.037258 0.036951 0.036562 0.036089 0.035533 0.034893 0.034167 0.033353 0.032466 0.031590 0.030731 0.029887 0.029056 0.028233 0.027415 0.026601 0.025785 0.024966 0.024141 0.023306 0.022459 0.021595 0.020712 0.019806 0.018873 0.017908 0.016909 0.015869 0.014784 0.013649 0.012459 0.011209 0.009894 0.008507 0.007043 0.005496 0.003864 0.002195 0.000745 0.000001 0.000001 0.000001 0.000001 0.000001 0.000001
0.035551 0.036526 0.036798 0.036825 0.036728 0.036538 0.036266 0.035914 0.035482 0.034969 0.034375 0.033698 0.032936 0.032105 0.031285 0.030486 0.029703 0.028935 0.028178 0.027431 0.026690 0.025954 0.025219 0.024483 0.023743 0.022996 0.022239 0.021469 0.020681 0.019870 0.019034 0.018166 0.017262 0.016316 0.015325 0.014283 0.013184 0.012023 0.010796 0.009497 0.008121 0.006661 0.005120 0.003539 0.002027 0.000810 0.000001 0.000001 0.000001 0.000001
0.036832 0.036436 0.036322 0.036238 0.036113 0.035925 0.035669 0.035342 0.034942 0.034467 0.033916 0.033288 0.032580 0.031808 0.031052 0.030320 0.029609 0.028917 0.028242 0.027582 0.026936 0.026300 0.025673 0.025052 0.024433 0.023814 0.023191 0.022559 0.021913 0.021249 0.020561 0.019844 0.019094 0.018304 0.017470 0.016587 0.015652 0.014658 0.013601 0.012477 0.011280 0.010007 0.008651 0.007216 0.005723 0.004237 0.002812 0.001630 0.000633 0.000001
0.036091 0.035829 0.035756 0.035682 0.035563 0.035389 0.035154 0.034855 0.034490 0.034058 0.033557 0.032985 0.032342 0.031642 0.030963 0.030314 0.029694 0.029100 0.028532 0.027988 0.027465 0.026961 0.026474 0.026000 0.025535 0.025074 0.024612 0.024144 0.023663 0.023164 0.022640 0.022087 0.021500 0.020874 0.020205 0.019489 0.018722 0.017900 0.017019 0.016075 0.015064 0.013981 0.012823 0.011586 0.010270 0.008886 0.007458 0.006031 0.004651 0.003329
0.033827 0.034851 0.035092 0.035111 0.035038 0.034902 0.034707 0.034454 0.034141 0.033769 0.033336 0.032843 0.032288 0.031685 0.031110 0.030575 0.030079 0.029620 0.029197 0.028808 0.028449 0.028118 0.027811 0.027521 0.027243 0.026968 0.026691 0.026405 0.026101 0.025775 0.025420 0.025034 0.024612 0.024150 0.023647 0.023098 0.022500 0.021851 0.021146 0.020384 0.019560 0.018671 0.017713 0.016682 0.015574 0.014388 0.013127 0.011803 0.010435 0.009040
0.035810 0.034836 0.034638 0.034598 0.034558 0.034478 0.034347 0.034165 0.033932 0.033650 0.033321 0.032946 0.032524 0.032063 0.031637 0.031265 0.030944 0.030673 0.030448 0.030266 0.030122 0.030010 0.029922 0.029849 0.029782 0.029710 0.029627 0.029525 0.029396 0.029238 0.029049 0.028825 0.028564 0.028264 0.027923 0.027539 0.027109 0.026630 0.026101 0.025518 0.024880 0.024183 0.023422 0.022594 0.021695 0.020721 0.019671 0.018546 0.017350 0.016089
0.032950 0.033638 0.033935 0.034088 0.034159 0.034171 0.034136 0.034062 0.033955 0.033817 0.033651 0.033457 0.033235 0.032987 0.032780 0.032640 0.032563 0.032545 0.032582 0.032665 0.032784 0.032929 0.033086 0.033243 0.033389 0.033515 0.033617 0.033687 0.033725 0.033730 0.033701 0.033636 0.033535 0.033396 0.033216 0.032994 0.032728 0.032416 0.032057 0.031648 0.031188 0.030673 0.030098 0.029461 0.028759 0.027989 0.027150 0.026239 0.025254 0.024196
0.032331 0.033142 0.033559 0.033803 0.033967 0.034092 0.034201 0.034303 0.034402 0.034498 0.034589 0.034673 0.034746 0.034806 0.034905 0.035080 0.035326 0.035632 0.035989 0.036379 0.036788 0.037196 0.037593 0.037965 0.038305 0.038615 0.038896 0.039144 0.039357 0.039533 0.039673 0.039773 0.039834 0.039854 0.039831 0.039765 0.039654 0.039497 0.039292 0.039038 0.038734 0.038378 0.037968 0.037501 0.036975 0.036388 0.035739 0.035025 0.034241 0.033384
0.033766 0.033540 0.033630 0.033830 0.034096 0.034418 0.034790 0.035204 0.035650 0.036117 0.036598 0.037082 0.037565 0.038039 0.038538 0.039110 0.039744 0.040421 0.041120 0.041817 0.042495 0.043138 0.043749 0.044329 0.044873 0.045381 0.045851 0.046282 0.046673 0.047023 0.047330 0.047594 0.047814 0.047989 0.048118 0.048200 0.048234 0.048219 0.048155 0.048040 0.047873 0.047654 0.047382 0.047054 0.046669 0.046227 0.045725 0.045162 0.044537 0.043846
0.033355 0.033405 0.033660 0.034126 0.034773 0.035559 0.036444 0.037393 0.038381 0.039388 0.040400 0.041407 0.042401 0.043375 0.044344 0.045357 0.046394 0.047426 0.048423 0.049377 0.050293 0.051169 0.052001 0.052790 0.053535 0.054236 0.054890 0.055498 0.056059 0.056573 0.057038 0.057455 0.057822 0.058139 0.058405 0.058621 0.058785 0.058896 0.058955 0.058961 0.058913 0.058811 0.058653 0.058440 0.058169 0.057841 0.057455 0.057009 0.056502 0.055933
0.031855 0.032833 0.033929 0.035296 0.036855 0.038521 0.040233 0.041952 0.043655 0.045328 0.046962 0.048553 0.050098 0.051594 0.053032 0.054445 0.055804 0.057105 0.058354 0.059548 0.060688 0.061774 0.062806 0.063784 0.064708 0.065578 0.066394 0.067156 0.067864 0.068518 0.069118 0.069664 0.070155 0.070591 0.070972 0.071299 0.071570 0.071786 0.071945 0.072049 0.072096 0.072087 0.072020 0.071896 0.071714 0.071473 0.071174 0.070814 0.070395 0.069914
0.031855 0.033532 0.036322 0.039321 0.042270 0.045096 0.047785 0.050341 0.052771 0.055086 0.057296 0.059409 0.061434 0.063364 0.065149 0.066814 0.068407 0.069926 0.071374 0.072754 0.074068 0.075316 0.076500 0.077621 0.078679 0.079677 0.080613 0.081490 0.082307 0.083064 0.083763 0.084402 0.084984 0.085506 0.085971 0.086377 0.086725 0.087015 0.087246 0.087419 0.087533 0.087589 0.087586 0.087524 0.087402 0.087221 0.086980 0.086679 0.086318 0.085895
0.031296 0.038797 0.044558 0.049352 0.053521 0.057246 0.060633 0.063753 0.066654 0.069373 0.071934 0.074360 0.076666 0.078811 0.080763 0.082573 0.084295 0.085935 0.087494 0.088976 0.090385 0.091721 0.092988 0.094186 0.095317 0.096383 0.097384 0.098322 0.099196 0.100009 0.100759 0.101449 0.102078 0.102646 0.103154 0.103602 0.103990 0.104318 0.104587 0.104795 0.104944 0.105034 0.105063 0.105033 0.104943 0.104792 0.104581 0.104310 0.103977 0.103584
